# STATUS =
# OBJECT = DES15S1nog
# TELESCOPE = GTC
# INSTRUMENT = OSIRIS
# DATE-OBS = 2016-02-11
# MJD = 57429.00
# EXPTIME = 0
# AIRMASS =
# SLIT = 0
# DISPERSER =
# SOURCE =
# FILTER =
# RESOLUTION =
# FLUX_STANDARD = True
# EXTINCTION_CORRECTED = True
# PHOTOMETRY_CALIBRATED = True
# TELLURIC_CORRECTED = True
# FLUX_UNITS = Other
# WAVE_UNITS = Angstrom
# COMMENT =
    Wavelength       Flux
3000.000000 nan
3010.000000 nan
3020.000000 nan
3030.000000 nan
3040.000000 nan
3050.000000 nan
3060.000000 nan
3070.000000 nan
3080.000000 nan
3090.000000 nan
3100.000000 nan
3110.000000 nan
3120.000000 nan
3130.000000 nan
3140.000000 nan
3150.000000 nan
3160.000000 nan
3170.000000 nan
3180.000000 nan
3190.000000 nan
3200.000000 nan
3210.000000 nan
3220.000000 nan
3230.000000 nan
3240.000000 nan
3250.000000 nan
3260.000000 nan
3270.000000 nan
3280.000000 nan
3290.000000 nan
3300.000000 nan
3310.000000 9.988172e-01
3320.000000 8.679343e-01
3330.000000 8.736239e-01
3340.000000 1.045349e+00
3350.000000 1.107826e+00
3360.000000 1.112959e+00
3370.000000 1.113252e+00
3380.000000 1.103519e+00
3390.000000 1.087931e+00
3400.000000 1.004598e+00
3410.000000 8.882453e-01
3420.000000 1.049589e+00
3430.000000 1.102871e+00
3440.000000 1.162423e+00
3450.000000 1.216044e+00
3460.000000 1.339744e+00
3470.000000 1.467338e+00
3480.000000 1.545088e+00
3490.000000 1.403831e+00
3500.000000 1.224253e+00
3510.000000 1.066726e+00
3520.000000 1.050928e+00
3530.000000 1.229459e+00
3540.000000 1.304058e+00
3550.000000 1.286926e+00
3560.000000 1.141919e+00
3570.000000 1.013826e+00
3580.000000 9.136726e-01
3590.000000 9.636690e-01
3600.000000 1.108256e+00
3610.000000 1.016797e+00
3620.000000 8.213622e-01
3630.000000 8.352397e-01
3640.000000 9.697758e-01
3650.000000 1.177749e+00
3660.000000 1.236805e+00
3670.000000 1.209896e+00
3680.000000 1.110174e+00
3690.000000 1.003667e+00
3700.000000 1.026630e+00
3710.000000 1.062296e+00
3720.000000 1.211498e+00
3730.000000 1.253537e+00
3740.000000 1.339455e+00
3750.000000 1.073400e+00
3760.000000 9.727405e-01
3770.000000 1.121152e+00
3780.000000 1.309004e+00
3790.000000 1.364352e+00
3800.000000 1.191735e+00
3810.000000 1.207762e+00
3820.000000 1.308222e+00
3830.000000 1.328560e+00
3840.000000 1.247632e+00
3850.000000 1.214133e+00
3860.000000 1.268776e+00
3870.000000 1.298825e+00
3880.000000 1.369478e+00
3890.000000 1.395964e+00
3900.000000 1.386261e+00
3910.000000 1.401244e+00
3920.000000 1.286806e+00
3930.000000 1.147806e+00
3940.000000 1.082352e+00
3950.000000 1.049226e+00
3960.000000 1.147084e+00
3970.000000 1.228774e+00
3980.000000 1.226554e+00
3990.000000 1.246306e+00
4000.000000 1.239495e+00
4010.000000 1.197726e+00
4020.000000 1.083025e+00
4030.000000 9.891319e-01
4040.000000 9.495293e-01
4050.000000 1.134096e+00
4060.000000 1.013126e+00
4070.000000 9.960192e-01
4080.000000 1.067063e+00
4090.000000 1.103760e+00
4100.000000 1.139939e+00
4110.000000 1.096774e+00
4120.000000 1.117995e+00
4130.000000 1.115403e+00
4140.000000 1.117901e+00
4150.000000 1.115668e+00
4160.000000 1.158287e+00
4170.000000 1.163443e+00
4180.000000 1.139940e+00
4190.000000 1.148620e+00
4200.000000 1.138237e+00
4210.000000 1.115554e+00
4220.000000 1.091652e+00
4230.000000 1.078167e+00
4240.000000 1.114171e+00
4250.000000 1.076021e+00
4260.000000 1.177932e+00
4270.000000 1.187915e+00
4280.000000 1.207175e+00
4290.000000 1.157985e+00
4300.000000 1.093905e+00
4310.000000 1.075226e+00
4320.000000 1.047485e+00
4330.000000 1.021919e+00
4340.000000 1.020642e+00
4350.000000 1.013177e+00
4360.000000 9.680979e-01
4370.000000 8.733361e-01
4380.000000 8.429028e-01
4390.000000 9.135209e-01
4400.000000 9.579124e-01
4410.000000 9.792566e-01
4420.000000 9.881955e-01
4430.000000 1.060246e+00
4440.000000 1.006657e+00
4450.000000 1.033248e+00
4460.000000 1.015897e+00
4470.000000 1.023600e+00
4480.000000 1.050792e+00
4490.000000 1.060128e+00
4500.000000 1.049456e+00
4510.000000 1.105932e+00
4520.000000 1.161984e+00
4530.000000 1.180746e+00
4540.000000 1.132731e+00
4550.000000 1.045857e+00
4560.000000 1.033464e+00
4570.000000 1.089228e+00
4580.000000 1.055113e+00
4590.000000 1.000403e+00
4600.000000 9.343046e-01
4610.000000 9.870143e-01
4620.000000 1.024959e+00
4630.000000 9.922384e-01
4640.000000 1.043196e+00
4650.000000 1.085040e+00
4660.000000 9.818722e-01
4670.000000 1.015615e+00
4680.000000 1.012176e+00
4690.000000 9.233398e-01
4700.000000 8.784766e-01
4710.000000 8.953310e-01
4720.000000 9.672898e-01
4730.000000 1.013550e+00
4740.000000 9.533427e-01
4750.000000 9.056667e-01
4760.000000 8.215584e-01
4770.000000 8.183272e-01
4780.000000 8.148169e-01
4790.000000 8.912017e-01
4800.000000 9.080797e-01
4810.000000 9.255159e-01
4820.000000 9.468665e-01
4830.000000 9.129345e-01
4840.000000 8.259220e-01
4850.000000 8.234325e-01
4860.000000 8.300934e-01
4870.000000 6.924546e-01
4880.000000 6.935624e-01
4890.000000 6.715431e-01
4900.000000 7.138773e-01
4910.000000 7.677721e-01
4920.000000 8.121266e-01
4930.000000 8.466014e-01
4940.000000 8.418711e-01
4950.000000 8.259834e-01
4960.000000 7.851071e-01
4970.000000 7.447613e-01
4980.000000 6.952640e-01
4990.000000 6.466748e-01
5000.000000 6.375258e-01
5010.000000 6.252728e-01
5020.000000 6.373325e-01
5030.000000 6.634796e-01
5040.000000 7.165308e-01
5050.000000 7.486164e-01
5060.000000 7.660061e-01
5070.000000 8.003984e-01
5080.000000 8.057902e-01
5090.000000 8.151386e-01
5100.000000 8.347249e-01
5110.000000 8.608762e-01
5120.000000 8.041019e-01
5130.000000 7.541808e-01
5140.000000 8.070697e-01
5150.000000 8.741276e-01
5160.000000 8.187247e-01
5170.000000 7.004836e-01
5180.000000 6.184071e-01
5190.000000 6.664505e-01
5200.000000 7.538372e-01
5210.000000 7.834516e-01
5220.000000 8.304845e-01
5230.000000 8.392994e-01
5240.000000 8.547573e-01
5250.000000 8.612720e-01
5260.000000 7.683958e-01
5270.000000 7.767525e-01
5280.000000 8.187873e-01
5290.000000 7.859144e-01
5300.000000 8.192926e-01
5310.000000 8.327917e-01
5320.000000 1.105695e+00
5330.000000 1.175876e+00
5340.000000 1.086273e+00
5350.000000 9.530990e-01
5360.000000 8.972628e-01
5370.000000 9.589071e-01
5380.000000 8.108644e-01
5390.000000 6.703438e-01
5400.000000 6.363337e-01
5410.000000 7.038017e-01
5420.000000 8.186989e-01
5430.000000 7.882083e-01
5440.000000 8.505149e-01
5450.000000 8.280794e-01
5460.000000 7.766674e-01
5470.000000 7.584756e-01
5480.000000 6.542407e-01
5490.000000 7.001113e-01
5500.000000 nan
5510.000000 nan
5520.000000 nan
5530.000000 nan
5540.000000 nan
5550.000000 nan
5560.000000 nan
5570.000000 nan
5580.000000 nan
5590.000000 nan
5600.000000 nan
5610.000000 nan
5620.000000 nan
5630.000000 nan
5640.000000 nan
5650.000000 nan
5660.000000 nan
5670.000000 nan
5680.000000 nan
5690.000000 nan
5700.000000 nan
5710.000000 nan
5720.000000 nan
5730.000000 nan
5740.000000 nan
5750.000000 nan
5760.000000 nan
5770.000000 nan
5780.000000 nan
5790.000000 nan
5800.000000 nan
5810.000000 nan
5820.000000 nan
5830.000000 nan
5840.000000 nan
5850.000000 nan
5860.000000 nan
5870.000000 nan
5880.000000 nan
5890.000000 nan
5900.000000 nan
5910.000000 nan
5920.000000 nan
5930.000000 nan
5940.000000 nan
5950.000000 nan
5960.000000 nan
5970.000000 nan
5980.000000 nan
5990.000000 nan
6000.000000 nan
6010.000000 nan
6020.000000 nan
6030.000000 nan
6040.000000 nan
6050.000000 nan
6060.000000 nan
6070.000000 nan
6080.000000 nan
6090.000000 nan
6100.000000 nan
6110.000000 nan
6120.000000 nan
6130.000000 nan
6140.000000 nan
6150.000000 nan
6160.000000 nan
6170.000000 nan
6180.000000 nan
6190.000000 nan
6200.000000 nan
6210.000000 nan
6220.000000 nan
6230.000000 nan
6240.000000 nan
6250.000000 nan
6260.000000 nan
6270.000000 nan
6280.000000 nan
6290.000000 nan
6300.000000 nan
6310.000000 nan
6320.000000 nan
6330.000000 nan
6340.000000 nan
6350.000000 nan
6360.000000 nan
6370.000000 nan
6380.000000 nan
6390.000000 nan
6400.000000 nan
6410.000000 nan
6420.000000 nan
6430.000000 nan
6440.000000 nan
6450.000000 nan
6460.000000 nan
6470.000000 nan
6480.000000 nan
6490.000000 nan
6500.000000 nan
6510.000000 nan
6520.000000 nan
6530.000000 nan
6540.000000 nan
6550.000000 nan
6560.000000 nan
6570.000000 nan
6580.000000 nan
6590.000000 nan
6600.000000 nan
6610.000000 nan
6620.000000 nan
6630.000000 nan
6640.000000 nan
6650.000000 nan
6660.000000 nan
6670.000000 nan
6680.000000 nan
6690.000000 nan
6700.000000 nan
6710.000000 nan
6720.000000 nan
6730.000000 nan
6740.000000 nan
6750.000000 nan
6760.000000 nan
6770.000000 nan
6780.000000 nan
6790.000000 nan
6800.000000 nan
6810.000000 nan
6820.000000 nan
6830.000000 nan
6840.000000 nan
6850.000000 nan
6860.000000 nan
6870.000000 nan
6880.000000 nan
6890.000000 nan
6900.000000 nan
6910.000000 nan
6920.000000 nan
6930.000000 nan
6940.000000 nan
6950.000000 nan
6960.000000 nan
6970.000000 nan
6980.000000 nan
6990.000000 nan
7000.000000 nan
7010.000000 nan
7020.000000 nan
7030.000000 nan
7040.000000 nan
7050.000000 nan
7060.000000 nan
7070.000000 nan
7080.000000 nan
7090.000000 nan
7100.000000 nan
7110.000000 nan
7120.000000 nan
7130.000000 nan
7140.000000 nan
7150.000000 nan
7160.000000 nan
7170.000000 nan
7180.000000 nan
7190.000000 nan
7200.000000 nan
7210.000000 nan
7220.000000 nan
7230.000000 nan
7240.000000 nan
7250.000000 nan
7260.000000 nan
7270.000000 nan
7280.000000 nan
7290.000000 nan
7300.000000 nan
7310.000000 nan
7320.000000 nan
7330.000000 nan
7340.000000 nan
7350.000000 nan
7360.000000 nan
7370.000000 nan
7380.000000 nan
7390.000000 nan
7400.000000 nan
7410.000000 nan
7420.000000 nan
7430.000000 nan
7440.000000 nan
7450.000000 nan
7460.000000 nan
7470.000000 nan
7480.000000 nan
7490.000000 nan
7500.000000 nan
7510.000000 nan
7520.000000 nan
7530.000000 nan
7540.000000 nan
7550.000000 nan
7560.000000 nan
7570.000000 nan
7580.000000 nan
7590.000000 nan
7600.000000 nan
7610.000000 nan
7620.000000 nan
7630.000000 nan
7640.000000 nan
7650.000000 nan
7660.000000 nan
7670.000000 nan
7680.000000 nan
7690.000000 nan
7700.000000 nan
7710.000000 nan
7720.000000 nan
7730.000000 nan
7740.000000 nan
7750.000000 nan
7760.000000 nan
7770.000000 nan
7780.000000 nan
7790.000000 nan
7800.000000 nan
7810.000000 nan
7820.000000 nan
7830.000000 nan
7840.000000 nan
7850.000000 nan
7860.000000 nan
7870.000000 nan
7880.000000 nan
7890.000000 nan
7900.000000 nan
7910.000000 nan
7920.000000 nan
7930.000000 nan
7940.000000 nan
7950.000000 nan
7960.000000 nan
7970.000000 nan
7980.000000 nan
7990.000000 nan
8000.000000 nan
8010.000000 nan
8020.000000 nan
8030.000000 nan
8040.000000 nan
8050.000000 nan
8060.000000 nan
8070.000000 nan
8080.000000 nan
8090.000000 nan
8100.000000 nan
8110.000000 nan
8120.000000 nan
8130.000000 nan
8140.000000 nan
8150.000000 nan
8160.000000 nan
8170.000000 nan
8180.000000 nan
8190.000000 nan
8200.000000 nan
8210.000000 nan
8220.000000 nan
8230.000000 nan
8240.000000 nan
8250.000000 nan
8260.000000 nan
8270.000000 nan
8280.000000 nan
8290.000000 nan
8300.000000 nan
8310.000000 nan
8320.000000 nan
8330.000000 nan
8340.000000 nan
8350.000000 nan
8360.000000 nan
8370.000000 nan
8380.000000 nan
8390.000000 nan
8400.000000 nan
8410.000000 nan
8420.000000 nan
8430.000000 nan
8440.000000 nan
8450.000000 nan
8460.000000 nan
8470.000000 nan
8480.000000 nan
8490.000000 nan
8500.000000 nan
8510.000000 nan
8520.000000 nan
8530.000000 nan
8540.000000 nan
8550.000000 nan
8560.000000 nan
8570.000000 nan
8580.000000 nan
8590.000000 nan
8600.000000 nan
8610.000000 nan
8620.000000 nan
8630.000000 nan
8640.000000 nan
8650.000000 nan
8660.000000 nan
8670.000000 nan
8680.000000 nan
8690.000000 nan
8700.000000 nan
8710.000000 nan
8720.000000 nan
8730.000000 nan
8740.000000 nan
8750.000000 nan
8760.000000 nan
8770.000000 nan
8780.000000 nan
8790.000000 nan
8800.000000 nan
8810.000000 nan
8820.000000 nan
8830.000000 nan
8840.000000 nan
8850.000000 nan
8860.000000 nan
8870.000000 nan
8880.000000 nan
8890.000000 nan
8900.000000 nan
8910.000000 nan
8920.000000 nan
8930.000000 nan
8940.000000 nan
8950.000000 nan
8960.000000 nan
8970.000000 nan
8980.000000 nan
8990.000000 nan
