# STATUS =
# OBJECT = 2015bn
# TELESCOPE = ESO-NTT
# INSTRUMENT = EFOSC2-NTT
# DATE-OBS = 2015-03-18 00:00:00.00
# MJD = 57099.0
# EXPTIME = 1800
# AIRMASS = --
# SLIT = 0.0
# DISPERSER = --
# SOURCE = 2016ApJ...826...39N
# FILTER =
# RESOLUTION =
# FLUX_STANDARD =
# EXTINCTION_CORRECTED = --
# PHOTOMETRY_CALIBRATED =
# TELLURIC_CORRECTED =
# FLUX_UNITS = Other
# WAVE_UNITS = Angstrom
# QUALITY = High
# MIN_WAVE = 3343.0302734375
# MAX_WAVE = 9984.4423828125
# COMMENT = [Data obtained from:Nicholl, M.] [Prev. spec info - createdby: ilanm-UploadSet; modifiedby: ilanm-UploadSet]
       Wavelength          Flux 
  3347.1072606133  1.493702e-15 
  3351.1842477891  1.458201e-15 
  3355.2612349649  1.494458e-15 
  3359.3382221407  1.529072e-15 
 3363.41520931649  1.534965e-15 
 3367.49219649229   1.52728e-15 
 3371.56918366809  1.627571e-15 
 3375.64617084389  1.666425e-15 
 3379.72315801969  1.678387e-15 
 3383.80014519548   1.83711e-15 
 3387.87713237128  1.679479e-15 
 3391.95411954708  1.614074e-15 
 3396.03110672288  1.606235e-15 
 3400.10809389868  1.682249e-15 
 3404.18508107447  1.650603e-15 
 3408.26206825027   1.63984e-15 
 3412.33905542607  1.676206e-15 
 3416.41604260187  1.692211e-15 
 3420.49302977767  1.607972e-15 
 3424.57001695346  1.593393e-15 
 3428.64700412926  1.630662e-15 
 3432.72399130506  1.562046e-15 
 3436.80097848086  1.649241e-15 
 3440.87796565666  1.677901e-15 
 3444.95495283245  1.584344e-15 
 3449.03194000825   1.56674e-15 
 3453.10892718405  1.564774e-15 
 3457.18591435985  1.524134e-15 
 3461.26290153565  1.537406e-15 
 3465.33988871144  1.595229e-15 
 3469.41687588724  1.621745e-15 
 3473.49386306304  1.587187e-15 
 3477.57085023884  1.573741e-15 
 3481.64783741464   1.59747e-15 
 3485.72482459043  1.618862e-15 
 3489.80181176623  1.576739e-15 
 3493.87879894203  1.543776e-15 
 3497.95578611783  1.575276e-15 
 3502.03277329363  1.565331e-15 
 3506.10976046942  1.566685e-15 
 3510.18674764522  1.563721e-15 
 3514.26373482102  1.466954e-15 
 3518.34072199682  1.493974e-15 
 3522.41770917262  1.473824e-15 
 3526.49469634841  1.511625e-15 
 3530.57168352421  1.490785e-15 
 3534.64867070001  1.522829e-15 
 3538.72565787581  1.509167e-15 
 3542.80264505161  1.476852e-15 
  3546.8796322274  1.516898e-15 
  3550.9566194032  1.461473e-15 
   3555.033606579   1.46484e-15 
  3559.1105937548  1.441529e-15 
  3563.1875809306  1.430713e-15 
 3567.26456810639  1.417504e-15 
 3571.34155528219   1.44161e-15 
 3575.41854245799  1.472757e-15 
 3579.49552963379  1.463646e-15 
 3583.57251680959  1.450572e-15 
 3587.64950398538  1.394024e-15 
 3591.72649116118  1.452819e-15 
 3595.80347833698   1.47607e-15 
 3599.88046551278  1.405836e-15 
 3603.95745268858  1.452757e-15 
 3608.03443986437  1.450423e-15 
 3612.11142704017  1.467677e-15 
 3616.18841421597  1.474838e-15 
 3620.26540139177  1.464292e-15 
 3624.34238856757  1.473168e-15 
 3628.41937574336  1.462699e-15 
 3632.49636291916  1.461504e-15 
 3636.57335009496  1.461602e-15 
 3640.65033727076  1.463927e-15 
 3644.72732444656  1.465144e-15 
 3648.80431162235  1.439874e-15 
 3652.88129879815  1.495501e-15 
 3656.95828597395  1.480684e-15 
 3661.03527314975  1.466324e-15 
 3665.11226032555  1.454975e-15 
 3669.18924750134   1.45503e-15 
 3673.26623467714  1.449956e-15 
 3677.34322185294  1.495543e-15 
 3681.42020902874  1.466513e-15 
 3685.49719620454  1.444682e-15 
 3689.57418338033  1.480056e-15 
 3693.65117055613  1.477599e-15 
 3697.72815773193  1.484965e-15 
 3701.80514490773   1.49932e-15 
 3705.88213208353   1.51688e-15 
 3709.95911925932   1.50576e-15 
 3714.03610643512  1.500062e-15 
 3718.11309361092  1.491288e-15 
 3722.19008078672  1.526704e-15 
 3726.26706796252  1.539415e-15 
 3730.34405513831  1.541944e-15 
 3734.42104231411  1.532079e-15 
 3738.49802948991  1.539153e-15 
 3742.57501666571   1.53678e-15 
 3746.65200384151  1.509273e-15 
  3750.7289910173  1.488323e-15 
  3754.8059781931  1.508013e-15 
  3758.8829653689  1.467305e-15 
  3762.9599525447  1.476243e-15 
  3767.0369397205  1.468521e-15 
 3771.11392689629  1.466878e-15 
 3775.19091407209   1.46524e-15 
 3779.26790124789  1.469524e-15 
 3783.34488842369  1.443727e-15 
 3787.42187559949   1.46066e-15 
 3791.49886277528  1.439855e-15 
 3795.57584995108  1.400635e-15 
 3799.65283712688  1.371442e-15 
 3803.72982430268  1.357273e-15 
 3807.80681147848  1.355709e-15 
 3811.88379865427  1.367693e-15 
 3815.96078583007  1.291803e-15 
 3820.03777300587  1.303964e-15 
 3824.11476018167  1.344836e-15 
 3828.19174735747  1.378838e-15 
 3832.26873453326  1.360271e-15 
 3836.34572170906   1.37411e-15 
 3840.42270888486  1.368092e-15 
 3844.49969606066  1.398395e-15 
 3848.57668323646  1.428265e-15 
 3852.65367041225  1.438468e-15 
 3856.73065758805  1.457276e-15 
 3860.80764476385  1.471405e-15 
 3864.88463193965  1.436252e-15 
 3868.96161911545   1.47499e-15 
 3873.03860629124  1.469883e-15 
 3877.11559346704   1.46322e-15 
 3881.19258064284  1.470797e-15 
 3885.26956781864  1.442993e-15 
 3889.34655499444  1.408057e-15 
 3893.42354217023  1.393845e-15 
 3897.50052934603  1.372593e-15 
 3901.57751652183   1.38548e-15 
 3905.65450369763  1.386066e-15 
 3909.73149087343    1.3824e-15 
 3913.80847804922  1.368458e-15 
 3917.88546522502  1.346753e-15 
 3921.96245240082  1.334528e-15 
 3926.03943957662  1.345036e-15 
 3930.11642675242  1.374779e-15 
 3934.19341392821  1.365215e-15 
 3938.27040110401  1.351481e-15 
 3942.34738827981  1.380069e-15 
 3946.42437545561  1.405477e-15 
 3950.50136263141  1.455316e-15 
  3954.5783498072  1.488629e-15 
   3958.655336983  1.481894e-15 
  3962.7323241588  1.484242e-15 
  3966.8093113346  1.539079e-15 
  3970.8862985104  1.514953e-15 
 3974.96328568619  1.529627e-15 
 3979.04027286199   1.53986e-15 
 3983.11726003779   1.54375e-15 
 3987.19424721359  1.562054e-15 
 3991.27123438939   1.59737e-15 
 3995.34822156518  1.554429e-15 
 3999.42520874098  1.542566e-15 
 4003.50219591678  1.532785e-15 
 4007.57918309258  1.529318e-15 
 4011.65617026838  1.551548e-15 
 4015.73315744418  1.551681e-15 
 4019.81014461997  1.529045e-15 
 4023.88713179577  1.529726e-15 
 4027.96411897157  1.541932e-15 
 4032.04110614737  1.514324e-15 
 4036.11809332316  1.506986e-15 
 4040.19508049896  1.456245e-15 
 4044.27206767476  1.458472e-15 
 4048.34905485056  1.422999e-15 
 4052.42604202636  1.395993e-15 
 4056.50302920215  1.405507e-15 
 4060.58001637795  1.390757e-15 
 4064.65700355375  1.398137e-15 
 4068.73399072955  1.380174e-15 
 4072.81097790535  1.375059e-15 
 4076.88796508115  1.373897e-15 
 4080.96495225694  1.371405e-15 
 4085.04193943274  1.344178e-15 
 4089.11892660854  1.359531e-15 
 4093.19591378434  1.346404e-15 
 4097.27290096013  1.357358e-15 
 4101.34988813593  1.375717e-15 
 4105.42687531173  1.407465e-15 
 4109.50386248753  1.403947e-15 
 4113.58084966333  1.407446e-15 
 4117.65783683912  1.411138e-15 
 4121.73482401492  1.417172e-15 
 4125.81181119072  1.425863e-15 
 4129.88879836652   1.43991e-15 
 4133.96578554232  1.457117e-15 
 4138.04277271811  1.457511e-15 
 4142.11975989391   1.46149e-15 
 4146.19674706971  1.459964e-15 
 4150.27373424551  1.472275e-15 
 4154.35072142131  1.484043e-15 
  4158.4277085971  1.480051e-15 
  4162.5046957729   1.47898e-15 
  4166.5816829487  1.486063e-15 
  4170.6586701245  1.471274e-15 
  4174.7356573003  1.473344e-15 
 4178.81264447609   1.46017e-15 
 4182.88963165189  1.446721e-15 
 4186.96661882769  1.441458e-15 
 4191.04360600349  1.425864e-15 
 4195.12059317929  1.418982e-15 
 4199.19758035509  1.434774e-15 
 4203.27456753088  1.361699e-15 
 4207.35155470668   1.37297e-15 
 4211.42854188248  1.379654e-15 
 4215.50552905828  1.366796e-15 
 4219.58251623408  1.372639e-15 
 4223.65950340987   1.38107e-15 
 4227.73649058567  1.370806e-15 
 4231.81347776147  1.355044e-15 
 4235.89046493727  1.338983e-15 
 4239.96745211307  1.337151e-15 
 4244.04443928886  1.319188e-15 
 4248.12142646466  1.319031e-15 
 4252.19841364046  1.291034e-15 
 4256.27540081626  1.287586e-15 
 4260.35238799206  1.296564e-15 
 4264.42937516785   1.29953e-15 
 4268.50636234365  1.288772e-15 
 4272.58334951945  1.272675e-15 
 4276.66033669525   1.24368e-15 
 4280.73732387105  1.229055e-15 
 4284.81431104684  1.223828e-15 
 4288.89129822264  1.214998e-15 
 4292.96828539844  1.245885e-15 
 4297.04527257424  1.251047e-15 
 4301.12225975004  1.244158e-15 
 4305.19924692583  1.236486e-15 
 4309.27623410163  1.233475e-15 
 4313.35322127743  1.206596e-15 
 4317.43020845323  1.205698e-15 
 4321.50719562902  1.203702e-15 
 4325.58418280482   1.19951e-15 
 4329.66116998062  1.201412e-15 
 4333.73815715642  1.218331e-15 
 4337.81514433222  1.212271e-15 
 4341.89213150802  1.220685e-15 
 4345.96911868381  1.241706e-15 
 4350.04610585961  1.248403e-15 
 4354.12309303541  1.257269e-15 
 4358.20008021121  1.278317e-15 
   4362.277067387   1.28313e-15 
  4366.3540545628   1.30605e-15 
  4370.4310417386  1.342193e-15 
  4374.5080289144  1.339349e-15 
  4378.5850160902    1.3438e-15 
 4382.66200326599  1.358469e-15 
 4386.73899044179  1.342146e-15 
 4390.81597761759  1.370492e-15 
 4394.89296479339  1.370579e-15 
 4398.96995196919  1.378023e-15 
 4403.04693914498   1.38307e-15 
 4407.12392632078  1.381317e-15 
 4411.20091349658   1.38624e-15 
 4415.27790067238  1.369079e-15 
 4419.35488784818  1.357721e-15 
 4423.43187502397  1.335337e-15 
 4427.50886219977  1.321273e-15 
 4431.58584937557  1.300136e-15 
 4435.66283655137  1.280329e-15 
 4439.73982372717  1.258892e-15 
 4443.81681090296   1.25172e-15 
 4447.89379807876  1.219969e-15 
 4451.97078525456  1.195302e-15 
 4456.04777243036  1.193792e-15 
 4460.12475960616  1.212863e-15 
 4464.20174678195    1.1985e-15 
 4468.27873395775  1.184731e-15 
 4472.35572113355  1.193072e-15 
 4476.43270830935  1.180144e-15 
 4480.50969548515  1.166621e-15 
 4484.58668266095  1.132646e-15 
 4488.66366983674  1.172142e-15 
 4492.74065701254   1.17643e-15 
 4496.81764418834  1.159354e-15 
 4500.89463136414  1.161566e-15 
 4504.97161853994  1.160959e-15 
 4509.04860571573  1.162365e-15 
 4513.12559289153  1.182911e-15 
 4517.20258006733  1.202133e-15 
 4521.27956724313  1.204981e-15 
 4525.35655441893  1.186852e-15 
 4529.43354159472  1.201041e-15 
 4533.51052877052  1.209471e-15 
 4537.58751594632  1.209733e-15 
 4541.66450312212   1.20715e-15 
 4545.74149029792  1.220476e-15 
 4549.81847747371  1.227357e-15 
 4553.89546464951  1.221367e-15 
 4557.97245182531  1.201048e-15 
 4562.04943900111  1.211014e-15 
 4566.12642617691  1.241745e-15 
  4570.2034133527   1.20851e-15 
  4574.2804005285  1.234128e-15 
  4578.3573877043  1.222019e-15 
  4582.4343748801  1.226633e-15 
 4586.51136205589  1.208037e-15 
 4590.58834923169  1.222102e-15 
 4594.66533640749   1.21503e-15 
 4598.74232358329  1.217353e-15 
 4602.81931075909  1.227189e-15 
 4606.89629793488  1.200638e-15 
 4610.97328511068  1.207248e-15 
 4615.05027228648  1.207387e-15 
 4619.12725946228  1.202153e-15 
 4623.20424663808  1.199922e-15 
 4627.28123381388  1.205055e-15 
 4631.35822098967  1.166925e-15 
 4635.43520816547  1.147035e-15 
 4639.51219534127  1.149343e-15 
 4643.58918251707  1.154212e-15 
 4647.66616969287  1.153428e-15 
 4651.74315686866  1.120138e-15 
 4655.82014404446  1.120847e-15 
 4659.89713122026  1.135034e-15 
 4663.97411839606  1.129296e-15 
 4668.05110557186  1.116387e-15 
 4672.12809274765  1.093519e-15 
 4676.20507992345  1.069971e-15 
 4680.28206709925  1.064175e-15 
 4684.35905427505  1.058982e-15 
 4688.43604145085  1.061218e-15 
 4692.51302862664  1.042618e-15 
 4696.59001580244  1.010419e-15 
 4700.66700297824    9.8735e-16 
 4704.74399015404  9.761197e-16 
 4708.82097732983  9.630973e-16 
 4712.89796450563  9.546039e-16 
 4716.97495168143  9.388176e-16 
 4721.05193885723  9.238223e-16 
 4725.12892603303   9.13372e-16 
 4729.20591320883  9.030224e-16 
 4733.28290038462  8.981297e-16 
 4737.35988756042  8.960138e-16 
 4741.43687473622  8.895965e-16 
 4745.51386191202  8.875761e-16 
 4749.59084908782  8.812059e-16 
 4753.66783626361    8.8669e-16 
 4757.74482343941  8.996918e-16 
 4761.82181061521  9.174538e-16 
 4765.89879779101  9.278427e-16 
 4769.97578496681  9.141341e-16 
  4774.0527721426  9.206671e-16 
  4778.1297593184  9.334812e-16 
  4782.2067464942  9.277492e-16 
    4786.28373367  9.232952e-16 
  4790.3607208458  9.376607e-16 
 4794.43770802159  9.259275e-16 
 4798.51469519739  9.005307e-16 
 4802.59168237319  8.995276e-16 
 4806.66866954899  9.045082e-16 
 4810.74565672478  8.931126e-16 
 4814.82264390058  8.983706e-16 
 4818.89963107638  9.024956e-16 
 4822.97661825218  8.973218e-16 
 4827.05360542798  8.986887e-16 
 4831.13059260378  8.987555e-16 
 4835.20757977957  9.370754e-16 
 4839.28456695537  9.531716e-16 
 4843.36155413117  9.464887e-16 
 4847.43854130697  9.595762e-16 
 4851.51552848277  9.820517e-16 
 4855.59251565856  9.822445e-16 
 4859.66950283436  9.740663e-16 
 4863.74649001016  9.923892e-16 
 4867.82347718596  9.932322e-16 
 4871.90046436175  1.001366e-15 
 4875.97745153755  1.023066e-15 
 4880.05443871335  1.017679e-15 
 4884.13142588915  1.014296e-15 
 4888.20841306495   1.02409e-15 
 4892.28540024075  1.046034e-15 
 4896.36238741654  1.052941e-15 
 4900.43937459234  1.054223e-15 
 4904.51636176814  1.066072e-15 
 4908.59334894394  1.057545e-15 
 4912.67033611974  1.068948e-15 
 4916.74732329553   1.08509e-15 
 4920.82431047133  1.076964e-15 
 4924.90129764713  1.077793e-15 
 4928.97828482293  1.074683e-15 
 4933.05527199873  1.061199e-15 
 4937.13225917452  1.044217e-15 
 4941.20924635032  1.033008e-15 
 4945.28623352612  1.034357e-15 
 4949.36322070192  1.028507e-15 
 4953.44020787772  1.004896e-15 
 4957.51719505351  9.935928e-16 
 4961.59418222931  9.846926e-16 
 4965.67116940511  9.616275e-16 
 4969.74815658091  9.634515e-16 
 4973.82514375671  9.634128e-16 
  4977.9021309325  9.625399e-16 
  4981.9791181083  9.512421e-16 
  4986.0561052841  9.568011e-16 
  4990.1330924599  9.598429e-16 
  4994.2100796357  9.660317e-16 
 4998.28706681149  9.699903e-16 
 5002.36405398729  9.690221e-16 
 5006.44104116309  9.805207e-16 
 5010.51802833889     9.652e-16 
 5014.59501551469  9.624895e-16 
 5018.67200269049  9.830897e-16 
 5022.74898986628  9.795714e-16 
 5026.82597704208  9.665901e-16 
 5030.90296421788  9.577124e-16 
 5034.97995139368  9.470955e-16 
 5039.05693856948   9.57643e-16 
 5043.13392574527  9.418681e-16 
 5047.21091292107  9.280267e-16 
 5051.28790009687  9.209677e-16 
 5055.36488727267  9.121993e-16 
 5059.44187444846  9.147992e-16 
 5063.51886162426  9.025118e-16 
 5067.59584880006   8.85174e-16 
 5071.67283597586  9.042586e-16 
 5075.74982315166  9.026145e-16 
 5079.82681032745  9.308584e-16 
 5083.90379750325  9.187036e-16 
 5087.98078467905  9.017961e-16 
 5092.05777185485  9.231426e-16 
 5096.13475903065  9.224734e-16 
 5100.21174620645  9.187321e-16 
 5104.28873338224  9.256337e-16 
 5108.36572055804  9.400898e-16 
 5112.44270773384  9.499396e-16 
 5116.51969490964  9.640325e-16 
 5120.59668208543   9.71298e-16 
 5124.67366926123  9.630828e-16 
 5128.75065643703  9.574098e-16 
 5132.82764361283  9.637195e-16 
 5136.90463078863   9.72275e-16 
 5140.98161796442  9.814989e-16 
 5145.05860514022  9.818217e-16 
 5149.13559231602  9.834926e-16 
 5153.21257949182  9.912628e-16 
 5157.28956666762  9.822961e-16 
 5161.36655384342  9.846225e-16 
 5165.44354101921  9.923682e-16 
 5169.52052819501  9.932562e-16 
 5173.59751537081  1.006221e-15 
 5177.67450254661  9.988182e-16 
  5181.7514897224   1.00547e-15 
  5185.8284768982  1.019936e-15 
   5189.905464074  1.004124e-15 
  5193.9824512498  9.715951e-16 
  5198.0594384256  9.817487e-16 
 5202.13642560139  9.633577e-16 
 5206.21341277719  9.524106e-16 
 5210.29039995299  9.488419e-16 
 5214.36738712879  9.541075e-16 
 5218.44437430459  9.395561e-16 
 5222.52136148038  9.102798e-16 
 5226.59834865618  9.185071e-16 
 5230.67533583198  9.097624e-16 
 5234.75232300778  8.953002e-16 
 5238.82931018358  8.958934e-16 
 5242.90629735937  8.823772e-16 
 5246.98328453517   8.72505e-16 
 5251.06027171097  8.587283e-16 
 5255.13725888677   8.38042e-16 
 5259.21424606257   8.31645e-16 
 5263.29123323836  8.184268e-16 
 5267.36822041416  8.243221e-16 
 5271.44520758996  8.215637e-16 
 5275.52219476576  8.239239e-16 
 5279.59918194156  8.194026e-16 
 5283.67616911736  8.073425e-16 
 5287.75315629315  7.995197e-16 
 5291.83014346895  7.953178e-16 
 5295.90713064475  7.990807e-16 
 5299.98411782055  7.970775e-16 
 5304.06110499635  7.800053e-16 
 5308.13809217214  7.791665e-16 
 5312.21507934794  7.881688e-16 
 5316.29206652374  7.755984e-16 
 5320.36905369954  7.749985e-16 
 5324.44604087534  7.773635e-16 
 5328.52302805113  7.704224e-16 
 5332.60001522693  7.641524e-16 
 5336.67700240273  7.695862e-16 
 5340.75398957853  7.552733e-16 
 5344.83097675432  7.742142e-16 
 5348.90796393012  7.603872e-16 
 5352.98495110592  7.452976e-16 
 5357.06193828172  7.407512e-16 
 5361.13892545752  7.302112e-16 
 5365.21591263332  7.435676e-16 
 5369.29289980911  7.496912e-16 
 5373.36988698491  7.367551e-16 
 5377.44687416071   7.41715e-16 
 5381.52386133651  7.222435e-16 
  5385.6008485123   7.15017e-16 
  5389.6778356881  7.328849e-16 
  5393.7548228639  7.311744e-16 
  5397.8318100397  7.238181e-16 
  5401.9087972155  7.318638e-16 
 5405.98578439129  7.500452e-16 
 5410.06277156709  7.591788e-16 
 5414.13975874289  7.611122e-16 
 5418.21674591869  7.672799e-16 
 5422.29373309449  7.515549e-16 
 5426.37072027028  7.448285e-16 
 5430.44770744608  7.610597e-16 
 5434.52469462188  7.659201e-16 
 5438.60168179768  7.554199e-16 
 5442.67866897348  7.744487e-16 
 5446.75565614927  7.621947e-16 
 5450.83264332507  7.650672e-16 
 5454.90963050087  7.602797e-16 
 5458.98661767667   7.55098e-16 
 5463.06360485247  7.480578e-16 
 5467.14059202827  7.419082e-16 
 5471.21757920406  7.447903e-16 
 5475.29456637986  7.466847e-16 
 5479.37155355566  7.465762e-16 
 5483.44854073146  7.496306e-16 
 5487.52552790725  7.449863e-16 
 5491.60251508305   7.40775e-16 
 5495.67950225885  7.454736e-16 
 5499.75648943465  7.419488e-16 
 5503.83347661045  7.357463e-16 
 5507.91046378625  7.377655e-16 
 5511.98745096204  7.297195e-16 
 5516.06443813784  7.289849e-16 
 5520.14142531364  7.218341e-16 
 5524.21841248944  7.020484e-16 
 5528.29539966523  7.206736e-16 
 5532.37238684103  7.257314e-16 
 5536.44937401683   7.08925e-16 
 5540.52636119263  6.989561e-16 
 5544.60334836843  7.008497e-16 
 5548.68033554423  7.024626e-16 
 5552.75732272002  7.090955e-16 
 5556.83430989582  7.096508e-16 
 5560.91129707162  7.102901e-16 
 5564.98828424742  7.087312e-16 
 5569.06527142322  7.057889e-16 
 5573.14225859901  7.031117e-16 
 5577.21924577481  7.159347e-16 
 5581.29623295061  7.119023e-16 
 5585.37322012641  7.031611e-16 
 5589.45020730221  7.051416e-16 
   5593.527194478  7.000097e-16 
  5597.6041816538  7.069942e-16 
  5601.6811688296  7.140159e-16 
  5605.7581560054  7.007327e-16 
  5609.8351431812   7.01278e-16 
 5613.91213035699  7.006069e-16 
 5617.98911753279  7.223716e-16 
 5622.06610470859  7.315004e-16 
 5626.14309188439  7.253045e-16 
 5630.22007906018  7.286245e-16 
 5634.29706623598  7.243771e-16 
 5638.37405341178  7.201482e-16 
 5642.45104058758  7.135185e-16 
 5646.52802776338  7.246678e-16 
 5650.60501493918  7.274565e-16 
 5654.68200211497  7.179238e-16 
 5658.75898929077  7.286456e-16 
 5662.83597646657   7.40407e-16 
 5666.91296364237  7.442358e-16 
 5670.98995081816  7.542678e-16 
 5675.06693799396  7.437206e-16 
 5679.14392516976  7.433313e-16 
 5683.22091234556  7.548024e-16 
 5687.29789952136  7.653279e-16 
 5691.37488669715  7.656645e-16 
 5695.45187387295  7.598287e-16 
 5699.52886104875  7.642983e-16 
 5703.60584822455  7.705631e-16 
 5707.68283540035  7.659449e-16 
 5711.75982257615  7.661658e-16 
 5715.83680975194  7.701471e-16 
 5719.91379692774  7.536363e-16 
 5723.99078410354   7.65063e-16 
 5728.06777127934  7.741832e-16 
 5732.14475845514  7.718696e-16 
 5736.22174563093  7.663865e-16 
 5740.29873280673  7.626994e-16 
 5744.37571998253  7.644353e-16 
 5748.45270715833  7.569001e-16 
 5752.52969433413  7.663372e-16 
 5756.60668150992  7.607965e-16 
 5760.68366868572  7.501662e-16 
 5764.76065586152  7.523462e-16 
 5768.83764303732  7.506092e-16 
 5772.91463021312  7.447707e-16 
 5776.99161738891  7.505438e-16 
 5781.06860456471  7.551069e-16 
 5785.14559174051  7.425089e-16 
 5789.22257891631  7.443143e-16 
 5793.29956609211  7.403269e-16 
  5797.3765532679   7.42464e-16 
  5801.4535404437  7.411033e-16 
  5805.5305276195  7.416632e-16 
  5809.6075147953  7.473318e-16 
  5813.6845019711  7.401676e-16 
 5817.76148914689  7.253176e-16 
 5821.83847632269  7.277728e-16 
 5825.91546349849  7.381669e-16 
 5829.99245067429  7.311483e-16 
 5834.06943785008  7.342561e-16 
 5838.14642502588   7.28415e-16 
 5842.22341220168  7.145712e-16 
 5846.30039937748  7.150991e-16 
 5850.37738655328  7.086445e-16 
 5854.45437372908  7.175781e-16 
 5858.53136090487  7.194553e-16 
 5862.60834808067  7.130086e-16 
 5866.68533525647  7.003653e-16 
 5870.76232243227  6.919499e-16 
 5874.83930960807  6.820919e-16 
 5878.91629678386  6.802876e-16 
 5882.99328395966  6.776264e-16 
 5887.07027113546  6.547203e-16 
 5891.14725831126  6.449799e-16 
 5895.22424548706  6.495728e-16 
 5899.30123266285  6.468739e-16 
 5903.37821983865  6.455602e-16 
 5907.45520701445  6.396145e-16 
 5911.53219419025  6.368129e-16 
 5915.60918136605  6.481175e-16 
 5919.68616854184  6.392012e-16 
 5923.76315571764  6.345127e-16 
 5927.84014289344  6.357377e-16 
 5931.91713006924  6.420449e-16 
 5935.99411724503  6.394762e-16 
 5940.07110442083  6.228034e-16 
 5944.14809159663  6.154179e-16 
 5948.22507877243  6.198843e-16 
 5952.30206594823  6.149957e-16 
 5956.37905312403  6.069547e-16 
 5960.45604029982  6.170611e-16 
 5964.53302747562  6.204943e-16 
 5968.61001465142  6.108702e-16 
 5972.68700182722  6.122297e-16 
 5976.76398900301   6.15992e-16 
 5980.84097617881  6.311647e-16 
 5984.91796335461  6.016637e-16 
 5988.99495053041  6.068595e-16 
 5993.07193770621  5.852105e-16 
 5997.14892488201  6.140064e-16 
  6001.2259120578  5.967216e-16 
  6005.3028992336  6.035399e-16 
  6009.3798864094  6.022701e-16 
  6013.4568735852  5.988931e-16 
   6017.533860761  6.014399e-16 
 6021.61084793679  5.960499e-16 
 6025.68783511259  5.912467e-16 
 6029.76482228839  5.952116e-16 
 6033.84180946419  5.905029e-16 
 6037.91879663999   5.84756e-16 
 6041.99578381578  5.919399e-16 
 6046.07277099158  5.861596e-16 
 6050.14975816738  5.820967e-16 
 6054.22674534318  5.789407e-16 
 6058.30373251898  5.708468e-16 
 6062.38071969477  5.735641e-16 
 6066.45770687057  5.753131e-16 
 6070.53469404637  5.706202e-16 
 6074.61168122217  5.718413e-16 
 6078.68866839797  5.660934e-16 
 6082.76565557376  5.653171e-16 
 6086.84264274956  5.679295e-16 
 6090.91962992536   5.49562e-16 
 6094.99661710116  5.453467e-16 
 6099.07360427695  5.450187e-16 
 6103.15059145275  5.404347e-16 
 6107.22757862855  5.435249e-16 
 6111.30456580435  5.411781e-16 
 6115.38155298015  5.428034e-16 
 6119.45854015595  5.373083e-16 
 6123.53552733174  5.237657e-16 
 6127.61251450754  5.239364e-16 
 6131.68950168334  5.339568e-16 
 6135.76648885914  5.237693e-16 
 6139.84347603494  5.098784e-16 
 6143.92046321074  5.080593e-16 
 6147.99745038653  5.114357e-16 
 6152.07443756233  5.122875e-16 
 6156.15142473813  5.089713e-16 
 6160.22841191393  4.997106e-16 
 6164.30539908972  4.981143e-16 
 6168.38238626552  5.058853e-16 
 6172.45937344132  5.018644e-16 
 6176.53636061712  4.905555e-16 
 6180.61334779292  4.783773e-16 
 6184.69033496872  4.807069e-16 
 6188.76732214451   4.88739e-16 
 6192.84430932031  4.867897e-16 
 6196.92129649611  4.880092e-16 
 6200.99828367191  4.822191e-16 
  6205.0752708477  4.721311e-16 
  6209.1522580235  4.719671e-16 
  6213.2292451993  4.685558e-16 
  6217.3062323751  4.664966e-16 
  6221.3832195509  4.633121e-16 
 6225.46020672669  4.692144e-16 
 6229.53719390249  4.704487e-16 
 6233.61418107829  4.687799e-16 
 6237.69116825409  4.649027e-16 
 6241.76815542989   4.65919e-16 
 6245.84514260568  4.683024e-16 
 6249.92212978148  4.647197e-16 
 6253.99911695728  4.646307e-16 
 6258.07610413308  4.722185e-16 
 6262.15309130888  4.674213e-16 
 6266.23007848467  4.700361e-16 
 6270.30706566047  4.754487e-16 
 6274.38405283627  4.739525e-16 
 6278.46104001207  4.714814e-16 
 6282.53802718787  4.759275e-16 
 6286.61501436366  4.837907e-16 
 6290.69200153946  4.873193e-16 
 6294.76898871526  4.830834e-16 
 6298.84597589106  4.815362e-16 
 6302.92296306686   4.76538e-16 
 6306.99995024265  4.757317e-16 
 6311.07693741845  4.796408e-16 
 6315.15392459425  4.776609e-16 
 6319.23091177005  4.771237e-16 
 6323.30789894585  4.759446e-16 
 6327.38488612164  4.783757e-16 
 6331.46187329744  4.826614e-16 
 6335.53886047324  4.790629e-16 
 6339.61584764904  4.822794e-16 
 6343.69283482484  4.861705e-16 
 6347.76982200063  4.843669e-16 
 6351.84680917643  4.755261e-16 
 6355.92379635223  4.708003e-16 
 6360.00078352803  4.730506e-16 
 6364.07777070383  4.724859e-16 
 6368.15475787962  4.759708e-16 
 6372.23174505542  4.727921e-16 
 6376.30873223122  4.675589e-16 
 6380.38571940702  4.698862e-16 
 6384.46270658281   4.68112e-16 
 6388.53969375862  4.693872e-16 
 6392.61668093441  4.631767e-16 
 6396.69366811021   4.63035e-16 
 6400.77065528601  4.592251e-16 
 6404.84764246181  4.537204e-16 
 6408.92462963761  4.540018e-16 
  6413.0016168134  4.572997e-16 
  6417.0786039892  4.565762e-16 
   6421.155591165  4.514521e-16 
  6425.2325783408  4.549826e-16 
 6429.30956551659  4.538423e-16 
 6433.38655269239  4.363143e-16 
 6437.46353986819  4.429678e-16 
 6441.54052704399  4.434085e-16 
 6445.61751421979  4.472492e-16 
 6449.69450139558   4.43676e-16 
 6453.77148857138  4.395373e-16 
 6457.84847574718  4.384654e-16 
 6461.92546292298  4.343519e-16 
 6466.00245009878  4.394286e-16 
 6470.07943727457  4.378282e-16 
 6474.15642445037  4.311451e-16 
 6478.23341162617  4.363131e-16 
 6482.31039880197   4.25364e-16 
 6486.38738597777  4.291568e-16 
 6490.46437315356   4.29864e-16 
 6494.54136032936  4.321509e-16 
 6498.61834750516  4.379887e-16 
 6502.69533468096  4.342375e-16 
 6506.77232185676  4.344031e-16 
 6510.84930903255  4.289105e-16 
 6514.92629620835  4.292852e-16 
 6519.00328338415  4.318921e-16 
 6523.08027055995  4.366671e-16 
 6527.15725773575  4.389359e-16 
 6531.23424491155  4.337738e-16 
 6535.31123208734  4.256843e-16 
 6539.38821926314  4.253951e-16 
 6543.46520643894  4.291146e-16 
 6547.54219361474  4.282159e-16 
 6551.61918079054  4.262614e-16 
 6555.69616796633  4.250609e-16 
 6559.77315514213  4.274456e-16 
 6563.85014231793  4.260445e-16 
 6567.92712949373   4.25166e-16 
 6572.00411666953  4.233217e-16 
 6576.08110384532  4.208102e-16 
 6580.15809102112  4.214138e-16 
 6584.23507819692  4.220118e-16 
 6588.31206537272   4.18322e-16 
 6592.38905254851   4.20202e-16 
 6596.46603972431  4.212078e-16 
 6600.54302690011  4.132395e-16 
 6604.62001407591  4.118367e-16 
 6608.69700125171  4.189451e-16 
  6612.7739884275   4.13609e-16 
  6616.8509756033  4.076603e-16 
  6620.9279627791  4.029975e-16 
  6625.0049499549  4.075761e-16 
  6629.0819371307  4.034783e-16 
  6633.1589243065  3.954018e-16 
 6637.23591148229   3.98395e-16 
 6641.31289865809  3.992318e-16 
 6645.38988583389  3.948579e-16 
 6649.46687300968  4.001717e-16 
 6653.54386018548  4.058002e-16 
 6657.62084736128  3.976125e-16 
 6661.69783453708  3.982053e-16 
 6665.77482171288  3.999977e-16 
 6669.85180888868  4.016197e-16 
 6673.92879606448  3.960494e-16 
 6678.00578324027    3.9016e-16 
 6682.08277041607  3.960436e-16 
 6686.15975759187  4.044798e-16 
 6690.23674476767  3.990222e-16 
 6694.31373194346  3.907392e-16 
 6698.39071911926  3.977967e-16 
 6702.46770629506  3.971105e-16 
 6706.54469347086  3.932066e-16 
 6710.62168064666  3.932897e-16 
 6714.69866782246  3.880288e-16 
 6718.77565499825  3.951416e-16 
 6722.85264217405  3.965547e-16 
 6726.92962934985  3.966201e-16 
 6731.00661652565  3.946342e-16 
 6735.08360370144  3.948384e-16 
 6739.16059087724  3.918102e-16 
 6743.23757805304  3.903054e-16 
 6747.31456522884  3.955732e-16 
 6751.39155240464  3.891449e-16 
 6755.46853958043  3.974575e-16 
 6759.54552675623  3.871927e-16 
 6763.62251393203  3.823026e-16 
 6767.69950110783  3.832787e-16 
 6771.77648828363  3.844696e-16 
 6775.85347545942  3.831664e-16 
 6779.93046263522  3.875471e-16 
 6784.00744981102  3.875582e-16 
 6788.08443698682   3.76322e-16 
 6792.16142416262  3.774595e-16 
 6796.23841133841  3.786074e-16 
 6800.31539851421  3.739611e-16 
 6804.39238569001  3.734339e-16 
 6808.46937286581  3.748887e-16 
 6812.54636004161  3.788183e-16 
 6816.62334721741  3.755919e-16 
  6820.7003343932  3.719246e-16 
   6824.777321569  3.722059e-16 
  6828.8543087448  3.749155e-16 
  6832.9312959206  3.689714e-16 
  6837.0082830964  3.640528e-16 
 6841.08527027219  3.657225e-16 
 6845.16225744799  3.635402e-16 
 6849.23924462379  3.620741e-16 
 6853.31623179959  3.638625e-16 
 6857.39321897538  3.648965e-16 
 6861.47020615118  3.596845e-16 
 6865.54719332698  3.458391e-16 
 6869.62418050278  3.380303e-16 
 6873.70116767858  3.367538e-16 
 6877.77815485437  3.425803e-16 
 6881.85514203017  3.453139e-16 
 6885.93212920597  3.488711e-16 
 6890.00911638177  3.508855e-16 
 6894.08610355757  3.446743e-16 
 6898.16309073337  3.410695e-16 
 6902.24007790916  3.489056e-16 
 6906.31706508496  3.522843e-16 
 6910.39405226076  3.467384e-16 
 6914.47103943656  3.405247e-16 
 6918.54802661235  3.489992e-16 
 6922.62501378815  3.527747e-16 
 6926.70200096395  3.494305e-16 
 6930.77898813975  3.518903e-16 
 6934.85597531555  3.486054e-16 
 6938.93296249135  3.517215e-16 
 6943.00994966714  3.578653e-16 
 6947.08693684294  3.563763e-16 
 6951.16392401874  3.588128e-16 
 6955.24091119454  3.633805e-16 
 6959.31789837033  3.715633e-16 
 6963.39488554614  3.707091e-16 
 6967.47187272193   3.71735e-16 
 6971.54885989773  3.749023e-16 
 6975.62584707353  3.779151e-16 
 6979.70283424933  3.826354e-16 
 6983.77982142512  3.830948e-16 
 6987.85680860092  3.778681e-16 
 6991.93379577672  3.770083e-16 
 6996.01078295252  3.810138e-16 
 7000.08777012832  3.836462e-16 
 7004.16475730411  3.912513e-16 
 7008.24174447991  3.931639e-16 
 7012.31873165571   3.79449e-16 
 7016.39571883151  3.812491e-16 
 7020.47270600731   3.85537e-16 
  7024.5496931831  3.853038e-16 
  7028.6266803589  3.866098e-16 
  7032.7036675347  3.835899e-16 
  7036.7806547105   3.80524e-16 
 7040.85764188629  3.847397e-16 
 7044.93462906209  3.848992e-16 
 7049.01161623789   3.88157e-16 
 7053.08860341369  3.888783e-16 
 7057.16559058949  3.812656e-16 
 7061.24257776528  3.771488e-16 
 7065.31956494108  3.863841e-16 
 7069.39655211688   3.89449e-16 
 7073.47353929268  3.859383e-16 
 7077.55052646848  3.831949e-16 
 7081.62751364428  3.847381e-16 
 7085.70450082007  3.810044e-16 
 7089.78148799587  3.853692e-16 
 7093.85847517167  3.828923e-16 
 7097.93546234747  3.762454e-16 
 7102.01244952327  3.743749e-16 
 7106.08943669906  3.738691e-16 
 7110.16642387486   3.81274e-16 
 7114.24341105066  3.844744e-16 
 7118.32039822646  3.768611e-16 
 7122.39738540226   3.78147e-16 
 7126.47437257805  3.665833e-16 
 7130.55135975385  3.704774e-16 
 7134.62834692965  3.797954e-16 
 7138.70533410545  3.817575e-16 
 7142.78232128125  3.777556e-16 
 7146.85930845704   3.74143e-16 
 7150.93629563284  3.740481e-16 
 7155.01328280864  3.771293e-16 
 7159.09026998444  3.775469e-16 
 7163.16725716024  3.723818e-16 
 7167.24424433603  3.613611e-16 
 7171.32123151183  3.628552e-16 
 7175.39821868763  3.629905e-16 
 7179.47520586343   3.55308e-16 
 7183.55219303922  3.560834e-16 
 7187.62918021502  3.536511e-16 
 7191.70616739082  3.604708e-16 
 7195.78315456662  3.666222e-16 
 7199.86014174242  3.706989e-16 
 7203.93712891821  3.646625e-16 
 7208.01411609401   3.60956e-16 
 7212.09110326981  3.681891e-16 
 7216.16809044561  3.790091e-16 
 7220.24507762141  3.840022e-16 
  7224.3220647972  3.711787e-16 
 7228.39905197301  3.622726e-16 
  7232.4760391488  3.508608e-16 
  7236.5530263246  3.496208e-16 
  7240.6300135004  3.541877e-16 
  7244.7070006762  3.586359e-16 
 7248.78398785199  3.567072e-16 
 7252.86097502779  3.550332e-16 
 7256.93796220359  3.546301e-16 
 7261.01494937939   3.58684e-16 
 7265.09193655519   3.57785e-16 
 7269.16892373098  3.484091e-16 
 7273.24591090678  3.446048e-16 
 7277.32289808258  3.496623e-16 
 7281.39988525838  3.549942e-16 
 7285.47687243418  3.550825e-16 
 7289.55385960997  3.536041e-16 
 7293.63084678577   3.50085e-16 
 7297.70783396157   3.54695e-16 
 7301.78482113737  3.671646e-16 
 7305.86180831317  3.598243e-16 
 7309.93879548896   3.52329e-16 
 7314.01578266476  3.507025e-16 
 7318.09276984056   3.53616e-16 
 7322.16975701636  3.600358e-16 
 7326.24674419215   3.52349e-16 
 7330.32373136795  3.437649e-16 
 7334.40071854375  3.509525e-16 
 7338.47770571955  3.527852e-16 
 7342.55469289535  3.531148e-16 
 7346.63168007114  3.496968e-16 
 7350.70866724694  3.428281e-16 
 7354.78565442274  3.418268e-16 
 7358.86264159854  3.487711e-16 
 7362.93962877434  3.461383e-16 
 7367.01661595014  3.417259e-16 
 7371.09360312593  3.434146e-16 
 7375.17059030173  3.488977e-16 
 7379.24757747753  3.512038e-16 
 7383.32456465333   3.43581e-16 
 7387.40155182913  3.342098e-16 
 7391.47853900492  3.394536e-16 
 7395.55552618072  3.483185e-16 
 7399.63251335652  3.432011e-16 
 7403.70950053232  3.395525e-16 
 7407.78648770812  3.295721e-16 
 7411.86347488391  3.285623e-16 
 7415.94046205971  3.316972e-16 
 7420.01744923551  3.283306e-16 
 7424.09443641131  3.301546e-16 
 7428.17142358711  3.354762e-16 
  7432.2484107629   3.29783e-16 
  7436.3253979387  3.232195e-16 
  7440.4023851145   3.30469e-16 
  7444.4793722903  3.211007e-16 
 7448.55635946609  3.169814e-16 
 7452.63334664189  3.215414e-16 
 7456.71033381769  3.238126e-16 
 7460.78732099349  3.155145e-16 
 7464.86430816929  3.113196e-16 
 7468.94129534508  3.074215e-16 
 7473.01828252088  3.047269e-16 
 7477.09526969668  3.054739e-16 
 7481.17225687248  3.055893e-16 
 7485.24924404828  3.085915e-16 
 7489.32623122408   3.11046e-16 
 7493.40321839988  3.031846e-16 
 7497.48020557567  2.980247e-16 
 7501.55719275147  2.949992e-16 
 7505.63417992727  2.967319e-16 
 7509.71116710307  2.979007e-16 
 7513.78815427886  2.969114e-16 
 7517.86514145466  3.017151e-16 
 7521.94212863046  3.066253e-16 
 7526.01911580626   3.01771e-16 
 7530.09610298206  2.987349e-16 
 7534.17309015785  2.962917e-16 
 7538.25007733365  2.991771e-16 
 7542.32706450945  3.018229e-16 
 7546.40405168525   3.03147e-16 
 7550.48103886105  2.992766e-16 
 7554.55802603684  3.022038e-16 
 7558.63501321264  2.977348e-16 
 7562.71200038844  2.910044e-16 
 7566.78898756424  2.829112e-16 
 7570.86597474004  2.824852e-16 
 7574.94296191583  2.849122e-16 
 7579.01994909163  2.919877e-16 
 7583.09693626743  3.022897e-16 
 7587.17392344323  3.014965e-16 
 7591.25091061902  2.864983e-16 
 7595.32789779482  2.810945e-16 
 7599.40488497062  2.900846e-16 
 7603.48187214642  2.837996e-16 
 7607.55885932222  2.772075e-16 
 7611.63584649802  2.860649e-16 
 7615.71283367381  2.786029e-16 
 7619.78982084961  2.821799e-16 
 7623.86680802541   2.75257e-16 
 7627.94379520121  2.747967e-16 
 7632.02078237701   2.78776e-16 
  7636.0977695528   2.73482e-16 
  7640.1747567286  2.804881e-16 
  7644.2517439044  2.769972e-16 
  7648.3287310802   2.71169e-16 
   7652.405718256  2.716832e-16 
 7656.48270543179  2.756687e-16 
 7660.55969260759  2.803348e-16 
 7664.63667978339  2.772088e-16 
 7668.71366695919  2.735772e-16 
 7672.79065413499  2.692857e-16 
 7676.86764131078  2.724865e-16 
 7680.94462848658   2.66704e-16 
 7685.02161566238  2.693161e-16 
 7689.09860283818  2.720536e-16 
 7693.17559001398  2.717768e-16 
 7697.25257718977  2.748292e-16 
 7701.32956436557   2.71063e-16 
 7705.40655154137   2.74452e-16 
 7709.48353871717  2.710115e-16 
 7713.56052589297   2.54202e-16 
 7717.63751306876  2.569856e-16 
 7721.71450024456  2.688372e-16 
 7725.79148742036  2.662238e-16 
 7729.86847459616  2.632757e-16 
 7733.94546177196  2.667843e-16 
 7738.02244894775  2.660508e-16 
 7742.09943612355  2.573234e-16 
 7746.17642329935  2.534069e-16 
 7750.25341047515  2.570691e-16 
 7754.33039765094  2.583857e-16 
 7758.40738482675  2.613475e-16 
 7762.48437200254  2.631992e-16 
 7766.56135917834  2.644087e-16 
 7770.63834635414  2.549097e-16 
 7774.71533352994  2.565648e-16 
 7778.79232070573  2.560619e-16 
 7782.86930788153  2.578182e-16 
 7786.94629505733  2.562023e-16 
 7791.02328223313  2.634153e-16 
 7795.10026940893  2.652245e-16 
 7799.17725658472  2.654055e-16 
 7803.25424376052   2.62008e-16 
 7807.33123093632  2.533644e-16 
 7811.40821811212  2.608456e-16 
 7815.48520528792  2.570796e-16 
 7819.56219246372  2.471498e-16 
 7823.63917963951  2.518552e-16 
 7827.71616681531  2.527513e-16 
 7831.79315399111  2.573728e-16 
 7835.87014116691  2.606514e-16 
  7839.9471283427  2.605518e-16 
  7844.0241155185  2.526127e-16 
  7848.1011026943   2.52429e-16 
  7852.1780898701  2.597194e-16 
  7856.2550770459  2.633037e-16 
 7860.33206422169  2.605275e-16 
 7864.40905139749  2.552282e-16 
 7868.48603857329  2.603467e-16 
 7872.56302574909  2.586579e-16 
 7876.64001292489  2.513653e-16 
 7880.71700010068  2.572093e-16 
 7884.79398727648   2.58737e-16 
 7888.87097445228  2.604399e-16 
 7892.94796162808  2.581183e-16 
 7897.02494880388  2.589065e-16 
 7901.10193597967  2.587685e-16 
 7905.17892315547  2.596428e-16 
 7909.25591033127  2.625727e-16 
 7913.33289750707  2.658273e-16 
 7917.40988468287  2.670374e-16 
 7921.48687185866  2.772981e-16 
 7925.56385903446   2.66064e-16 
 7929.64084621026  2.602494e-16 
 7933.71783338606  2.615913e-16 
 7937.79482056186  2.618435e-16 
 7941.87180773766  2.712541e-16 
 7945.94879491345  2.694158e-16 
 7950.02578208925  2.702234e-16 
 7954.10276926505  2.605296e-16 
 7958.17975644085  2.682643e-16 
 7962.25674361665  2.752852e-16 
 7966.33373079244  2.687951e-16 
 7970.41071796824  2.705569e-16 
 7974.48770514404  2.752953e-16 
 7978.56469231984  2.838057e-16 
 7982.64167949563  2.850892e-16 
 7986.71866667143  2.765268e-16 
 7990.79565384723  2.768099e-16 
 7994.87264102303  2.817101e-16 
 7998.94962819883   2.82531e-16 
 8003.02661537462  2.825519e-16 
 8007.10360255042  2.851139e-16 
 8011.18058972622  2.884696e-16 
 8015.25757690202  2.862016e-16 
 8019.33456407781  2.815441e-16 
 8023.41155125361  2.834593e-16 
 8027.48853842941  2.831067e-16 
 8031.56552560521  2.777317e-16 
 8035.64251278101  2.769421e-16 
 8039.71949995681  2.842151e-16 
 8043.79648713261  2.869549e-16 
  8047.8734743084  2.802157e-16 
  8051.9504614842  2.843442e-16 
    8056.02744866  2.811766e-16 
  8060.1044358358  2.811204e-16 
 8064.18142301159  2.885422e-16 
 8068.25841018739  2.848464e-16 
 8072.33539736319  2.819123e-16 
 8076.41238453899  2.801171e-16 
 8080.48937171479  2.778369e-16 
 8084.56635889059  2.780537e-16 
 8088.64334606638  2.786106e-16 
 8092.72033324218  2.806334e-16 
 8096.79732041798  2.787807e-16 
 8100.87430759378  2.733471e-16 
 8104.95129476957  2.716341e-16 
 8109.02828194537  2.757147e-16 
 8113.10526912117  2.745019e-16 
 8117.18225629697  2.712458e-16 
 8121.25924347277  2.726371e-16 
 8125.33623064856  2.670431e-16 
 8129.41321782436  2.588581e-16 
 8133.49020500016  2.571493e-16 
 8137.56719217596  2.566881e-16 
 8141.64417935175  2.537954e-16 
 8145.72116652755  2.487925e-16 
 8149.79815370335  2.541189e-16 
 8153.87514087915  2.597655e-16 
 8157.95212805495  2.581701e-16 
 8162.02911523075  2.593327e-16 
 8166.10610240654  2.528791e-16 
 8170.18308958234  2.515174e-16 
 8174.26007675814  2.469946e-16 
 8178.33706393394  2.445244e-16 
 8182.41405110974  2.524524e-16 
 8186.49103828554  2.563233e-16 
 8190.56802546133  2.502536e-16 
 8194.64501263713   2.50248e-16 
 8198.72199981293  2.495043e-16 
 8202.79898698873  2.531491e-16 
 8206.87597416453  2.472409e-16 
 8210.95296134032  2.494985e-16 
 8215.02994851612  2.398252e-16 
 8219.10693569192  2.326298e-16 
 8223.18392286772  2.292292e-16 
 8227.26091004352  2.211603e-16 
 8231.33789721931  2.321299e-16 
 8235.41488439511  2.491029e-16 
 8239.49187157091  2.514247e-16 
 8243.56885874671  2.387249e-16 
  8247.6458459225  2.300186e-16 
  8251.7228330983  2.308119e-16 
  8255.7998202741  2.287703e-16 
  8259.8768074499  2.221326e-16 
  8263.9537946257  2.216322e-16 
 8268.03078180149  2.284284e-16 
 8272.10776897729   2.17615e-16 
 8276.18475615309   2.15291e-16 
 8280.26174332889  2.245597e-16 
 8284.33873050468   2.23686e-16 
 8288.41571768048  2.207098e-16 
 8292.49270485628  2.105448e-16 
 8296.56969203208  2.046068e-16 
 8300.64667920788  1.994475e-16 
 8304.72366638368  1.997975e-16 
 8308.80065355948  2.045671e-16 
 8312.87764073527  2.081649e-16 
 8316.95462791107  2.057798e-16 
 8321.03161508687  2.035541e-16 
 8325.10860226267  2.051885e-16 
 8329.18558943846  2.056048e-16 
 8333.26257661426   2.03453e-16 
 8337.33956379006  1.965699e-16 
 8341.41655096586  1.923443e-16 
 8345.49353814166  1.950665e-16 
 8349.57052531746    1.9311e-16 
 8353.64751249325  1.812362e-16 
 8357.72449966905  1.826902e-16 
 8361.80148684485   1.79458e-16 
 8365.87847402065  1.771079e-16 
 8369.95546119644  1.835566e-16 
 8374.03244837224  1.862513e-16 
 8378.10943554804  1.825204e-16 
 8382.18642272384  1.778376e-16 
 8386.26340989964  1.771447e-16 
 8390.34039707544  1.701344e-16 
 8394.41738425123  1.648654e-16 
 8398.49437142703  1.661286e-16 
 8402.57135860283   1.67185e-16 
 8406.64834577863  1.758599e-16 
 8410.72533295442  1.782173e-16 
 8414.80232013022  1.822825e-16 
 8418.87930730602  1.810508e-16 
 8422.95629448182  1.740692e-16 
 8427.03328165762  1.687727e-16 
 8431.11026883341  1.715953e-16 
 8435.18725600921  1.759119e-16 
 8439.26424318501  1.750522e-16 
 8443.34123036081  1.732141e-16 
  8447.4182175366  1.764208e-16 
 8451.49520471241  1.790843e-16 
  8455.5721918882  1.759976e-16 
   8459.649179064  1.818858e-16 
  8463.7261662398  1.818598e-16 
  8467.8031534156  1.795874e-16 
  8471.8801405914  1.792934e-16 
 8475.95712776719  1.781942e-16 
 8480.03411494299  1.810317e-16 
 8484.11110211879  1.861948e-16 
 8488.18808929459  1.888404e-16 
 8492.26507647039  1.934681e-16 
 8496.34206364618  1.953439e-16 
 8500.41905082198  1.955435e-16 
 8504.49603799778  2.014854e-16 
 8508.57302517358  2.034761e-16 
 8512.65001234937  1.986045e-16 
 8516.72699952517  1.962686e-16 
 8520.80398670097  1.970137e-16 
 8524.88097387677   1.96654e-16 
 8528.95796105257  1.957734e-16 
 8533.03494822836  1.958914e-16 
 8537.11193540416  1.940002e-16 
 8541.18892257996  2.010061e-16 
 8545.26590975576  2.107759e-16 
 8549.34289693156  2.105741e-16 
 8553.41988410735  2.120454e-16 
 8557.49687128315  2.202357e-16 
 8561.57385845895  2.166882e-16 
 8565.65084563475  2.191216e-16 
 8569.72783281055  2.131977e-16 
 8573.80481998634   2.04531e-16 
 8577.88180716214  2.014674e-16 
 8581.95879433794  2.059853e-16 
 8586.03578151374  2.076124e-16 
 8590.11276868954  2.098529e-16 
 8594.18975586533   2.16581e-16 
 8598.26674304113  2.194034e-16 
 8602.34373021693   2.14123e-16 
 8606.42071739273  2.092994e-16 
 8610.49770456853  2.107344e-16 
 8614.57469174433  2.113369e-16 
 8618.65167892012  2.144541e-16 
 8622.72866609592  2.181286e-16 
 8626.80565327172  2.176597e-16 
 8630.88264044752  2.149032e-16 
 8634.95962762331   2.18138e-16 
 8639.03661479911  2.194903e-16 
 8643.11360197491  2.124371e-16 
 8647.19058915071   2.10191e-16 
 8651.26757632651  2.078338e-16 
 8655.34456350231  2.022896e-16 
  8659.4215506781  2.016845e-16 
  8663.4985378539   2.07869e-16 
  8667.5755250297  2.159269e-16 
  8671.6525122055  2.197629e-16 
 8675.72949938129  2.270556e-16 
 8679.80648655709  2.284533e-16 
 8683.88347373289  2.241676e-16 
 8687.96046090869  2.158496e-16 
 8692.03744808449    2.1026e-16 
 8696.11443526028  2.130875e-16 
 8700.19142243608  2.122106e-16 
 8704.26840961188  2.059517e-16 
 8708.34539678768  2.096273e-16 
 8712.42238396348  2.215735e-16 
 8716.49937113927  2.239827e-16 
 8720.57635831507  2.234832e-16 
 8724.65334549087  2.206748e-16 
 8728.73033266667  2.187598e-16 
 8732.80731984247  2.138351e-16 
 8736.88430701827  2.167116e-16 
 8740.96129419406  2.104898e-16 
 8745.03828136986  2.119418e-16 
 8749.11526854566  2.140106e-16 
 8753.19225572146  2.116653e-16 
 8757.26924289726  2.145694e-16 
 8761.34623007305  2.180486e-16 
 8765.42321724885  2.180797e-16 
 8769.50020442465  2.127201e-16 
 8773.57719160045  2.057907e-16 
 8777.65417877625  2.055904e-16 
 8781.73116595204  2.064581e-16 
 8785.80815312784  2.030595e-16 
 8789.88514030364  2.085414e-16 
 8793.96212747944  2.087402e-16 
 8798.03911465524  2.072274e-16 
 8802.11610183103  2.100246e-16 
 8806.19308900683   2.08613e-16 
 8810.27007618263  2.162795e-16 
 8814.34706335843  2.149996e-16 
 8818.42405053422  2.037136e-16 
 8822.50103771002  1.957843e-16 
 8826.57802488582  1.819737e-16 
 8830.65501206162  1.829843e-16 
 8834.73199923742  1.918011e-16 
 8838.80898641321  1.957022e-16 
 8842.88597358901  2.034528e-16 
 8846.96296076481  2.060209e-16 
 8851.03994794061  2.098709e-16 
 8855.11693511641  2.030155e-16 
  8859.1939222922  1.956848e-16 
   8863.270909468  1.963962e-16 
  8867.3478966438  1.904196e-16 
  8871.4248838196  1.904954e-16 
  8875.5018709954  2.046375e-16 
  8879.5788581712  1.999894e-16 
 8883.65584534699   1.85945e-16 
 8887.73283252279  1.798741e-16 
 8891.80981969859   1.79377e-16 
 8895.88680687439  1.757647e-16 
 8899.96379405019  1.818475e-16 
 8904.04078122598  1.924734e-16 
 8908.11776840178  1.840332e-16 
 8912.19475557758  1.876077e-16 
 8916.27174275338   1.89291e-16 
 8920.34872992918  1.701648e-16 
 8924.42571710497  1.603444e-16 
 8928.50270428077  1.750638e-16 
 8932.57969145657   1.73805e-16 
 8936.65667863237  1.741221e-16 
 8940.73366580817   1.70351e-16 
 8944.81065298396  1.640527e-16 
 8948.88764015976  1.665024e-16 
 8952.96462733556  1.679654e-16 
 8957.04161451136   1.76659e-16 
 8961.11860168715  1.737454e-16 
 8965.19558886295  1.683029e-16 
 8969.27257603875  1.810994e-16 
 8973.34956321455   1.81528e-16 
 8977.42655039035  1.699009e-16 
 8981.50353756614  1.626404e-16 
 8985.58052474194  1.572972e-16 
 8989.65751191774  1.621945e-16 
 8993.73449909354  1.665363e-16 
 8997.81148626934  1.691455e-16 
 9001.88847344514  1.748937e-16 
 9005.96546062093  1.782886e-16 
 9010.04244779673  1.767419e-16 
 9014.11943497253  1.813472e-16 
 9018.19642214833  1.742375e-16 
 9022.27340932413  1.672001e-16 
 9026.35039649992  1.736147e-16 
 9030.42738367572  1.729178e-16 
 9034.50437085152  1.748128e-16 
 9038.58135802732  1.692001e-16 
 9042.65834520312  1.587654e-16 
 9046.73533237891   1.68585e-16 
 9050.81231955471  1.728443e-16 
 9054.88930673051  1.706265e-16 
 9058.96629390631  1.784208e-16 
 9063.04328108211   1.68051e-16 
  9067.1202682579   1.60606e-16 
  9071.1972554337  1.475789e-16 
  9075.2742426095  1.539258e-16 
  9079.3512297853  1.553218e-16 
  9083.4282169611  1.580551e-16 
 9087.50520413689  1.562087e-16 
 9091.58219131269  1.526692e-16 
 9095.65917848849  1.567106e-16 
 9099.73616566429  1.616881e-16 
 9103.81315284008  1.597258e-16 
 9107.89014001588  1.618858e-16 
 9111.96712719168  1.682122e-16 
 9116.04411436748  1.619688e-16 
 9120.12110154328   1.59882e-16 
 9124.19808871907  1.633334e-16 
 9128.27507589487  1.552806e-16 
 9132.35206307067  1.546847e-16 
 9136.42905024647  1.634504e-16 
 9140.50603742227  1.636498e-16 
 9144.58302459807  1.581555e-16 
 9148.66001177386  1.538512e-16 
 9152.73699894966   1.47318e-16 
 9156.81398612546  1.543115e-16 
 9160.89097330126  1.675186e-16 
 9164.96796047706  1.617298e-16 
 9169.04494765285  1.573829e-16 
 9173.12193482865  1.561166e-16 
 9177.19892200445  1.530223e-16 
 9181.27590918025  1.577818e-16 
 9185.35289635605  1.602627e-16 
 9189.42988353184  1.546385e-16 
 9193.50687070764  1.520941e-16 
 9197.58385788344  1.532457e-16 
 9201.66084505924  1.587018e-16 
 9205.73783223504  1.567356e-16 
 9209.81481941083  1.566787e-16 
 9213.89180658663  1.516459e-16 
 9217.96879376243  1.614334e-16 
 9222.04578093823  1.716786e-16 
 9226.12276811403  1.665596e-16 
 9230.19975528982  1.629791e-16 
 9234.27674246562  1.656753e-16 
 9238.35372964142  1.614483e-16 
 9242.43071681722  1.583521e-16 
 9246.50770399301  1.576695e-16 
 9250.58469116881  1.547194e-16 
 9254.66167834461  1.540435e-16 
 9258.73866552041  1.593261e-16 
 9262.81565269621  1.632004e-16 
 9266.89263987201  1.565737e-16 
  9270.9696270478  1.503515e-16 
  9275.0466142236  1.550531e-16 
  9279.1236013994  1.463497e-16 
  9283.2005885752  1.435236e-16 
   9287.277575751  1.533495e-16 
 9291.35456292679  1.420127e-16 
 9295.43155010259  1.357607e-16 
 9299.50853727839  1.447589e-16 
 9303.58552445419   1.45827e-16 
 9307.66251162999  1.341093e-16 
 9311.73949880578  1.333032e-16 
 9315.81648598158  1.288491e-16 
 9319.89347315738  1.323957e-16 
 9323.97046033318   1.56582e-16 
 9328.04744750898  1.496635e-16 
 9332.12443468478  1.476707e-16 
 9336.20142186057  1.364501e-16 
 9340.27840903637  1.710454e-16 
 9344.35539621217  1.761446e-16 
 9348.43238338797  1.685226e-16 
 9352.50937056376  1.536293e-16 
 9356.58635773956   1.52061e-16 
 9360.66334491536  1.663569e-16 
 9364.74033209116  1.671648e-16 
 9368.81731926696  1.765398e-16 
 9372.89430644275  1.872464e-16 
 9376.97129361855  1.606402e-16 
 9381.04828079435  1.503366e-16 
 9385.12526797015  1.646112e-16 
 9389.20225514594  1.656836e-16 
 9393.27924232174   1.59986e-16 
 9397.35622949754  1.457682e-16 
 9401.43321667334   1.39361e-16 
 9405.51020384914  1.436724e-16 
 9409.58719102494  1.278524e-16 
 9413.66417820073  1.329257e-16 
 9417.74116537653  1.446267e-16 
 9421.81815255233  1.367282e-16 
 9425.89513972813  1.329951e-16 
 9429.97212690393  1.250524e-16 
 9434.04911407972  1.603159e-16 
 9438.12610125552  1.587977e-16 
 9442.20308843132  1.388414e-16 
 9446.28007560712  1.504522e-16 
 9450.35706278292   1.74483e-16 
 9454.43404995872  1.338073e-16 
 9458.51103713451  1.374776e-16 
 9462.58802431031  1.426549e-16 
 9466.66501148611  1.682632e-16 
 9470.74199866191  1.700592e-16 
  9474.8189858377  1.443521e-16 
  9478.8959730135  1.449651e-16 
  9482.9729601893  1.377416e-16 
  9487.0499473651  1.379977e-16 
  9491.1269345409  1.336081e-16 
 9495.20392171669   1.18489e-16 
 9499.28090889249  1.270162e-16 
 9503.35789606829   1.39311e-16 
 9507.43488324409  1.491226e-16 
 9511.51187041989  1.545676e-16 
 9515.58885759568  1.279681e-16 
 9519.66584477148   1.15029e-16 
 9523.74283194728  1.270177e-16 
 9527.81981912308  1.442414e-16 
 9531.89680629888  1.521339e-16 
 9535.97379347467  1.466339e-16 
 9540.05078065047   1.33346e-16 
 9544.12776782627  1.313245e-16 
 9548.20475500207   1.45638e-16 
 9552.28174217787  1.385282e-16 
 9556.35872935367  1.264107e-16 
 9560.43571652946  1.220112e-16 
 9564.51270370526  1.146985e-16 
 9568.58969088106  1.371853e-16 
 9572.66667805686  1.462707e-16 
 9576.74366523266  1.342794e-16 
 9580.82065240845  1.414503e-16 
 9584.89763958425  1.317526e-16 
 9588.97462676005  1.156982e-16 
 9593.05161393585  1.282415e-16 
 9597.12860111165  1.353476e-16 
 9601.20558828744   1.43983e-16 
 9605.28257546324  1.499664e-16 
 9609.35956263904  1.376869e-16 
 9613.43654981484  1.323833e-16 
 9617.51353699063  1.375644e-16 
 9621.59052416643  1.408735e-16 
 9625.66751134223  1.409758e-16 
 9629.74449851803  1.390923e-16 
 9633.82148569383  1.394382e-16 
 9637.89847286962  1.411395e-16 
 9641.97546004542  1.417127e-16 
 9646.05244722122  1.428366e-16 
 9650.12943439702  1.290989e-16 
 9654.20642157282  1.315964e-16 
 9658.28340874861  1.388094e-16 
 9662.36039592441  1.427845e-16 
 9666.43738310021  1.408369e-16 
 9670.51437027601   1.37319e-16 
 9674.59135745181  1.478531e-16 
 9678.66834462761  1.415896e-16 
  9682.7453318034  1.353726e-16 
  9686.8223189792  1.386564e-16 
   9690.899306155  1.334453e-16 
  9694.9762933308  1.268595e-16 
 9699.05328050659  1.198374e-16 
 9703.13026768239  1.355356e-16 
 9707.20725485819  1.404188e-16 
 9711.28424203399  1.183449e-16 
 9715.36122920979  1.271429e-16 
 9719.43821638559  1.355164e-16 
 9723.51520356138   1.36606e-16 
 9727.59219073718  1.363511e-16 
 9731.66917791298  1.375745e-16 
 9735.74616508878  1.285156e-16 
 9739.82315226457  1.301605e-16 
 9743.90013944037  1.391596e-16 
 9747.97712661617  1.283763e-16 
 9752.05411379197  1.326129e-16 
 9756.13110096777  1.395558e-16 
 9760.20808814357  1.318036e-16 
 9764.28507531936  1.371976e-16 
 9768.36206249516  1.466246e-16 
 9772.43904967096  1.407974e-16 
 9776.51603684676  1.353903e-16 
 9780.59302402255  1.240448e-16 
 9784.67001119835  1.108524e-16 
 9788.74699837415  1.131544e-16 
 9792.82398554995  1.170125e-16 
 9796.90097272575  1.014717e-16 
 9800.97795990154  1.043035e-16 
 9805.05494707734  1.376833e-16 
 9809.13193425314  1.411859e-16 
 9813.20892142894  1.253561e-16 
 9817.28590860473  1.326343e-16 
 9821.36289578054  1.363743e-16 
 9825.43988295633  1.351315e-16 
 9829.51687013213  1.536187e-16 
 9833.59385730793  1.337521e-16 
 9837.67084448373  1.239161e-16 
 9841.74783165953  1.189755e-16 
 9845.82481883532  1.212636e-16 
 9849.90180601112  1.162885e-16 
 9853.97879318692   1.27098e-16 
 9858.05578036272   1.36638e-16 
 9862.13276753852  1.365651e-16 
 9866.20975471431  1.241632e-16 
 9870.28674189011  1.023279e-16 
 9874.36372906591  1.171625e-16 
 9878.44071624171  1.389103e-16 
  9882.5177034175   1.15898e-16 
  9886.5946905933   9.63898e-17 
  9890.6716777691  1.018398e-16 
  9894.7486649449  1.160644e-16 
  9898.8256521207  1.132333e-16 
  9902.9026392965  1.139461e-16 
 9906.97962647229  1.220649e-16 
 9911.05661364809  1.045387e-16 
 9915.13360082389  9.330564e-17 
 9919.21058799969  9.227238e-17 
 9923.28757517548  9.421589e-17 
 9927.36456235128   1.00329e-16 
 9931.44154952708  7.463543e-17 
 9935.51853670288  8.407738e-17 
 9939.59552387868  1.187908e-16 
 9943.67251105447  1.046795e-16 
 9947.74949823027  1.064129e-16 
 9951.82648540607  1.129561e-16 
 9955.90347258187  1.457287e-16 
 9959.98045975766  1.176876e-16 
 9964.05744693346  1.029793e-16 
 9968.13443410926  1.075842e-16 
 9972.21142128506  1.088871e-16 
 9976.28840846086  1.140317e-16 
 9980.36539563666  1.023537e-16 
 9984.44238281246  1.016714e-16 
