# STATUS =
# OBJECT = 2015bn
# TELESCOPE = ESO-NTT
# INSTRUMENT = EFOSC2-NTT
# DATE-OBS = 2015-03-12 02:54:22.00
# MJD = 57093.121088000014
# EXPTIME = 1800
# AIRMASS = 1.351
# SLIT = 1.0
# DISPERSER = OG530
# SOURCE = --
# FILTER =
# RESOLUTION =
# FLUX_STANDARD =
# EXTINCTION_CORRECTED = --
# PHOTOMETRY_CALIBRATED =
# TELLURIC_CORRECTED =
# FLUX_UNITS = Other
# WAVE_UNITS = Angstrom
# QUALITY = Low
# MIN_WAVE = 5992.515625
# MAX_WAVE = 9983.13069296
# COMMENT = --
    Wavelength          Flux 
 5996.72069883   4.81477e-16 
 6000.92577267   4.90461e-16 
  6005.1308465   4.83198e-16 
 6009.33592033   4.71442e-16 
 6013.54099417   4.79873e-16 
   6017.746068   4.84155e-16 
 6021.95114183   4.80936e-16 
 6026.15621567   4.71912e-16 
  6030.3612895   4.78942e-16 
 6034.56636333    4.7339e-16 
 6038.77143717   4.79617e-16 
   6042.976511   4.74859e-16 
 6047.18158484   4.74654e-16 
 6051.38665867   4.66066e-16 
  6055.5917325   4.58749e-16 
 6059.79680634   4.62229e-16 
 6064.00188017   4.67709e-16 
   6068.206954   4.54293e-16 
 6072.41202784   4.60034e-16 
 6076.61710167   4.54618e-16 
  6080.8221755   4.49058e-16 
 6085.02724934   4.45383e-16 
 6089.23232317   4.38817e-16 
   6093.437397   4.40118e-16 
 6097.64247084   4.43411e-16 
 6101.84754467   4.32796e-16 
  6106.0526185   4.32869e-16 
 6110.25769234    4.3491e-16 
 6114.46276617   4.28732e-16 
    6118.66784   4.30695e-16 
 6122.87291384   4.24613e-16 
 6127.07798767   4.26326e-16 
  6131.2830615   4.21439e-16 
 6135.48813534   4.21241e-16 
 6139.69320917   4.15344e-16 
   6143.898283     4.169e-16 
 6148.10335684   4.08233e-16 
 6152.30843067   4.13848e-16 
 6156.51350451   4.13486e-16 
 6160.71857834   4.06236e-16 
 6164.92365217   3.96299e-16 
 6169.12872601   3.98661e-16 
 6173.33379984   3.93782e-16 
 6177.53887367   3.87276e-16 
 6181.74394751   3.89019e-16 
 6185.94902134   3.88757e-16 
 6190.15409517   3.94235e-16 
 6194.35916901   3.83654e-16 
 6198.56424284   3.88092e-16 
 6202.76931667   3.84654e-16 
 6206.97439051   3.77473e-16 
 6211.17946434   3.73243e-16 
 6215.38453817   3.79011e-16 
 6219.58961201   3.76841e-16 
 6223.79468584   3.80305e-16 
 6227.99975967   3.81511e-16 
 6232.20483351   3.83995e-16 
 6236.40990734   3.71432e-16 
 6240.61498117   3.79266e-16 
 6244.82005501   3.72297e-16 
 6249.02512884   3.82437e-16 
 6253.23020267   3.79667e-16 
 6257.43527651   3.80325e-16 
 6261.64035034   3.79996e-16 
 6265.84542418   3.74568e-16 
 6270.05049801   3.79306e-16 
 6274.25557184   3.78182e-16 
 6278.46064568   3.74762e-16 
 6282.66571951   3.79128e-16 
 6286.87079334   3.86339e-16 
 6291.07586718   3.73322e-16 
 6295.28094101    3.8546e-16 
 6299.48601484   3.83284e-16 
 6303.69108868    3.8449e-16 
 6307.89616251   3.83788e-16 
 6312.10123634   3.86695e-16 
 6316.30631018   3.87809e-16 
 6320.51138401   3.91301e-16 
 6324.71645784   3.81459e-16 
 6328.92153168   3.92342e-16 
 6333.12660551   3.87893e-16 
 6337.33167934   3.96349e-16 
 6341.53675318   3.81499e-16 
 6345.74182701   3.82076e-16 
 6349.94690084   3.85606e-16 
 6354.15197468   3.83964e-16 
 6358.35704851   3.84912e-16 
 6362.56212234   3.77995e-16 
 6366.76719618   3.83515e-16 
 6370.97227001   3.80415e-16 
 6375.17734385   3.79575e-16 
 6379.38241768   3.79107e-16 
 6383.58749151   3.79978e-16 
 6387.79256535   3.83328e-16 
 6391.99763918   3.84278e-16 
 6396.20271301   3.75415e-16 
 6400.40778685    3.7219e-16 
 6404.61286068   3.72296e-16 
 6408.81793451   3.63953e-16 
 6413.02300835    3.7338e-16 
 6417.22808218   3.67991e-16 
 6421.43315601    3.6316e-16 
 6425.63822985   3.64225e-16 
 6429.84330368   3.57697e-16 
 6434.04837751   3.57206e-16 
 6438.25345135   3.56089e-16 
 6442.45852518   3.56763e-16 
 6446.66359901   3.57925e-16 
 6450.86867285   3.56027e-16 
 6455.07374668   3.52669e-16 
 6459.27882051   3.55794e-16 
 6463.48389435    3.5141e-16 
 6467.68896818   3.53881e-16 
 6471.89404202   3.55773e-16 
 6476.09911585   3.54568e-16 
 6480.30418968    3.5267e-16 
 6484.50926352   3.44281e-16 
 6488.71433735   3.49086e-16 
 6492.91941118   3.55623e-16 
 6497.12448502   3.49987e-16 
 6501.32955885   3.53575e-16 
 6505.53463268   3.45845e-16 
 6509.73970652   3.56044e-16 
 6513.94478035   3.48085e-16 
 6518.14985418   3.48963e-16 
 6522.35492802   3.56687e-16 
 6526.56000185   3.55623e-16 
 6530.76507568   3.46921e-16 
 6534.97014952    3.4727e-16 
 6539.17522335   3.56704e-16 
 6543.38029718   3.47813e-16 
 6547.58537102   3.40706e-16 
 6551.79044485    3.3944e-16 
 6555.99551868   3.47715e-16 
 6560.20059252   3.42995e-16 
 6564.40566635   3.41905e-16 
 6568.61074018   3.27611e-16 
 6572.81581402   3.38763e-16 
 6577.02088785     3.418e-16 
 6581.22596169   3.33608e-16 
 6585.43103552   3.34591e-16 
 6589.63610935   3.31606e-16 
 6593.84118319   3.32325e-16 
 6598.04625702   3.43255e-16 
 6602.25133085   3.38541e-16 
 6606.45640469   3.32833e-16 
 6610.66147852   3.28768e-16 
 6614.86655235   3.29878e-16 
 6619.07162619   3.30855e-16 
 6623.27670002   3.32119e-16 
 6627.48177385   3.27562e-16 
 6631.68684769   3.24033e-16 
 6635.89192152   3.23894e-16 
 6640.09699535   3.25731e-16 
 6644.30206919   3.29256e-16 
 6648.50714302   3.25274e-16 
 6652.71221685   3.20654e-16 
 6656.91729069   3.23009e-16 
 6661.12236452   3.21996e-16 
 6665.32743835    3.2532e-16 
 6669.53251219   3.30816e-16 
 6673.73758602   3.26176e-16 
 6677.94265985   3.18647e-16 
 6682.14773369   3.18355e-16 
 6686.35280752   3.22027e-16 
 6690.55788136   3.23881e-16 
 6694.76295519   3.21163e-16 
 6698.96802902   3.29392e-16 
 6703.17310286   3.23176e-16 
 6707.37817669    3.2405e-16 
 6711.58325052   3.16175e-16 
 6715.78832436   3.22695e-16 
 6719.99339819   3.20768e-16 
 6724.19847202   3.18725e-16 
 6728.40354586   3.24373e-16 
 6732.60861969   3.15278e-16 
 6736.81369352   3.26792e-16 
 6741.01876736   3.23234e-16 
 6745.22384119   3.17814e-16 
 6749.42891502   3.21131e-16 
 6753.63398886   3.20191e-16 
 6757.83906269   3.16325e-16 
 6762.04413652   3.09621e-16 
 6766.24921036   3.15819e-16 
 6770.45428419   3.21125e-16 
 6774.65935802   3.11791e-16 
 6778.86443186   3.14344e-16 
 6783.06950569   3.16024e-16 
 6787.27457952    3.0536e-16 
 6791.47965336   3.03837e-16 
 6795.68472719   3.00774e-16 
 6799.88980103   3.06982e-16 
 6804.09487486   3.04062e-16 
 6808.29994869   3.03802e-16 
 6812.50502253   3.00299e-16 
 6816.71009636   3.03811e-16 
 6820.91517019   3.02773e-16 
 6825.12024403   3.05872e-16 
 6829.32531786   2.97256e-16 
 6833.53039169   2.97532e-16 
 6837.73546553   3.01974e-16 
 6841.94053936   2.92052e-16 
 6846.14561319    2.9051e-16 
 6850.35068703   2.94603e-16 
 6854.55576086   2.86313e-16 
 6858.76083469   2.91683e-16 
 6862.96590853   2.66324e-16 
 6867.17098236   2.39329e-16 
 6871.37605619   2.16122e-16 
 6875.58113003   2.29494e-16 
 6879.78620386    2.5675e-16 
 6883.99127769    2.6098e-16 
 6888.19635153   2.55637e-16 
 6892.40142536   2.41795e-16 
  6896.6064992   2.49393e-16 
 6900.81157303    2.5569e-16 
 6905.01664686   2.57585e-16 
  6909.2217207   2.67958e-16 
 6913.42679453   2.68947e-16 
 6917.63186836    2.6652e-16 
  6921.8369422   2.75095e-16 
 6926.04201603   2.78467e-16 
 6930.24708986   2.75568e-16 
  6934.4521637   2.84673e-16 
 6938.65723753   2.89172e-16 
 6942.86231136   2.84375e-16 
  6947.0673852   2.86245e-16 
 6951.27245903   2.90578e-16 
 6955.47753286   2.95369e-16 
  6959.6826067   3.03099e-16 
 6963.88768053   3.03343e-16 
 6968.09275436   3.10962e-16 
  6972.2978282   3.09815e-16 
 6976.50290203   2.99739e-16 
 6980.70797586    3.0522e-16 
  6984.9130497   3.07739e-16 
 6989.11812353   3.11604e-16 
 6993.32319736   3.03111e-16 
  6997.5282712   2.98169e-16 
 7001.73334503   3.08497e-16 
 7005.93841887   3.03761e-16 
  7010.1434927   3.05167e-16 
 7014.34856653     3.138e-16 
 7018.55364037   3.17992e-16 
  7022.7587142   3.10374e-16 
 7026.96378803   3.10985e-16 
 7031.16886187   3.13624e-16 
  7035.3739357   3.12568e-16 
 7039.57900953   3.06588e-16 
 7043.78408337   3.13624e-16 
  7047.9891572   3.14463e-16 
 7052.19423103   3.05349e-16 
 7056.39930487   3.08148e-16 
  7060.6043787   3.03761e-16 
 7064.80945253    2.9855e-16 
 7069.01452637   3.05728e-16 
  7073.2196002   3.16341e-16 
 7077.42467403   3.17585e-16 
 7081.62974787   3.07704e-16 
  7085.8348217   3.03328e-16 
 7090.03989553    3.0066e-16 
 7094.24496937   2.97158e-16 
  7098.4500432   3.07626e-16 
 7102.65511703   3.07435e-16 
 7106.86019087    3.0103e-16 
  7111.0652647   2.97331e-16 
 7115.27033854   2.97962e-16 
 7119.47541237   3.02293e-16 
  7123.6804862   3.04033e-16 
 7127.88556004   3.06937e-16 
 7132.09063387   3.08866e-16 
  7136.2957077   3.06466e-16 
 7140.50078154    3.0629e-16 
 7144.70585537    3.0522e-16 
  7148.9109292   3.06162e-16 
 7153.11600304   3.05381e-16 
 7157.32107687   3.15287e-16 
  7161.5261507   3.12767e-16 
 7165.73122454   3.02389e-16 
 7169.93629837   2.89156e-16 
  7174.1413722   2.76668e-16 
 7178.34644604   2.78627e-16 
 7182.55151987   2.85299e-16 
  7186.7565937   2.89204e-16 
 7190.96166754   2.84982e-16 
 7195.16674137   2.82336e-16 
  7199.3718152    2.7684e-16 
 7203.57688904   2.82349e-16 
 7207.78196287   2.95769e-16 
 7211.98703671   3.11225e-16 
 7216.19211054   3.07267e-16 
 7220.39718437    3.0941e-16 
 7224.60225821   2.93121e-16 
 7228.80733204   2.82081e-16 
 7233.01240587   2.83358e-16 
 7237.21747971    2.8392e-16 
 7241.42255354   2.87566e-16 
 7245.62762737    2.8498e-16 
 7249.83270121   2.92801e-16 
 7254.03777504   2.86765e-16 
 7258.24284887   2.78542e-16 
 7262.44792271   2.84336e-16 
 7266.65299654   2.86847e-16 
 7270.85807037   2.92085e-16 
 7275.06314421   2.98206e-16 
 7279.26821804   2.99359e-16 
 7283.47329187   2.83986e-16 
 7287.67836571   2.83477e-16 
 7291.88343954   2.72014e-16 
 7296.08851337   2.78416e-16 
 7300.29358721   2.95846e-16 
 7304.49866104   2.99382e-16 
 7308.70373487   3.03119e-16 
 7312.90880871   2.95403e-16 
 7317.11388254   2.83555e-16 
 7321.31895638   2.76675e-16 
 7325.52403021   2.77271e-16 
 7329.72910404   2.88537e-16 
 7333.93417788   2.98503e-16 
 7338.13925171   3.01677e-16 
 7342.34432554    3.0553e-16 
 7346.54939938   2.90646e-16 
 7350.75447321   2.80166e-16 
 7354.95954704   2.75692e-16 
 7359.16462088   2.79242e-16 
 7363.36969471   2.87743e-16 
 7367.57476854     2.964e-16 
 7371.77984238    2.9333e-16 
 7375.98491621   2.86469e-16 
 7380.18999004   2.83725e-16 
 7384.39506388   2.78118e-16 
 7388.60013771   2.89495e-16 
 7392.80521154   2.86177e-16 
 7397.01028538   2.94637e-16 
 7401.21535921   2.93738e-16 
 7405.42043304   2.86385e-16 
 7409.62550688   2.77535e-16 
 7413.83058071    2.7336e-16 
 7418.03565454     2.828e-16 
 7422.24072838   2.84894e-16 
 7426.44580221   2.87779e-16 
 7430.65087605   2.77587e-16 
 7434.85594988    2.7237e-16 
 7439.06102371   2.57669e-16 
 7443.26609755   2.67776e-16 
 7447.47117138   2.76872e-16 
 7451.67624521     2.796e-16 
 7455.88131905   2.79381e-16 
 7460.08639288   2.63515e-16 
 7464.29146671   2.56049e-16 
 7468.49654055   2.58039e-16 
 7472.70161438   2.61704e-16 
 7476.90668821    2.6896e-16 
 7481.11176205   2.75631e-16 
 7485.31683588   2.70868e-16 
 7489.52190971   2.57573e-16 
 7493.72698355   2.54659e-16 
 7497.93205738   2.45553e-16 
 7502.13713121   2.46519e-16 
 7506.34220505   2.62558e-16 
 7510.54727888   2.65475e-16 
 7514.75235271   2.65307e-16 
 7518.95742655   2.56701e-16 
 7523.16250038   2.45995e-16 
 7527.36757421   2.43399e-16 
 7531.57264805   2.45303e-16 
 7535.77772188   2.50462e-16 
 7539.98279572   2.55084e-16 
 7544.18786955   2.64313e-16 
 7548.39294338   2.68865e-16 
 7552.59801722   2.51867e-16 
 7556.80309105   2.45962e-16 
 7561.00816488   2.41909e-16 
 7565.21323872   2.33277e-16 
 7569.41831255   2.37393e-16 
 7573.62338638   2.43187e-16 
 7577.82846022   2.52808e-16 
 7582.03353405   2.53062e-16 
 7586.23860788      2.41e-16 
 7590.44368172   2.02566e-16 
 7594.64875555   1.42259e-16 
 7598.85382938   9.23738e-17 
 7603.05890322   6.75943e-17 
 7607.26397705   8.17151e-17 
 7611.46905088   1.13247e-16 
 7615.67412472   1.50379e-16 
 7619.87919855   1.68237e-16 
 7624.08427238   1.47552e-16 
 7628.28934622   1.25461e-16 
 7632.49442005   1.22354e-16 
 7636.69949389    1.2624e-16 
 7640.90456772   1.41106e-16 
 7645.10964155   1.59679e-16 
 7649.31471539   1.84746e-16 
 7653.51978922   1.90534e-16 
 7657.72486305   1.98888e-16 
 7661.92993689   2.08899e-16 
 7666.13501072    2.0641e-16 
 7670.34008455   2.06588e-16 
 7674.54515839   2.10741e-16 
 7678.75023222   2.06847e-16 
 7682.95530605   2.24367e-16 
 7687.16037989   2.32158e-16 
 7691.36545372   2.34267e-16 
 7695.57052755   2.35393e-16 
 7699.77560139    2.2853e-16 
 7703.98067522   2.20276e-16 
 7708.18574905    2.1059e-16 
 7712.39082289   2.15958e-16 
 7716.59589672   2.24662e-16 
 7720.80097055   2.39716e-16 
 7725.00604439    2.4516e-16 
 7729.21111822    2.4206e-16 
 7733.41619205   2.23787e-16 
 7737.62126589   2.14949e-16 
 7741.82633972   2.10188e-16 
 7746.03141356   2.17648e-16 
 7750.23648739   2.28543e-16 
 7754.44156122   2.37169e-16 
 7758.64663506   2.37722e-16 
 7762.85170889   2.37175e-16 
 7767.05678272   2.13603e-16 
 7771.26185656   2.06612e-16 
 7775.46693039   1.98166e-16 
 7779.67200422    2.1263e-16 
 7783.87707806   2.26646e-16 
 7788.08215189   2.41154e-16 
 7792.28722572   2.43121e-16 
 7796.49229956   2.40581e-16 
 7800.69737339   2.31984e-16 
 7804.90244722   2.11435e-16 
 7809.10752106   2.07307e-16 
 7813.31259489   2.11203e-16 
 7817.51766872   2.18571e-16 
 7821.72274256   2.30853e-16 
 7825.92781639   2.33621e-16 
 7830.13289022   2.34056e-16 
 7834.33796406   2.17147e-16 
 7838.54303789   2.07596e-16 
 7842.74811172   2.04226e-16 
 7846.95318556   2.13996e-16 
 7851.15825939   2.40189e-16 
 7855.36333323   2.45333e-16 
 7859.56840706   2.43155e-16 
 7863.77348089   2.36693e-16 
 7867.97855473   2.13101e-16 
 7872.18362856   2.08712e-16 
 7876.38870239   2.05776e-16 
 7880.59377623   2.21954e-16 
 7884.79885006   2.39018e-16 
 7889.00392389   2.37921e-16 
 7893.20899773   2.31326e-16 
 7897.41407156   2.17848e-16 
 7901.61914539   2.17692e-16 
 7905.82421923   2.28485e-16 
 7910.02929306   2.48722e-16 
 7914.23436689   2.49868e-16 
 7918.43944073   2.42607e-16 
 7922.64451456   2.28605e-16 
 7926.84958839   2.14868e-16 
 7931.05466223   2.15088e-16 
 7935.25973606   2.26429e-16 
 7939.46480989   2.43628e-16 
 7943.66988373    2.5194e-16 
 7947.87495756   2.42059e-16 
 7952.08003139   2.30125e-16 
 7956.28510523   2.20889e-16 
 7960.49017906   2.18036e-16 
  7964.6952529   2.38535e-16 
 7968.90032673   2.38199e-16 
 7973.10540056   2.29481e-16 
  7977.3104744   2.46975e-16 
 7981.51554823   2.51317e-16 
 7985.72062206    2.4107e-16 
  7989.9256959   2.34777e-16 
 7994.13076973   2.44196e-16 
 7998.33584356   2.51427e-16 
  8002.5409174   2.44604e-16 
 8006.74599123   2.40712e-16 
 8010.95106506   2.40031e-16 
  8015.1561389   2.38014e-16 
 8019.36121273    2.3665e-16 
 8023.56628656   2.38332e-16 
  8027.7713604   2.33126e-16 
 8031.97643423   2.36998e-16 
 8036.18150806    2.4443e-16 
  8040.3865819   2.52334e-16 
 8044.59165573   2.58352e-16 
 8048.79672956   2.52165e-16 
  8053.0018034   2.51786e-16 
 8057.20687723    2.5379e-16 
 8061.41195107    2.6455e-16 
  8065.6170249   2.55758e-16 
 8069.82209873   2.53459e-16 
 8074.02717257   2.45828e-16 
  8078.2322464   2.32973e-16 
 8082.43732023   2.34049e-16 
 8086.64239407    2.2429e-16 
  8090.8474679   2.30099e-16 
 8095.05254173   2.21661e-16 
 8099.25761557   2.30563e-16 
  8103.4626894   2.45021e-16 
 8107.66776323   2.42997e-16 
 8111.87283707   2.27599e-16 
  8116.0779109   2.40114e-16 
 8120.28298473   2.34013e-16 
 8124.48805857   2.23247e-16 
  8128.6931324   2.10128e-16 
 8132.89820623   2.08085e-16 
 8137.10328007   2.07995e-16 
  8141.3083539    2.1818e-16 
 8145.51342773   2.32528e-16 
 8149.71850157   2.28388e-16 
  8153.9235754   2.22069e-16 
 8158.12864923   2.06266e-16 
 8162.33372307   2.01203e-16 
  8166.5387969    1.9324e-16 
 8170.74387074   1.90779e-16 
 8174.94894457   1.98078e-16 
  8179.1540184   2.03254e-16 
 8183.35909224   2.12441e-16 
 8187.56416607   2.21136e-16 
  8191.7692399   2.25474e-16 
 8195.97431374   2.15303e-16 
 8200.17938757    2.0727e-16 
  8204.3844614   2.01166e-16 
 8208.58953524   1.99194e-16 
 8212.79460907   1.94946e-16 
  8216.9996829    2.0087e-16 
 8221.20475674   1.88221e-16 
 8225.40983057   1.89224e-16 
  8229.6149044    1.9211e-16 
 8233.81997824   1.92228e-16 
 8238.02505207   2.10517e-16 
  8242.2301259   2.09591e-16 
 8246.43519974   1.95313e-16 
 8250.64027357    1.7968e-16 
  8254.8453474   1.75151e-16 
 8259.05042124   1.86847e-16 
 8263.25549507   1.92825e-16 
  8267.4605689   1.96967e-16 
 8271.66564274   1.93363e-16 
 8275.87071657   1.89664e-16 
 8280.07579041   1.93804e-16 
 8284.28086424    1.9154e-16 
 8288.48593807   1.76472e-16 
 8292.69101191   1.58491e-16 
 8296.89608574   1.58479e-16 
 8301.10115957   1.58045e-16 
 8305.30623341   1.60919e-16 
 8309.51130724   1.77777e-16 
 8313.71638107   1.84817e-16 
 8317.92145491   1.78222e-16 
 8322.12652874   1.83321e-16 
 8326.33160257   1.82012e-16 
 8330.53667641   1.74363e-16 
 8334.74175024   1.61868e-16 
 8338.94682407   1.55299e-16 
 8343.15189791   1.54106e-16 
 8347.35697174   1.48675e-16 
 8351.56204557   1.53726e-16 
 8355.76711941   1.63958e-16 
 8359.97219324   1.75684e-16 
 8364.17726707   1.72939e-16 
 8368.38234091   1.70612e-16 
 8372.58741474   1.65141e-16 
 8376.79248857   1.45374e-16 
 8380.99756241   1.39346e-16 
 8385.20263624   1.34628e-16 
 8389.40771008   1.46772e-16 
 8393.61278391   1.47502e-16 
 8397.81785774   1.50248e-16 
 8402.02293158   1.64569e-16 
 8406.22800541   1.64866e-16 
 8410.43307924   1.70942e-16 
 8414.63815308   1.69437e-16 
 8418.84322691   1.63133e-16 
 8423.04830074   1.37328e-16 
 8427.25337458   1.33112e-16 
 8431.45844841   1.36014e-16 
 8435.66352224   1.37428e-16 
 8439.86859608   1.53881e-16 
 8444.07366991   1.63673e-16 
 8448.27874374   1.71247e-16 
 8452.48381758   1.82435e-16 
 8456.68889141   1.74466e-16 
 8460.89396524    1.6138e-16 
 8465.09903908   1.54117e-16 
 8469.30411291     1.504e-16 
 8473.50918674   1.55157e-16 
 8477.71426058   1.51576e-16 
 8481.91933441   1.56852e-16 
 8486.12440825    1.6855e-16 
 8490.32948208   1.75767e-16 
 8494.53455591    1.8751e-16 
 8498.73962975   1.99441e-16 
 8502.94470358   2.00911e-16 
 8507.14977741   1.92868e-16 
 8511.35485125   1.73485e-16 
 8515.55992508    1.5751e-16 
 8519.76499891   1.51167e-16 
 8523.97007275   1.61327e-16 
 8528.17514658   1.67154e-16 
 8532.38022041   1.76322e-16 
 8536.58529425   1.86344e-16 
 8540.79036808   1.96335e-16 
 8544.99544191    2.0228e-16 
 8549.20051575   1.99814e-16 
 8553.40558958   1.83916e-16 
 8557.61066341   1.74883e-16 
 8561.81573725   1.61941e-16 
 8566.02081108   1.64073e-16 
 8570.22588491   1.70636e-16 
 8574.43095875   1.75465e-16 
 8578.63603258   1.89109e-16 
 8582.84110641   2.00137e-16 
 8587.04618025   2.05561e-16 
 8591.25125408   2.07588e-16 
 8595.45632792   1.90026e-16 
 8599.66140175    1.6976e-16 
 8603.86647558   1.66127e-16 
 8608.07154942   1.65911e-16 
 8612.27662325   1.72902e-16 
 8616.48169708    1.8516e-16 
 8620.68677092   2.04505e-16 
 8624.89184475   2.18667e-16 
 8629.09691858   2.28036e-16 
 8633.30199242   2.15008e-16 
 8637.50706625   1.96092e-16 
 8641.71214008   1.89448e-16 
 8645.91721392   1.74099e-16 
 8650.12228775   1.65544e-16 
 8654.32736158   1.65428e-16 
 8658.53243542   1.79673e-16 
 8662.73750925   1.89731e-16 
 8666.94258308   2.00964e-16 
 8671.14765692   2.23223e-16 
 8675.35273075   2.17347e-16 
 8679.55780458   2.04151e-16 
 8683.76287842   1.84325e-16 
 8687.96795225   1.73289e-16 
 8692.17302608    1.7046e-16 
 8696.37809992   1.79075e-16 
 8700.58317375   1.78101e-16 
 8704.78824759   1.97169e-16 
 8708.99332142   2.10738e-16 
 8713.19839525    2.1642e-16 
 8717.40346909   2.10759e-16 
 8721.60854292   1.98443e-16 
 8725.81361675   1.81338e-16 
 8730.01869059   1.68731e-16 
 8734.22376442   1.69486e-16 
 8738.42883825   1.79488e-16 
 8742.63391209   1.84829e-16 
 8746.83898592   1.98726e-16 
 8751.04405975   2.15327e-16 
 8755.24913359   2.16883e-16 
 8759.45420742   2.07014e-16 
 8763.65928125    1.9719e-16 
 8767.86435509   1.84556e-16 
 8772.06942892   1.71016e-16 
 8776.27450275   1.61211e-16 
 8780.47957659   1.57182e-16 
 8784.68465042   1.70122e-16 
 8788.88972425   1.88793e-16 
 8793.09479809   1.93219e-16 
 8797.29987192   1.92563e-16 
 8801.50494576   1.97186e-16 
 8805.71001959   1.94322e-16 
 8809.91509342   1.84599e-16 
 8814.12016726   1.74138e-16 
 8818.32524109   1.53854e-16 
 8822.53031492   1.35291e-16 
 8826.73538876   1.40984e-16 
 8830.94046259   1.58141e-16 
 8835.14553642   1.76874e-16 
 8839.35061026   1.84276e-16 
 8843.55568409   1.87027e-16 
 8847.76075792   2.02507e-16 
 8851.96583176   1.86071e-16 
 8856.17090559   1.62763e-16 
 8860.37597942   1.59099e-16 
 8864.58105326   1.47758e-16 
 8868.78612709   1.42266e-16 
 8872.99120092    1.5872e-16 
 8877.19627476   1.64815e-16 
 8881.40134859   1.79092e-16 
 8885.60642242   1.88372e-16 
 8889.81149626   1.94786e-16 
 8894.01657009   1.97224e-16 
 8898.22164392   1.82473e-16 
 8902.42671776   1.71624e-16 
 8906.63179159   1.56089e-16 
 8910.83686543   1.44793e-16 
 8915.04193926   1.34466e-16 
 8919.24701309   1.40205e-16 
 8923.45208693    1.4221e-16 
 8927.65716076   1.44098e-16 
 8931.86223459   1.53812e-16 
 8936.06730843   1.65191e-16 
 8940.27238226   1.64888e-16 
 8944.47745609   1.61327e-16 
 8948.68252993   1.71279e-16 
 8952.88760376   1.72015e-16 
 8957.09267759   1.63131e-16 
 8961.29775143   1.56328e-16 
 8965.50282526   1.35193e-16 
 8969.70789909   1.29927e-16 
 8973.91297293   1.26198e-16 
 8978.11804676   1.15929e-16 
 8982.32312059   1.17865e-16 
 8986.52819443   1.18251e-16 
 8990.73326826   1.39468e-16 
 8994.93834209   1.55342e-16 
 8999.14341593   1.62691e-16 
 9003.34848976   1.64334e-16 
 9007.55356359   1.48353e-16 
 9011.75863743   1.42085e-16 
 9015.96371126   1.29224e-16 
  9020.1687851   1.22581e-16 
 9024.37385893   1.19958e-16 
 9028.57893276   1.23478e-16 
  9032.7840066    1.2186e-16 
 9036.98908043   1.29899e-16 
 9041.19415426   1.43928e-16 
  9045.3992281   1.51231e-16 
 9049.60430193   1.55807e-16 
 9053.80937576   1.58231e-16 
  9058.0144496   1.56239e-16 
 9062.21952343   1.45689e-16 
 9066.42459726   1.30499e-16 
  9070.6296711   1.26362e-16 
 9074.83474493   1.23008e-16 
 9079.03981876   1.21361e-16 
  9083.2448926   1.25633e-16 
 9087.44996643   1.24943e-16 
 9091.65504026   1.32178e-16 
  9095.8601141   1.34591e-16 
 9100.06518793   1.33797e-16 
 9104.27026176     1.425e-16 
  9108.4753356   1.39728e-16 
 9112.68040943    1.3987e-16 
 9116.88548326   1.46127e-16 
  9121.0905571   1.28958e-16 
 9125.29563093    1.2775e-16 
 9129.50070477   1.24353e-16 
  9133.7057786   1.16028e-16 
 9137.91085243   1.25568e-16 
 9142.11592627   1.29247e-16 
  9146.3210001   1.41228e-16 
 9150.52607393   1.26034e-16 
 9154.73114777   1.32432e-16 
  9158.9362216   1.25654e-16 
 9163.14129543   1.43037e-16 
 9167.34636927    1.4391e-16 
  9171.5514431   1.34409e-16 
 9175.75651693   1.27702e-16 
 9179.96159077   1.25719e-16 
  9184.1666646   1.27916e-16 
 9188.37173843   1.24237e-16 
 9192.57681227   1.17822e-16 
  9196.7818861   1.25977e-16 
 9200.98695993   1.28113e-16 
 9205.19203377   1.25403e-16 
  9209.3971076    1.3477e-16 
 9213.60218143   1.44449e-16 
 9217.80725527   1.50657e-16 
  9222.0123291   1.48381e-16 
 9226.21740294   1.38901e-16 
 9230.42247677   1.35808e-16 
  9234.6275506   1.27323e-16 
 9238.83262444   1.23494e-16 
 9243.03769827   1.17641e-16 
  9247.2427721   1.26741e-16 
 9251.44784594   1.25648e-16 
 9255.65291977   1.34334e-16 
  9259.8579936   1.35681e-16 
 9264.06306744   1.41228e-16 
 9268.26814127   1.48646e-16 
  9272.4732151   1.33307e-16 
 9276.67828894    1.2603e-16 
 9280.88336277   1.22033e-16 
  9285.0884366   1.03085e-16 
 9289.29351044    1.0289e-16 
 9293.49858427    1.0103e-16 
  9297.7036581   1.00171e-16 
 9301.90873194   1.05741e-16 
 9306.11380577   9.99606e-17 
  9310.3188796   9.17813e-17 
 9314.52395344   1.00182e-16 
 9318.72902727    7.8737e-17 
  9322.9341011   7.95865e-17 
 9327.13917494   9.75241e-17 
 9331.34424877    8.2259e-17 
 9335.54932261   6.32962e-17 
 9339.75439644   6.23162e-17 
 9343.95947027   6.69468e-17 
 9348.16454411   7.08438e-17 
 9352.36961794   6.68349e-17 
 9356.57469177   7.90595e-17 
 9360.77976561   8.23222e-17 
 9364.98483944   9.13293e-17 
 9369.18991327   1.00274e-16 
 9373.39498711    9.4703e-17 
 9377.60006094   1.03783e-16 
 9381.80513477   1.05164e-16 
 9386.01020861   9.58757e-17 
 9390.21528244   7.38829e-17 
 9394.42035627   4.42461e-17 
 9398.62543011    8.6349e-17 
 9402.83050394   1.01705e-16 
 9407.03557777   9.32558e-17 
 9411.24065161   1.06918e-16 
 9415.44572544    1.1392e-16 
 9419.65079927   1.11635e-16 
 9423.85587311   1.03397e-16 
 9428.06094694   8.57421e-17 
 9432.26602077   6.55815e-17 
 9436.47109461     6.635e-17 
 9440.67616844   6.64271e-17 
 9444.88124228   7.72435e-17 
 9449.08631611   9.33549e-17 
 9453.29138994   9.00749e-17 
 9457.49646378   9.39199e-17 
 9461.70153761    1.0904e-16 
 9465.90661144    1.1719e-16 
 9470.11168528   9.49841e-17 
 9474.31675911   9.76559e-17 
 9478.52183294   9.76658e-17 
 9482.72690678   1.01311e-16 
 9486.93198061   9.37126e-17 
 9491.13705444    8.1347e-17 
 9495.34212828   6.53837e-17 
 9499.54720211   7.12897e-17 
 9503.75227594   7.32632e-17 
 9507.95734978   9.80593e-17 
 9512.16242361   1.06903e-16 
 9516.36749744   1.03416e-16 
 9520.57257128   1.12639e-16 
 9524.77764511    1.0348e-16 
 9528.98271894   1.03038e-16 
 9533.18779278   1.01984e-16 
 9537.39286661   9.58901e-17 
 9541.59794044   9.17459e-17 
 9545.80301428   7.89271e-17 
 9550.00808811   7.82107e-17 
 9554.21316195   9.15421e-17 
 9558.41823578   8.87041e-17 
 9562.62330961    9.9703e-17 
 9566.82838345   1.11503e-16 
 9571.03345728   1.12441e-16 
 9575.23853111   1.10288e-16 
 9579.44360495   1.02108e-16 
 9583.64867878   8.81562e-17 
 9587.85375261     7.935e-17 
 9592.05882645   9.69634e-17 
 9596.26390028   9.94304e-17 
 9600.46897411   9.50524e-17 
 9604.67404795   1.09094e-16 
 9608.87912178   1.13847e-16 
 9613.08419561   1.15033e-16 
 9617.28926945   1.07059e-16 
 9621.49434328   1.01815e-16 
 9625.69941711    1.0557e-16 
 9629.90449095   1.04019e-16 
 9634.10956478   9.91595e-17 
 9638.31463861   8.88076e-17 
 9642.51971245   8.59359e-17 
 9646.72478628   9.14071e-17 
 9650.92986012   1.02232e-16 
 9655.13493395   9.29996e-17 
 9659.34000778   1.10274e-16 
 9663.54508162   1.17944e-16 
 9667.75015545   1.30305e-16 
 9671.95522928   1.36067e-16 
 9676.16030312   1.16164e-16 
 9680.36537695   1.11252e-16 
 9684.57045078   1.15562e-16 
 9688.77552462   1.04233e-16 
 9692.98059845   1.00774e-16 
 9697.18567228   1.09718e-16 
 9701.39074612   1.18572e-16 
 9705.59581995   1.31353e-16 
 9709.80089378   1.36929e-16 
 9714.00596762   1.30074e-16 
 9718.21104145   1.37069e-16 
 9722.41611528   9.13525e-17 
 9726.62118912   1.99868e-17 
 9730.82626295   6.81077e-17 
 9735.03133678  -2.38357e-17 
 9739.23641062  -2.13598e-17 
 9743.44148445   9.34158e-17 
 9747.64655828   1.03925e-16 
 9751.85163212    1.0599e-16 
 9756.05670595   1.11755e-16 
 9760.26177979   1.21714e-16 
 9764.46685362   1.17835e-16 
 9768.67192745   1.11987e-16 
 9772.87700129   1.08973e-16 
 9777.08207512   1.08057e-16 
 9781.28714895   1.10215e-16 
 9785.49222279   1.02503e-16 
 9789.69729662   9.98079e-17 
 9793.90237045   1.06831e-16 
 9798.10744429   1.13421e-16 
 9802.31251812   1.15486e-16 
 9806.51759195   8.23957e-17 
 9810.72266579   7.17815e-17 
 9814.92773962   1.13089e-16 
 9819.13281345    1.1502e-16 
 9823.33788729   1.04087e-16 
 9827.54296112   9.34402e-17 
 9831.74803495   1.06827e-16 
 9835.95310879    9.4862e-17 
 9840.15818262   1.03398e-16 
 9844.36325645   1.19767e-16 
 9848.56833029   1.13522e-16 
 9852.77340412   1.13831e-16 
 9856.97847795   1.17627e-16 
 9861.18355179   1.18795e-16 
 9865.38862562   1.16919e-16 
 9869.59369946   1.09696e-16 
 9873.79877329   1.12794e-16 
 9878.00384712   9.19172e-17 
 9882.20892096   1.09288e-16 
 9886.41399479   9.48403e-17 
 9890.61906862   1.08497e-16 
 9894.82414246   1.16051e-16 
 9899.02921629   1.08856e-16 
 9903.23429012   1.25077e-16 
 9907.43936396   1.25892e-16 
 9911.64443779   9.57484e-17 
 9915.84951162   8.96604e-17 
 9920.05458546   1.08685e-16 
 9924.25965929   1.02634e-16 
 9928.46473312   9.73668e-17 
 9932.66980696   9.38351e-17 
 9936.87488079   9.02535e-17 
 9941.07995462   1.08855e-16 
 9945.28502846   1.13451e-16 
 9949.49010229   1.31029e-16 
 9953.69517612   1.18701e-16 
 9957.90024996    1.0432e-16 
 9962.10532379   9.64963e-17 
 9966.31039762   1.12556e-16 
 9970.51547146   7.87953e-17 
 9974.72054529   8.71776e-17 
 9978.92561913    8.9955e-17 
 9983.13069296   9.14192e-17 
