# STATUS =
# OBJECT = 2015bn
# TELESCOPE = ESO-NTT
# INSTRUMENT = EFOSC2-NTT
# DATE-OBS = 2015-03-12 02:54:23.00
# MJD = 57093.121099499986
# EXPTIME = 1800
# AIRMASS = --
# SLIT = --
# DISPERSER = --
# SOURCE = --
# FILTER =
# RESOLUTION =
# FLUX_STANDARD =
# EXTINCTION_CORRECTED = --
# PHOTOMETRY_CALIBRATED =
# TELLURIC_CORRECTED =
# FLUX_UNITS = erg cm(-2) sec(-1) Ang(-1)
# WAVE_UNITS = Angstrom
# QUALITY = --
# MIN_WAVE = 5986.28
# MAX_WAVE = 9984.807
# COMMENT = Released as part of DR3
 Wavelength           Flux           Error 
    5986.28   1.236042e-15   1.4369949e-17 
   5990.493  1.2236457e-15   1.4282074e-17 
  5994.7065  1.2475622e-15   1.4397434e-17 
    5998.92  1.2506599e-15   1.4356204e-17 
  6003.1333  1.2015983e-15   1.4103183e-17 
  6007.3467  1.2206556e-15   1.4161438e-17 
    6011.56  1.2372347e-15    1.422777e-17 
  6015.7734  1.2360231e-15   1.4201715e-17 
  6019.9873   1.207936e-15     1.40643e-17 
  6024.2007  1.2199355e-15   1.4129438e-17 
   6028.414  1.2143201e-15   1.4078498e-17 
  6032.6274  1.2197721e-15   1.4073964e-17 
   6036.841  1.2209463e-15   1.4038464e-17 
   6041.054  1.2059415e-15    1.399366e-17 
  6045.2676   1.199005e-15   1.3935222e-17 
   6049.481   1.175921e-15   1.3788406e-17 
  6053.6943  1.1749366e-15   1.3792021e-17 
  6057.9077  1.1893483e-15   1.3837907e-17 
   6062.121   1.163301e-15   1.3673519e-17 
  6066.3345  1.1733721e-15  1.37058236e-17 
   6070.548  1.1713258e-15   1.3646226e-17 
   6074.761  1.1471865e-15   1.3538396e-17 
  6078.9746  1.1360497e-15   1.3471911e-17 
  6083.1885   1.119959e-15   1.3374264e-17 
   6087.402  1.1238381e-15   1.3371666e-17 
   6091.615  1.1266544e-15   1.3405979e-17 
  6095.8286   1.108613e-15   1.3287198e-17 
   6100.042  1.0940687e-15   1.3181022e-17 
  6104.2554  1.1030211e-15   1.3246231e-17 
  6108.4688  1.0994704e-15   1.3164394e-17 
   6112.682  1.0986638e-15   1.3161527e-17 
  6116.8955  1.0799187e-15   1.3070697e-17 
   6121.109   1.085959e-15   1.3050918e-17 
  6125.3223  1.0751543e-15   1.3003104e-17 
  6129.5356  1.0661352e-15   1.2988024e-17 
   6133.749  1.0617325e-15   1.2945296e-17 
  6137.9624  1.0558922e-15  1.29157346e-17 
   6142.176   1.043459e-15    1.288195e-17 
  6146.3896  1.0447718e-15  1.29118435e-17 
   6150.603  1.0636212e-15   1.3000808e-17 
  6154.8164  1.0341367e-15    1.280654e-17 
    6159.03  1.0127473e-15   1.2645902e-17 
   6163.243  1.0088706e-15   1.2580293e-17 
  6167.4565  1.0030197e-15   1.2537242e-17 
    6171.67   9.779517e-16   1.2401478e-17 
  6175.8833   9.781639e-16   1.2365574e-17 
  6180.0967   9.837472e-16   1.2365664e-17 
    6184.31    1.00515e-15   1.2456416e-17 
  6188.5234   9.707448e-16  1.22844196e-17 
   6192.737   9.857383e-16   1.2351018e-17 
    6196.95   9.748331e-16   1.2274161e-17 
  6201.1636   9.679953e-16   1.2210149e-17 
   6205.377   9.440657e-16   1.2087128e-17 
  6209.5903   9.564511e-16   1.2180764e-17 
   6213.804   9.532819e-16   1.2132785e-17 
  6218.0176   9.608379e-16   1.2153559e-17 
   6222.231   9.655452e-16   1.2283554e-17 
  6226.4443   9.762929e-16   1.2373204e-17 
  6230.6577   9.413225e-16   1.2235307e-17 
   6234.871   9.589642e-16  1.22721616e-17 
  6239.0845   9.481055e-16   1.2075229e-17 
   6243.298   9.566816e-16   1.2136601e-17 
   6247.511   9.670799e-16    1.222669e-17 
  6251.7246   9.660284e-16   1.2222657e-17 
   6255.938   9.688584e-16   1.2274018e-17 
  6260.1514   9.445615e-16   1.2049913e-17 
  6264.3647   9.610222e-16  1.20536395e-17 
   6268.578   9.584299e-16    1.197906e-17 
  6272.7915   9.595853e-16    1.197214e-17 
  6277.0054   9.730021e-16   1.2084414e-17 
  6281.2188   9.882538e-16  1.21388945e-17 
   6285.432   9.680965e-16   1.2976956e-17 
  6289.6455   9.780392e-16   1.4178974e-17 
   6293.859   9.884335e-16   1.4390031e-17 
  6298.0723   9.902716e-16   1.4328614e-17 
  6302.2856   9.759902e-16   1.3005756e-17 
   6306.499   9.802982e-16   1.2091974e-17 
  6310.7124   9.790696e-16   1.2017619e-17 
   6314.926   9.970132e-16   1.2092408e-17 
   6319.139   9.606451e-16   1.2004383e-17 
  6323.3525   9.892752e-16     1.21238e-17 
   6327.566    9.77643e-16  1.20310045e-17 
  6331.7793   9.987678e-16   1.2076835e-17 
  6335.9927   9.654957e-16   1.1859671e-17 
  6340.2065   9.603942e-16   1.1849063e-17 
    6344.42   9.740302e-16   1.1971192e-17 
  6348.6333   9.655451e-16  1.21477875e-17 
  6352.8467   9.699924e-16   1.2652224e-17 
    6357.06   9.515605e-16   1.2580839e-17 
  6361.2734   9.632269e-16   1.2531407e-17 
   6365.487   9.595138e-16   1.2139275e-17 
     6369.7   9.456377e-16   1.1696639e-17 
  6373.9136      9.485e-16   1.1709871e-17 
   6378.127   9.526468e-16  1.17224455e-17 
  6382.3403   9.584072e-16   1.1730346e-17 
  6386.5537   9.665338e-16   1.1745196e-17 
   6390.767   9.480191e-16  1.16064326e-17 
  6394.9805   9.366171e-16  1.15034155e-17 
   6399.194   9.330772e-16   1.1509449e-17 
  6403.4077   9.262186e-16  1.14334716e-17 
   6407.621   9.331997e-16   1.1501948e-17 
  6411.8345   9.236657e-16   1.1403798e-17 
   6416.048   9.101653e-16  1.13557174e-17 
   6420.261   9.104573e-16   1.1356164e-17 
  6424.4746   9.067636e-16   1.1300574e-17 
   6428.688   9.016546e-16   1.1257866e-17 
  6432.9014   8.947536e-16   1.1187662e-17 
  6437.1147   8.959723e-16   1.1193801e-17 
   6441.328   8.980832e-16   1.1233799e-17 
  6445.5415   8.925959e-16   1.1214112e-17 
   6449.755   8.861541e-16    1.120507e-17 
  6453.9683   8.892301e-16    1.127957e-17 
  6458.1816  8.8112004e-16   1.1266909e-17 
   6462.395   8.876461e-16   1.1316411e-17 
  6466.6084   8.948403e-16   1.1291813e-17 
  6470.8223   8.910377e-16    1.118123e-17 
  6475.0356   8.941698e-16  1.11013304e-17 
   6479.249   8.818216e-16   1.1018744e-17 
  6483.4624   8.888925e-16  1.10615745e-17 
   6487.676   8.907227e-16   1.1193785e-17 
   6491.889   8.829912e-16   1.1177865e-17 
  6496.1025   8.975128e-16   1.1279579e-17 
   6500.316   8.666175e-16   1.1072234e-17 
  6504.5293   8.909111e-16   1.1116976e-17 
  6508.7427   8.802022e-16   1.0972461e-17 
   6512.956   8.726961e-16   1.0934306e-17 
  6517.1694   8.874708e-16   1.1059762e-17 
   6521.383   8.937464e-16   1.1154188e-17 
   6525.596   8.778981e-16   1.1061444e-17 
  6529.8096   8.687448e-16   1.1034808e-17 
  6534.0234   8.915427e-16  1.11092854e-17 
   6538.237  8.7740924e-16   1.0975158e-17 
    6542.45   8.498941e-16   1.0914955e-17 
  6546.6636  8.5375177e-16   1.0919204e-17 
   6550.877   8.739692e-16   1.0986661e-17 
  6555.0903  8.6178657e-16   1.0880196e-17 
  6559.3037   8.578542e-16   1.0796635e-17 
   6563.517  8.3257717e-16  1.06688945e-17 
  6567.7305   8.443949e-16   1.0815248e-17 
   6571.944  8.6072206e-16   1.0875735e-17 
   6576.157   8.320225e-16   1.0724248e-17 
  6580.3706   8.376655e-16   1.0642636e-17 
   6584.584   8.275396e-16    1.055581e-17 
  6588.7974   8.350495e-16  1.05947774e-17 
  6593.0107  8.6066335e-16   1.0769356e-17 
  6597.2246       8.44e-16   1.0724499e-17 
   6601.438   8.372452e-16   1.0634096e-17 
  6605.6514   8.235738e-16  1.05375415e-17 
  6609.8647   8.242599e-16   1.0508079e-17 
   6614.078  8.2962166e-16  1.04989965e-17 
  6618.2915   8.312371e-16   1.0514627e-17 
   6622.505   8.178758e-16   1.0472262e-17 
  6626.7183   8.157165e-16  1.04389995e-17 
  6630.9316  8.1150066e-16  1.04204045e-17 
   6635.145  8.0846256e-16   1.0381183e-17 
  6639.3584    8.19518e-16   1.0417749e-17 
   6643.572  8.1098624e-16   1.0364816e-17 
   6647.785  8.0094657e-16   1.0306474e-17 
  6651.9985  8.0542865e-16  1.03412135e-17 
   6656.212   8.034012e-16   1.0323331e-17 
   6660.426  8.0844424e-16   1.0340553e-17 
   6664.639  8.2003547e-16   1.0400952e-17 
  6668.8525   8.123489e-16  1.03480626e-17 
   6673.066   8.135178e-16   1.0316927e-17 
  6677.2793   7.999528e-16   1.0257912e-17 
  6681.4927    8.00028e-16   1.0260092e-17 
   6685.706   8.053107e-16   1.0277432e-17 
  6689.9194   7.982587e-16   1.0219497e-17 
   6694.133  8.1967437e-16   1.0339526e-17 
   6698.346  8.0746465e-16  1.02532346e-17 
  6702.5596   8.102293e-16    1.029128e-17 
   6706.773  7.9894726e-16  1.01630256e-17 
  6710.9863  8.0173257e-16   1.0214051e-17 
  6715.1997  7.9582546e-16   1.0184725e-17 
   6719.413     7.8638e-16   1.0114971e-17 
  6723.6265  8.0771474e-16     1.02326e-17 
  6727.8403   7.855893e-16    1.010576e-17 
  6732.0537   8.185787e-16    1.031112e-17 
   6736.267   8.045118e-16   1.0250182e-17 
  6740.4805   7.856348e-16   1.0132448e-17 
   6744.694   7.945693e-16  1.01611785e-17 
   6748.907   7.924092e-16   1.0158279e-17 
  6753.1206   7.889644e-16  1.01199195e-17 
   6757.334   7.725833e-16   1.0032203e-17 
  6761.5474   7.817879e-16  1.00814705e-17 
  6765.7607   8.012222e-16   1.0170403e-17 
   6769.974  7.7230664e-16   1.0018396e-17 
  6774.1875   7.745146e-16   1.0025231e-17 
   6778.401   7.838669e-16   1.0095297e-17 
  6782.6143  7.6319283e-16   9.9703165e-18 
  6786.8276  7.5279614e-16    9.912875e-18 
  6791.0415  7.4145236e-16    9.845901e-18 
   6795.255   7.575943e-16   9.9292536e-18 
  6799.4683   7.591538e-16     9.90474e-18 
  6803.6816  7.5323644e-16    9.893288e-18 
   6807.895   7.500573e-16    9.845836e-18 
  6812.1084  7.5148964e-16    9.893301e-18 
   6816.322   7.498319e-16   1.0020868e-17 
   6820.535   7.581966e-16  1.02717485e-17 
  6824.7485  7.3914853e-16   1.0301026e-17 
   6828.962  7.3664137e-16   1.0276206e-17 
  6833.1753   7.472253e-16   1.0196913e-17 
  6837.3887   7.348635e-16   9.8805765e-18 
   6841.602   7.248683e-16    9.751842e-18 
  6845.8154     7.2655e-16   9.7208926e-18 
   6850.029   7.102797e-16    9.719151e-18 
  6854.2427  7.3901825e-16   1.0048817e-17 
   6858.456   7.003212e-16   9.7504105e-18 
  6862.6694  6.6285733e-16    9.332679e-18 
   6866.883   6.165607e-16    8.704941e-18 
   6871.096  6.5960515e-16    8.708863e-18 
  6875.3096  7.3364123e-16    9.129229e-18 
   6879.523   7.376083e-16   9.2568145e-18 
  6883.7363   7.172203e-16    9.214839e-18 
  6887.9497   6.758854e-16    9.012615e-18 
   6892.163   6.869272e-16    9.111002e-18 
  6896.3765   6.970081e-16    9.175196e-18 
    6900.59   6.909409e-16    9.271174e-18 
   6904.803  7.0774156e-16     9.37739e-18 
  6909.0166   7.157216e-16    9.514427e-18 
    6913.23  7.0156843e-16    9.595509e-18 
   6917.444   7.138355e-16    9.641814e-18 
   6921.657  7.1742505e-16    9.671481e-18 
  6925.8706  7.0229466e-16    9.542899e-18 
   6930.084    7.17228e-16    9.565735e-18 
  6934.2974   7.301124e-16    9.697056e-18 
  6938.5107  7.2956107e-16    9.842288e-18 
   6942.724  7.3430827e-16    9.883327e-18 
  6946.9375   7.457812e-16    9.897705e-18 
   6951.151   7.486979e-16   9.8052914e-18 
  6955.3643  7.5714433e-16    9.787017e-18 
  6959.5776  7.5207965e-16    9.794575e-18 
   6963.791   7.747895e-16   9.9575845e-18 
  6968.0044    7.79391e-16  1.00996734e-17 
   6972.218   7.530131e-16    9.971346e-18 
   6976.431   7.704886e-16    9.992029e-18 
   6980.645   7.692164e-16    9.916165e-18 
  6984.8584   7.795885e-16    9.881372e-18 
   6989.072  7.7253407e-16   9.8423615e-18 
   6993.285   7.654549e-16     9.85381e-18 
  6997.4985   7.884725e-16     9.99376e-18 
   7001.712  7.7005173e-16   9.9537414e-18 
  7005.9253    7.79253e-16   9.9349016e-18 
  7010.1387  7.8817586e-16    9.948944e-18 
   7014.352  7.8787945e-16    9.926629e-18 
  7018.5654   7.705697e-16   9.8019166e-18 
   7022.779   7.863973e-16    9.879935e-18 
   7026.992  7.9510453e-16    9.951839e-18 
  7031.2056   7.904154e-16    9.958328e-18 
   7035.419  7.6363514e-16     9.85343e-18 
  7039.6323  7.6721364e-16    9.941215e-18 
  7043.8457   7.780028e-16    9.975712e-18 
  7048.0596   7.600122e-16    9.854282e-18 
   7052.273   7.851265e-16   9.9431394e-18 
  7056.4863  7.7536485e-16    9.880002e-18 
  7060.6997   7.631526e-16   9.8391504e-18 
   7064.913  7.7705087e-16    9.919389e-18 
  7069.1265  7.8944334e-16    9.990024e-18 
    7073.34  7.7946783e-16    9.958319e-18 
   7077.553  7.6704276e-16    9.892357e-18 
  7081.7666   7.670193e-16   9.8922745e-18 
    7085.98   7.603713e-16    9.848076e-18 
  7090.1934   7.492688e-16    9.750167e-18 
  7094.4067   7.608764e-16    9.803913e-18 
    7098.62  7.5978977e-16   9.7845085e-18 
  7102.8335    7.50417e-16    9.744346e-18 
   7107.047  7.5225573e-16    9.746197e-18 
  7111.2607   7.639176e-16    9.810981e-18 
   7115.474   7.668086e-16    9.842112e-18 
  7119.6875   7.575564e-16    9.806464e-18 
   7123.901   7.572564e-16    9.809831e-18 
  7128.1143  7.5886576e-16    9.808188e-18 
  7132.3276   7.577426e-16    9.834446e-18 
   7136.541    7.75802e-16    9.927513e-18 
  7140.7544  7.8102547e-16    9.958562e-18 
   7144.968  7.7975047e-16    9.940461e-18 
   7149.181   7.661048e-16    9.837954e-18 
  7153.3945  7.8103844e-16     9.90978e-18 
   7157.608   7.759848e-16   9.8487226e-18 
  7161.8213     7.6033e-16     9.74411e-18 
  7166.0347   7.575987e-16    9.650396e-18 
   7170.248   7.403306e-16     9.47194e-18 
   7174.462   7.497892e-16    9.453527e-18 
  7178.6753  7.6292146e-16    9.459235e-18 
  7182.8887    7.69026e-16    9.434253e-18 
   7187.102  7.6868886e-16   9.3795614e-18 
  7191.3154   7.700871e-16    9.411523e-18 
   7195.529  7.7455345e-16    9.444354e-18 
   7199.742   7.776546e-16   9.5241816e-18 
  7203.9556  7.9340443e-16    9.644277e-18 
   7208.169   8.106882e-16   9.8147825e-18 
  7212.3823   7.823448e-16    9.731176e-18 
  7216.5957   7.849484e-16    9.807312e-18 
   7220.809  7.6173186e-16    9.697821e-18 
  7225.0225  7.4748344e-16    9.691505e-18 
   7229.236  7.5729166e-16  1.01292725e-17 
   7233.449    7.57301e-16   1.0491312e-17 
   7237.663   7.505191e-16   1.0611189e-17 
  7241.8765   7.386709e-16    1.043943e-17 
    7246.09   7.658218e-16  1.02113395e-17 
   7250.303  7.6253654e-16    9.833961e-18 
  7254.5166   7.591686e-16     9.67479e-18 
    7258.73  7.6607947e-16    9.685903e-18 
  7262.9434  7.6430075e-16    9.952963e-18 
  7267.1567  7.5921384e-16  1.03764464e-17 
    7271.37    7.66216e-16  1.05666186e-17 
  7275.5835   7.668141e-16   1.0684129e-17 
   7279.797  7.4368413e-16   1.0185416e-17 
  7284.0103  7.5025086e-16    9.971165e-18 
  7288.2236   7.298043e-16    9.678644e-18 
   7292.437   7.365238e-16    9.731499e-18 
  7296.6504   7.629003e-16   9.9035986e-18 
   7300.864   7.584554e-16    9.898118e-18 
  7305.0776  7.6630817e-16   1.0272658e-17 
   7309.291  7.5182036e-16   1.0278986e-17 
  7313.5044   7.325478e-16   1.0175022e-17 
   7317.718  7.2361914e-16  1.01542856e-17 
   7321.931   7.237849e-16    9.877508e-18 
  7326.1445   7.319694e-16    9.975557e-18 
   7330.358   7.390013e-16   1.0449303e-17 
  7334.5713  7.3206067e-16   1.0399525e-17 
  7338.7847   7.383352e-16   1.0420386e-17 
   7342.998  7.2473997e-16   1.0114603e-17 
  7347.2114  7.0756013e-16    9.753924e-18 
   7351.425  7.0427957e-16    9.736141e-18 
   7355.638  7.0534345e-16    9.875295e-18 
  7359.8516  7.0418645e-16   1.0187757e-17 
   7364.065   7.148553e-16   1.0113839e-17 
   7368.279  7.0666085e-16   1.0025164e-17 
   7372.492  7.0659176e-16    9.775754e-18 
  7376.7056  7.1416064e-16    9.562527e-18 
   7380.919   7.043265e-16    9.567861e-18 
  7385.1323   7.188586e-16    9.728738e-18 
  7389.3457   6.831574e-16    9.702052e-18 
   7393.559   6.980571e-16    9.901081e-18 
  7397.7725     7.0819e-16    9.876798e-18 
   7401.986  7.1047747e-16    9.808372e-18 
   7406.199   7.023818e-16   9.5493965e-18 
  7410.4126  6.8174966e-16     9.32366e-18 
   7414.626  6.8458563e-16    9.362143e-18 
  7418.8394  6.7395214e-16    9.333632e-18 
  7423.0527   6.793427e-16    9.430993e-18 
   7427.266   6.799987e-16    9.526775e-18 
    7431.48   6.780999e-16    9.572625e-18 
  7435.6934  6.5681846e-16    9.369504e-18 
  7439.9067   6.618513e-16    9.369593e-18 
    7444.12    6.60358e-16    9.201342e-18 
  7448.3335  6.5277494e-16   9.1417205e-18 
   7452.547   6.579921e-16   9.2113725e-18 
  7456.7603   6.384937e-16    9.182564e-18 
  7460.9736   6.385408e-16    9.310856e-18 
   7465.187   6.545998e-16   9.5076595e-18 
  7469.4004   6.466816e-16    9.543735e-18 
   7473.614  6.3432873e-16    9.515447e-18 
   7477.827  6.4133126e-16    9.460038e-18 
  7482.0405  6.3594376e-16    9.359453e-18 
   7486.254  6.2189503e-16    9.143698e-18 
  7490.4673  6.3413566e-16   9.1193536e-18 
   7494.681  6.2331847e-16      9.0111e-18 
  7498.8945   6.106107e-16    8.910989e-18 
   7503.108  6.2736755e-16    9.004127e-18 
  7507.3213  6.2001197e-16    9.020719e-18 
  7511.5347    6.16897e-16    9.262789e-18 
   7515.748   6.065454e-16   9.4906774e-18 
  7519.9614   6.079598e-16    9.585004e-18 
   7524.175   6.185061e-16   9.5941395e-18 
   7528.388   6.190951e-16    9.334084e-18 
  7532.6016    6.15826e-16    9.126251e-18 
   7536.815   6.036476e-16    8.961878e-18 
  7541.0283   6.129239e-16    8.999955e-18 
  7545.2417  6.2969673e-16    9.102487e-18 
   7549.455   6.034085e-16    8.989796e-18 
  7553.6685  6.0941813e-16   9.0548045e-18 
   7557.882  6.1296095e-16   9.1745745e-18 
  7562.0957  5.9341053e-16    9.242509e-18 
   7566.309  5.9595465e-16    9.299689e-18 
  7570.5225  5.9602093e-16    9.242747e-18 
   7574.736  5.9687564e-16    9.157073e-18 
   7578.949  5.9480136e-16   8.9456895e-18 
  7583.1626  5.9974237e-16    8.761745e-18 
   7587.376  5.5036564e-16    8.189462e-18 
  7591.5894   4.581134e-16    7.107914e-18 
  7595.8027  3.7274336e-16    6.008666e-18 
   7600.016  3.3696143e-16   5.3068785e-18 
  7604.2295  4.4291038e-16   5.6018706e-18 
   7608.443  5.7884416e-16   6.3652193e-18 
  7612.6562  6.7751317e-16    7.139281e-18 
  7616.8696  6.6839084e-16    7.514216e-18 
   7621.083  5.6738237e-16    7.228249e-18 
   7625.297    5.01248e-16   6.8172413e-18 
  7629.5103    5.11193e-16   6.7739934e-18 
  7633.7236   5.189992e-16   6.8062563e-18 
   7637.937  5.4993064e-16    7.027694e-18 
  7642.1504   5.648913e-16    7.345552e-18 
   7646.364   5.985386e-16    7.764508e-18 
   7650.577   5.664497e-16     7.87449e-18 
  7654.7905   5.669617e-16   8.1290025e-18 
   7659.004  5.9026174e-16    8.393356e-18 
  7663.2173  5.8478885e-16   8.4643845e-18 
  7667.4307   5.760184e-16     8.49368e-18 
   7671.644   5.817116e-16    8.588935e-18 
  7675.8574  5.4416763e-16    8.467537e-18 
   7680.071  5.5961757e-16   8.6428595e-18 
   7684.284  5.6619187e-16    8.767221e-18 
   7688.498  5.5742693e-16    8.780013e-18 
  7692.7114  5.6060235e-16    8.829255e-18 
   7696.925  5.6868744e-16   8.9421045e-18 
   7701.138   5.712562e-16    9.483593e-18 
  7705.3516  5.5828286e-16   1.0022963e-17 
   7709.565  5.4442926e-16   1.0296834e-17 
  7713.7783  5.3183314e-16   1.0187638e-17 
  7717.9917    5.36433e-16     9.80142e-18 
   7722.205  5.5128636e-16    9.311615e-18 
  7726.4185  5.5770036e-16      9.1346e-18 
   7730.632  5.4816124e-16     8.89622e-18 
   7734.845  5.4616404e-16    8.986328e-18 
  7739.0586  5.4354724e-16    9.564196e-18 
   7743.272  5.4539086e-16   9.9448625e-18 
  7747.4854    5.34387e-16   1.0041493e-17 
   7751.699  5.2592313e-16  1.00103015e-17 
  7755.9126   5.287539e-16    9.428455e-18 
   7760.126   5.417954e-16    9.700765e-18 
  7764.3394   5.136088e-16    1.007249e-17 
  7768.5527  5.4189134e-16   1.0340334e-17 
   7772.766   5.357981e-16   1.0291621e-17 
  7776.9795  5.3594125e-16    9.765354e-18 
   7781.193  5.3202473e-16    9.458091e-18 
  7785.4062  5.3948307e-16    9.711404e-18 
  7789.6196    5.33439e-16    9.676046e-18 
   7793.833   5.448027e-16    9.737099e-18 
  7798.0464   5.513699e-16    9.565319e-18 
    7802.26  5.2864946e-16    9.203402e-18 
   7806.473    5.38403e-16    9.357526e-18 
  7810.6865    5.35485e-16    9.867702e-18 
  7814.9004  5.1991115e-16    9.847808e-18 
   7819.114  5.2139023e-16    9.803225e-18 
   7823.327   5.174481e-16   9.5410494e-18 
  7827.5405  5.2951603e-16    9.064979e-18 
   7831.754   5.078886e-16   9.0183466e-18 
  7835.9673  5.2088386e-16    9.147525e-18 
  7840.1807  5.2425553e-16   9.6329384e-18 
   7844.394   5.351528e-16  1.02128566e-17 
  7848.6074   5.542629e-16   1.0542507e-17 
   7852.821  5.4067246e-16  1.05084016e-17 
   7857.034   5.275889e-16   1.0191324e-17 
  7861.2476  5.5055045e-16   1.0082093e-17 
   7865.461   5.284356e-16    9.750853e-18 
  7869.6743   5.303107e-16    9.846474e-18 
  7873.8877  5.2430535e-16    9.603465e-18 
   7878.101   5.296137e-16    9.747413e-18 
   7882.315   5.394678e-16    9.833569e-18 
  7886.5283   5.401453e-16    9.629373e-18 
  7890.7417   5.535925e-16    9.555882e-18 
   7894.955  5.4154024e-16   9.1904986e-18 
  7899.1685  5.4515363e-16    9.366159e-18 
   7903.382  5.5769173e-16  1.02465055e-17 
   7907.595   5.760722e-16  1.08275155e-17 
  7911.8086  5.5348346e-16   1.1046597e-17 
   7916.022   5.601209e-16   1.0729569e-17 
  7920.2354  5.5395796e-16  1.02325625e-17 
  7924.4487   5.427913e-16     9.82072e-18 
   7928.662   5.413688e-16    9.538331e-18 
  7932.8755  5.3975454e-16     9.41968e-18 
   7937.089  5.5452574e-16    9.450796e-18 
  7941.3022   5.606954e-16    9.567115e-18 
   7945.516     5.5375e-16   9.5309926e-18 
  7949.7295   5.615463e-16    9.650531e-18 
   7953.943  5.5746187e-16  1.00583095e-17 
  7958.1562  5.4565084e-16   1.0240203e-17 
  7962.3696   5.698722e-16   1.0417485e-17 
   7966.583  5.6126346e-16   1.0292071e-17 
  7970.7964  5.5502924e-16    9.974057e-18 
    7975.01  5.8403096e-16    9.973859e-18 
   7979.223   5.747755e-16   1.0194834e-17 
  7983.4365  5.7374306e-16  1.05480285e-17 
    7987.65   5.804844e-16   1.0644387e-17 
  7991.8633  5.7915465e-16   1.0631132e-17 
  7996.0767  5.8733095e-16   1.0250272e-17 
    8000.29  5.8625226e-16    9.732778e-18 
  8004.5034   5.959219e-16    9.815225e-18 
  8008.7173  5.9180376e-16    9.941997e-18 
  8012.9307  5.8197516e-16   1.0227207e-17 
   8017.144  5.7231825e-16   1.0486652e-17 
  8021.3574  5.7373655e-16   1.0463918e-17 
   8025.571  5.8009597e-16   1.0379376e-17 
   8029.784   5.837609e-16    1.002538e-17 
  8033.9976   5.828602e-16      9.6063e-18 
   8038.211   5.846167e-16   9.6584876e-18 
  8042.4243   6.014486e-16    9.885735e-18 
  8046.6377  5.9923896e-16    9.983325e-18 
   8050.851     5.9735e-16   1.0181213e-17 
  8055.0645  5.9141815e-16   1.0267253e-17 
   8059.278  5.9625217e-16   1.0208725e-17 
   8063.491  5.7860614e-16   9.9967945e-18 
  8067.7046   5.923528e-16    9.842691e-18 
  8071.9185   5.849217e-16    9.714555e-18 
   8076.132  5.7653546e-16     9.67224e-18 
   8080.345  5.9174193e-16   9.8247864e-18 
  8084.5586   5.867818e-16    9.834448e-18 
   8088.772  5.9468235e-16    9.941635e-18 
  8092.9854   5.589398e-16    9.839107e-18 
  8097.1987  5.6165754e-16   9.8897855e-18 
   8101.412   5.596945e-16    9.804946e-18 
  8105.6255   5.693556e-16   9.7397514e-18 
   8109.839  5.8637613e-16    9.736582e-18 
  8114.0522   5.796001e-16     9.67819e-18 
  8118.2656   5.998539e-16    9.819633e-18 
   8122.479  5.8385833e-16    9.724891e-18 
  8126.6924   5.613662e-16    9.590271e-18 
   8130.906  5.5059974e-16    9.526069e-18 
   8135.119  5.4311467e-16    9.472061e-18 
   8139.333  5.5126773e-16    9.537201e-18 
  8143.5464    5.65555e-16   9.5428634e-18 
    8147.76   5.484951e-16    9.392959e-18 
   8151.973   5.494601e-16    9.337759e-18 
  8156.1865  5.3935056e-16    9.224983e-18 
     8160.4   5.558584e-16    9.301421e-18 
  8164.6133   5.458006e-16    9.248492e-18 
  8168.8267  5.4300016e-16   9.2323895e-18 
    8173.04   5.459735e-16    9.316312e-18 
  8177.2534   5.420901e-16    9.319288e-18 
   8181.467  5.4906407e-16   9.3830745e-18 
    8185.68   5.441228e-16    9.404356e-18 
  8189.8936  5.4462694e-16     9.50274e-18 
   8194.107  5.3420393e-16     9.43001e-18 
    8198.32  5.3772955e-16    9.510509e-18 
   8202.534  5.4039156e-16    9.569644e-18 
   8206.747   5.444688e-16    9.629637e-18 
   8210.961  5.2789497e-16    9.477759e-18 
   8215.174    5.28109e-16    9.445565e-18 
   8219.388  4.8147926e-16   9.0271924e-18 
   8223.601   4.849977e-16    8.940478e-18 
   8227.814   4.922497e-16    8.972589e-18 
   8232.027   4.929529e-16   9.0538334e-18 
   8236.241  5.3732557e-16    9.505903e-18 
   8240.455  5.4712854e-16    9.666982e-18 
   8244.668   5.204235e-16   9.6102456e-18 
   8248.882   4.886865e-16     9.36787e-18 
   8253.095   4.781437e-16    9.281057e-18 
   8257.309  4.9557087e-16    9.375465e-18 
   8261.521  4.9011343e-16    9.306071e-18 
   8265.735   4.887931e-16    9.475372e-18 
   8269.948   4.601508e-16    9.846978e-18 
   8274.162  4.5484605e-16   1.0422518e-17 
   8278.375   4.808525e-16   1.1119316e-17 
   8282.589  4.7410176e-16    1.127266e-17 
   8286.802  4.7901767e-16   1.1413007e-17 
   8291.016  4.7066513e-16  1.13928405e-17 
   8295.229   4.515754e-16   1.0811484e-17 
   8299.442  4.4169912e-16    1.053631e-17 
   8303.656  4.3146778e-16    9.978225e-18 
   8307.869   4.520174e-16     9.61509e-18 
   8312.083  4.4997995e-16    9.485364e-18 
   8316.296  4.2416493e-16    9.040409e-18 
    8320.51  4.3860795e-16   9.0552545e-18 
   8324.723   4.475565e-16   9.1027066e-18 
   8328.937   4.480972e-16   9.3937095e-18 
   8333.149  4.1991478e-16    1.064168e-17 
   8337.363  4.1344104e-16   1.1859639e-17 
   8341.576  4.2794974e-16   1.2405783e-17 
    8345.79  4.0032042e-16   1.2246034e-17 
   8350.003  4.0114324e-16   1.0798361e-17 
   8354.217  4.1106358e-16  1.02213625e-17 
    8358.43  4.1387652e-16    9.709406e-18 
   8362.644  3.9222967e-16    9.298986e-18 
   8366.857  3.9063735e-16    9.207236e-18 
    8371.07  3.9773967e-16    9.337263e-18 
   8375.284  3.6229346e-16    9.361768e-18 
   8379.497  3.6710516e-16    9.446276e-18 
   8383.711  3.6428235e-16    9.385236e-18 
   8387.924  3.7800126e-16   1.0400073e-17 
   8392.138  3.7217926e-16   1.0920323e-17 
   8396.351  3.6774306e-16   1.0850375e-17 
   8400.564  3.9057978e-16   1.0779113e-17 
   8404.777  3.7709377e-16   1.0007108e-17 
   8408.991  3.9392366e-16    9.791324e-18 
   8413.204  3.8500308e-16    9.788386e-18 
   8417.418  3.8752975e-16   1.0494766e-17 
   8421.631   3.625121e-16   1.0986456e-17 
   8425.845   3.684959e-16  1.12102015e-17 
   8430.059  3.6743667e-16    1.119387e-17 
   8434.271  3.5689384e-16   1.0202901e-17 
   8438.485  3.6695172e-16    9.698438e-18 
   8442.698   3.677592e-16  1.00164235e-17 
   8446.912   3.733997e-16   1.0208708e-17 
   8451.125  4.0114075e-16   1.0367375e-17 
   8455.339  3.9970476e-16   1.0760584e-17 
   8459.552   3.929808e-16   1.0844771e-17 
   8463.766  3.8973974e-16  1.07783445e-17 
   8467.979  3.8745614e-16   1.0327107e-17 
   8472.192   3.907623e-16   9.4022394e-18 
   8476.405  3.8846223e-16    8.943173e-18 
   8480.619  3.8944256e-16    9.143428e-18 
   8484.832   3.966071e-16     9.53032e-18 
   8489.046   4.048098e-16    9.680977e-18 
    8493.26  4.0601998e-16   1.0131979e-17 
   8497.473   4.163918e-16   1.0525621e-17 
   8501.687  4.2652413e-16   1.0376572e-17 
   8505.899  4.2101622e-16  1.02417425e-17 
   8510.113  4.1429943e-16     9.62448e-18 
   8514.326  3.9687443e-16    9.081008e-18 
    8518.54  3.9188151e-16    9.001652e-18 
   8522.753  4.2013705e-16      9.2679e-18 
   8526.967  4.1052609e-16    9.282044e-18 
    8531.18  4.1341047e-16    9.405887e-18 
   8535.394  4.2024878e-16    9.547012e-18 
   8539.606  4.2475317e-16    9.897306e-18 
    8543.82  4.3348454e-16     9.96592e-18 
   8548.033   4.353401e-16    9.887391e-18 
   8552.247  4.1503966e-16    9.584108e-18 
   8556.461   4.219774e-16    9.391823e-18 
   8560.674  4.1177718e-16    9.189556e-18 
   8564.888  4.2666725e-16   9.3346265e-18 
   8569.101  4.3183203e-16    9.438025e-18 
   8573.314  4.2939875e-16   9.4071066e-18 
   8577.527  4.2876247e-16    9.496694e-18 
   8581.741  4.2249741e-16   9.4974165e-18 
   8585.954  4.2548392e-16    9.664285e-18 
   8590.168  4.4794003e-16    9.844329e-18 
   8594.381  4.2236536e-16    9.650094e-18 
   8598.595  4.0534388e-16    9.502481e-18 
   8602.808  4.2641518e-16    9.603229e-18 
   8607.021  4.2009165e-16    9.677551e-18 
   8611.234   4.383092e-16   1.0070456e-17 
   8615.448   4.426306e-16   1.0459926e-17 
   8619.662   4.504432e-16   1.0913242e-17 
   8623.875   4.489227e-16  1.11446515e-17 
   8628.089  4.6225484e-16   1.1258777e-17 
   8632.302  4.5633185e-16   1.0961286e-17 
   8636.516   4.476369e-16   1.0597024e-17 
   8640.729  4.4879755e-16   1.0585322e-17 
   8644.942  4.3795246e-16   1.0688205e-17 
   8649.155  4.3363505e-16   1.0937918e-17 
   8653.369   4.337873e-16  1.11411675e-17 
   8657.582   4.502083e-16   1.1222176e-17 
   8661.796  4.3628687e-16   1.1039879e-17 
   8666.009  4.4630706e-16    1.087551e-17 
   8670.223  4.7259616e-16   1.0892758e-17 
   8674.436  4.5704474e-16   1.0573209e-17 
   8678.649   4.541316e-16   1.0330838e-17 
   8682.863  4.3185205e-16     1.00634e-17 
   8687.076  4.3696513e-16    9.979789e-18 
    8691.29  4.4091932e-16   9.9795495e-18 
   8695.503  4.6011984e-16  1.00828924e-17 
   8699.717   4.396032e-16   9.9330354e-18 
    8703.93  4.4606306e-16    9.974908e-18 
   8708.144  4.4839145e-16   1.0027391e-17 
   8712.356   4.610899e-16   1.0024158e-17 
    8716.57   4.557119e-16   1.0021496e-17 
   8720.783  4.6177023e-16   1.0041195e-17 
   8724.997   4.560429e-16   9.9787024e-18 
    8729.21  4.3461938e-16    9.885664e-18 
   8733.424   4.391072e-16   9.8892106e-18 
   8737.637  4.4004622e-16    9.978893e-18 
   8741.851  4.2439424e-16    9.914993e-18 
   8746.064  4.3416778e-16   1.0137799e-17 
   8750.277   4.564228e-16   1.1351718e-17 
   8754.491  4.4033272e-16   1.2381193e-17 
   8758.704  4.4231772e-16  1.35470305e-17 
   8762.918  4.6237475e-16   1.3842534e-17 
   8767.131  4.5085123e-16   1.4075886e-17 
   8771.345  4.4606036e-16  1.36967966e-17 
   8775.558  4.2563477e-16   1.2768913e-17 
   8779.771  4.0597185e-16   1.2345894e-17 
   8783.984  4.1959013e-16   1.1491429e-17 
   8788.198  4.3590663e-16    1.092872e-17 
   8792.411   4.321912e-16   1.0869976e-17 
   8796.625  4.2818315e-16   1.0454265e-17 
   8800.838   4.368574e-16   1.0235675e-17 
   8805.052  4.4198007e-16  1.03441715e-17 
   8809.265   4.351477e-16   1.0188313e-17 
   8813.479   4.450295e-16   1.1386026e-17 
   8817.692  4.4220903e-16  1.36928435e-17 
   8821.905  4.0984925e-16   1.4764517e-17 
   8826.119  4.0896964e-16   1.5430288e-17 
   8830.332   3.984941e-16   1.4939956e-17 
   8834.546  4.0500338e-16   1.2643813e-17 
   8838.759  4.0243472e-16   1.2029532e-17 
   8842.973  4.1014405e-16   1.1179322e-17 
   8847.186   4.374548e-16  1.11867385e-17 
   8851.399   4.226189e-16   1.0957053e-17 
   8855.612  4.0447666e-16   1.0835374e-17 
   8859.826   4.307425e-16   1.1614682e-17 
   8864.039   4.093214e-16   1.1592541e-17 
   8868.253   3.834564e-16   1.1367988e-17 
   8872.466  4.1353448e-16   1.1525576e-17 
    8876.68  4.2707872e-16   1.3307184e-17 
   8880.894  4.2557635e-16   1.3787306e-17 
   8885.106  4.1375865e-16  1.37531515e-17 
    8889.32  4.1673926e-16   1.3092051e-17 
   8893.533  4.2390876e-16   1.2263841e-17 
   8897.747  4.1217462e-16   1.2169467e-17 
    8901.96  4.1754974e-16   1.2265669e-17 
   8906.174  3.9463937e-16   1.2248257e-17 
   8910.387  3.7773257e-16   1.3678577e-17 
   8914.601   3.736009e-16   1.4135537e-17 
   8918.813  3.8437884e-16   1.4352781e-17 
   8923.027   3.593625e-16   1.3175647e-17 
    8927.24  3.6225476e-16   1.1021336e-17 
   8931.454   3.888976e-16     1.09456e-17 
   8935.667  3.9701162e-16   1.1818827e-17 
   8939.881  3.9179723e-16  1.18144106e-17 
   8944.095  3.7798295e-16   1.2065416e-17 
   8948.308  3.8576279e-16   1.3148202e-17 
   8952.521  3.7930434e-16  1.35167284e-17 
   8956.734  3.9746677e-16   1.3574782e-17 
   8960.948   3.952802e-16   1.2968394e-17 
   8965.161  3.7095472e-16   1.0941333e-17 
   8969.375  3.9015555e-16   1.0213747e-17 
   8973.588  3.7834122e-16   1.0229392e-17 
   8977.802   3.566102e-16   1.0429211e-17 
   8982.015  3.5573025e-16   1.0949568e-17 
   8986.229  3.5023746e-16   1.0910815e-17 
   8990.441  3.7565392e-16  1.18381134e-17 
   8994.655  3.8142553e-16  1.23529225e-17 
   8998.868  3.9273032e-16   1.2140232e-17 
   9003.082  3.9051162e-16   1.2069411e-17 
   9007.296  3.7962495e-16  1.08655285e-17 
   9011.509  3.9565528e-16  1.03432095e-17 
   9015.723  3.7900518e-16   1.0143912e-17 
   9019.936  3.7703308e-16   1.0218613e-17 
   9024.149  3.7459675e-16   1.0295926e-17 
   9028.362   3.775706e-16   1.0760112e-17 
   9032.576    3.56324e-16   1.0777649e-17 
   9036.789  3.5746913e-16   1.1157011e-17 
   9041.003  3.6292395e-16   1.1843069e-17 
   9045.216  3.5930796e-16   1.1670144e-17 
    9049.43  3.5824385e-16  1.16298476e-17 
   9053.643  3.8064057e-16   1.1416664e-17 
   9057.856  3.9277984e-16    1.097389e-17 
   9062.069   3.817901e-16   1.0686182e-17 
   9066.283  3.5293364e-16   1.0416223e-17 
   9070.497  3.5889236e-16   1.0395434e-17 
    9074.71  3.5918107e-16   1.0286362e-17 
   9078.924  3.6705945e-16   1.0378729e-17 
   9083.137  3.8073988e-16   1.0691451e-17 
   9087.351  3.7242506e-16   1.0789477e-17 
   9091.563   3.758274e-16   1.1110278e-17 
   9095.777  3.6401254e-16    1.121273e-17 
    9099.99  3.6485378e-16   1.1027002e-17 
   9104.204  3.6449583e-16    1.112098e-17 
   9108.417  3.6349506e-16   1.0877335e-17 
   9112.631  3.6586736e-16    1.073898e-17 
   9116.844  3.7412852e-16  1.08910214e-17 
   9121.058  3.5770998e-16   1.0501207e-17 
  9125.2705   3.675641e-16   1.0642985e-17 
   9129.484  3.7677894e-16   1.0711872e-17 
   9133.698  3.5629792e-16    1.054684e-17 
   9137.911  3.9158066e-16  1.08642605e-17 
   9142.125  3.9159577e-16   1.1096229e-17 
   9146.338  4.3865782e-16    1.172122e-17 
   9150.552  3.7050907e-16   1.1225071e-17 
   9154.765  3.6183223e-16   1.1260859e-17 
   9158.979    3.69679e-16   1.1288209e-17 
   9163.191   3.720041e-16   1.1271873e-17 
   9167.405   3.877155e-16   1.1208895e-17 
   9171.618  3.6319116e-16    1.089606e-17 
   9175.832  3.6104335e-16   1.0923722e-17 
   9180.045   3.625433e-16   1.1036299e-17 
   9184.259  3.7802196e-16   1.1305426e-17 
   9188.472  3.7736922e-16   1.1300693e-17 
   9192.686  3.6334865e-16   1.1234446e-17 
   9196.899  3.7501523e-16   1.1476638e-17 
   9201.112   3.644459e-16   1.1463067e-17 
   9205.326   3.624052e-16  1.14401056e-17 
   9209.539  3.6384636e-16   1.1651916e-17 
   9213.753  3.7147458e-16   1.1877711e-17 
   9217.966    3.79215e-16   1.2088881e-17 
    9222.18  3.6969306e-16  1.20326175e-17 
   9226.393  3.7252737e-16  1.19783636e-17 
   9230.606  3.8068916e-16   1.2023368e-17 
   9234.819   3.791696e-16   1.1932949e-17 
   9239.033  3.7654757e-16   1.1948928e-17 
   9243.246  3.7664868e-16   1.2060959e-17 
    9247.46  3.9588676e-16   1.2354433e-17 
   9251.673   3.789401e-16   1.2568342e-17 
   9255.887  3.8946247e-16   1.3247939e-17 
   9260.101  3.6942627e-16   1.3270474e-17 
   9264.313  3.7672913e-16   1.3305414e-17 
   9268.527  3.9319203e-16   1.3102105e-17 
    9272.74   3.686938e-16   1.2275437e-17 
   9276.954  3.6156464e-16  1.21402445e-17 
   9281.167  3.7275503e-16   1.2387755e-17 
   9285.381   3.394447e-16   1.2078628e-17 
   9289.594  3.6699817e-16   1.2436159e-17 
   9293.808  3.4961862e-16   1.2820485e-17 
  9298.0205  3.7324774e-16   1.5205313e-17 
   9302.234  3.7556655e-16   1.8147286e-17 
   9306.447  3.7917327e-16   1.9886411e-17 
   9310.661  3.7926768e-16   1.9808463e-17 
   9314.874   3.571648e-16    1.984405e-17 
   9319.088  3.1549322e-16   1.7322416e-17 
   9323.302  3.4411862e-16   1.5818502e-17 
   9327.515  3.9813526e-16   1.5358602e-17 
   9331.729  3.4745887e-16    1.335497e-17 
   9335.941  3.3215516e-16  1.23651044e-17 
   9340.155    3.53505e-16    1.238764e-17 
   9344.368  3.8937565e-16  1.21936365e-17 
   9348.582  3.8876213e-16   1.1891699e-17 
   9352.795  3.6395132e-16    1.190314e-17 
   9357.009  4.0349338e-16    1.210605e-17 
   9361.222  3.9700238e-16   1.3132451e-17 
   9365.436   4.232433e-16   1.8156863e-17 
   9369.648  4.1511515e-16   2.2096262e-17 
   9373.862  4.0276136e-16   2.2233392e-17 
   9378.075  4.2886236e-16   2.1760659e-17 
   9382.289   4.351629e-16   1.7485799e-17 
   9386.502  4.3986257e-16   1.4264814e-17 
   9390.716   4.023565e-16   1.4275083e-17 
    9394.93   3.845996e-16   1.5029706e-17 
   9399.143  3.9382553e-16   1.5373822e-17 
   9403.356  3.9806207e-16    1.527271e-17 
   9407.569  3.4007192e-16   1.4831243e-17 
   9411.783  3.9005817e-16   1.6391239e-17 
   9415.996  4.0618742e-16   1.6966566e-17 
    9420.21  4.2248023e-16   1.7042407e-17 
   9424.423   4.116332e-16   1.5847378e-17 
   9428.637   3.680831e-16   1.6980112e-17 
    9432.85   3.626199e-16    1.938617e-17 
   9437.063  4.0389165e-16   2.0367627e-17 
   9441.276  3.9010674e-16   2.0420732e-17 
    9445.49   4.466308e-16   1.8103817e-17 
   9449.703  4.3044142e-16   1.7682972e-17 
   9453.917  4.4147643e-16   1.8333816e-17 
   9458.131  4.6183577e-16   1.8244701e-17 
   9462.344  4.5129926e-16    1.731444e-17 
   9466.558  4.7162657e-16   1.8961704e-17 
  9470.7705  4.1314286e-16   2.0375578e-17 
   9474.984   3.662914e-16   2.0185468e-17 
   9479.197  4.1160552e-16   2.0051852e-17 
   9483.411  4.3292963e-16   1.7520941e-17 
   9487.624  4.0940387e-16   1.5132737e-17 
   9491.838   3.898278e-16   1.5901608e-17 
   9496.051  3.4649863e-16   1.7018197e-17 
   9500.265  3.7075135e-16   1.7360721e-17 
   9504.478   3.696082e-16   1.7451633e-17 
   9508.691  3.8690758e-16   1.7707219e-17 
   9512.904   3.566541e-16    1.763273e-17 
   9517.118   3.529878e-16    1.741737e-17 
   9521.332   3.898011e-16   1.7500465e-17 
   9525.545  3.7163838e-16   1.6005128e-17 
   9529.759   3.950545e-16   1.5476467e-17 
   9533.972   3.992317e-16   1.5432111e-17 
   9538.186  3.8905007e-16     1.54244e-17 
   9542.398   3.613779e-16   1.6220598e-17 
   9546.612   3.193152e-16   1.6617362e-17 
   9550.825  3.4642435e-16   1.6815114e-17 
   9555.039  3.7983726e-16   1.8055558e-17 
   9559.252  3.2094714e-16   1.8926688e-17 
   9563.466   3.881096e-16   1.9545161e-17 
   9567.679   3.736592e-16    1.961624e-17 
   9571.893  3.8990777e-16   1.7983967e-17 
   9576.105  3.7264299e-16   1.5821209e-17 
   9580.319   3.547999e-16   1.5055124e-17 
   9584.533   2.934504e-16   1.4214657e-17 
   9588.746   3.114269e-16   1.4314291e-17 
    9592.96  3.9024648e-16   1.5249351e-17 
   9597.173  3.6781935e-16   1.5480948e-17 
   9601.387  3.3974875e-16   1.5813182e-17 
     9605.6  3.4743587e-16     1.62745e-17 
   9609.813   3.465648e-16     1.67535e-17 
   9614.026  3.2535994e-16   1.6854629e-17 
    9618.24  3.2141954e-16   1.6587539e-17 
   9622.453  3.1483296e-16    1.640262e-17 
   9626.667  3.2308484e-16   1.5957194e-17 
    9630.88   3.378055e-16   1.5455863e-17 
   9635.094  3.2526063e-16   1.5050498e-17 
   9639.307   2.894988e-16   1.4655491e-17 
  9643.5205  2.9532153e-16   1.4793386e-17 
   9647.734  3.0823068e-16   1.5222312e-17 
   9651.947  3.3056694e-16   1.5682822e-17 
   9656.161   2.748003e-16   1.5522853e-17 
   9660.374   3.273978e-16   1.6977846e-17 
   9664.588  3.0703642e-16   1.7248914e-17 
   9668.801  3.0184601e-16   1.7931056e-17 
   9673.015  3.3946656e-16   1.8983305e-17 
   9677.228  2.9915136e-16   1.8487538e-17 
   9681.441  2.7925279e-16   1.8951462e-17 
   9685.654  3.0549397e-16   1.8762847e-17 
   9689.868  2.9265036e-16   1.8869642e-17 
   9694.081  2.4892726e-16   1.8987451e-17 
   9698.295  2.8715648e-16    1.923586e-17 
   9702.508   3.110879e-16   1.9303426e-17 
   9706.722  3.2258932e-16   1.9165073e-17 
   9710.936  3.2328159e-16   2.0435095e-17 
   9715.148   3.160053e-16   2.1099018e-17 
   9719.362  3.2009158e-16   2.0735687e-17 
   9723.575  2.9949425e-16   1.9487713e-17 
   9727.789  2.7213715e-16    1.790415e-17 
   9732.002   2.802008e-16   1.8040253e-17 
   9736.216  2.5685348e-16   1.8023955e-17 
   9740.429   2.561699e-16   1.7680158e-17 
   9744.643  3.0070908e-16   1.7402173e-17 
   9748.855   2.843116e-16   1.6805822e-17 
   9753.069  2.7742494e-16   1.6200882e-17 
   9757.282   2.793151e-16   1.6172958e-17 
   9761.496  2.9238092e-16   1.6586475e-17 
   9765.709  2.8869337e-16   1.6474235e-17 
   9769.923  2.7235286e-16   1.6599561e-17 
   9774.137   2.794901e-16   1.6906842e-17 
    9778.35   2.780566e-16   1.8795719e-17 
   9782.563   2.654711e-16   2.2612117e-17 
   9786.776  2.5537572e-16   2.4321188e-17 
    9790.99   2.504046e-16   2.5314504e-17 
   9795.203   2.754301e-16   2.4126173e-17 
   9799.417  2.9536076e-16   2.2069548e-17 
    9803.63  2.5953492e-16   2.0855083e-17 
   9807.844  2.7342515e-16    2.038361e-17 
   9812.057   2.810291e-16   2.0010151e-17 
  9816.2705  2.7212508e-16   1.9678594e-17 
   9820.483  2.7781535e-16   1.9576262e-17 
   9824.697  2.5348178e-16    1.876181e-17 
    9828.91  2.6990035e-16   1.8985822e-17 
   9833.124  2.6768523e-16   1.9203509e-17 
   9837.338  2.4925485e-16    1.999506e-17 
   9841.551  2.9516425e-16   2.1755892e-17 
   9845.765  2.9524707e-16   2.2284858e-17 
   9849.978  2.6509251e-16   2.1991674e-17 
   9854.191  2.7376028e-16   2.0906423e-17 
   9858.404  2.6412205e-16   2.1459335e-17 
   9862.618  2.5553684e-16    2.554466e-17 
   9866.831   2.300196e-16   2.7822336e-17 
   9871.045  2.2880774e-16   2.8532937e-17 
   9875.258  2.3363532e-16    2.732742e-17 
   9879.472   2.252563e-16   2.3128875e-17 
   9883.685  2.5568542e-16   2.3474276e-17 
   9887.898  2.0928671e-16      2.4399e-17 
   9892.111  2.3337973e-16   2.5418367e-17 
   9896.325   2.710662e-16   2.5579712e-17 
   9900.538  2.6183527e-16    2.470312e-17 
   9904.752  2.9971724e-16   2.9119077e-17 
   9908.966  2.8293142e-16   3.1162008e-17 
   9913.179  2.3027046e-16   3.1303482e-17 
   9917.393   2.357057e-16   3.0188764e-17 
   9921.605  3.2349364e-16   2.6811534e-17 
   9925.819  2.9179435e-16   2.4484518e-17 
   9930.032   2.703547e-16   2.6184796e-17 
   9934.246  2.4903489e-16    3.136013e-17 
   9938.459    2.79969e-16    3.655493e-17 
   9942.673  2.7364614e-16   3.8717128e-17 
   9946.886  2.4971918e-16   4.0051764e-17 
     9951.1  2.9238108e-16   3.9958677e-17 
  9955.3125   2.965374e-16    3.864142e-17 
   9959.526  2.2678778e-16    3.688065e-17 
   9963.739  2.4498633e-16   3.4642344e-17 
   9967.953   2.805359e-16   3.1435838e-17 
   9972.167  2.0344383e-16   2.8290785e-17 
    9976.38  2.1444063e-16   2.7716096e-17 
   9980.594   2.392977e-16   2.7090698e-17 
   9984.807  2.4182372e-16    2.736222e-17 
