# STATUS =
# OBJECT = 2015bn
# TELESCOPE = UH88
# INSTRUMENT = SNIFS
# DATE-OBS = 2015-06-28 00:00:00.00
# MJD = 57201.0
# EXPTIME = 1800
# AIRMASS = --
# SLIT = 0.0
# DISPERSER = --
# SOURCE = 2016ApJ...826...39N
# FILTER =
# RESOLUTION =
# FLUX_STANDARD =
# EXTINCTION_CORRECTED = --
# PHOTOMETRY_CALIBRATED =
# TELLURIC_CORRECTED =
# FLUX_UNITS = Other
# WAVE_UNITS = Angstrom
# QUALITY = High
# MIN_WAVE = 3301.06
# MAX_WAVE = 9701.2299999999
# COMMENT = [Data obtained from:Nicholl, M.] [Prev. spec info - createdby: ilanm-UploadSet; modifiedby: ilanm-UploadSet]
       Wavelength           Flux 
 3303.44013015991  -6.822665e-17 
 3305.82026031982  -3.569214e-17 
 3308.20039047973  -3.053246e-16 
 3310.58052063964  -4.804554e-16 
 3312.96065079955  -3.060087e-16 
 3315.34078095946  -1.445301e-16 
 3317.72091111938  -2.842984e-16 
 3320.10104127929  -4.015263e-16 
  3322.4811714392  -2.874165e-16 
 3324.86130159911   -1.32695e-16 
 3327.24143175902  -8.835357e-17 
 3329.62156191893  -1.444549e-16 
 3332.00169207884  -1.821077e-16 
 3334.38182223875  -1.257658e-16 
 3336.76195239866  -2.609818e-17 
 3339.14208255857  -4.322131e-17 
 3341.52221271848  -5.506208e-17 
 3343.90234287839  -8.082331e-17 
 3346.28247303831   -2.12513e-18 
 3348.66260319821  -9.018641e-18 
 3351.04273335813   4.826648e-17 
 3353.42286351804   1.431797e-16 
 3355.80299367795   1.355182e-16 
 3358.18312383786  -2.477374e-17 
 3360.56325399777  -1.536103e-16 
 3362.94338415768  -2.104837e-16 
 3365.32351431759  -2.467124e-16 
  3367.7036444775  -3.062609e-16 
 3370.08377463741  -2.226251e-16 
 3372.46390479732   -9.85458e-17 
 3374.84403495723  -1.441992e-16 
 3377.22416511714  -1.962933e-16 
 3379.60429527705  -9.918481e-17 
 3381.98442543696  -7.517876e-18 
 3384.36455559688   4.028922e-17 
 3386.74468575679   7.828301e-17 
  3389.1248159167   1.000415e-16 
 3391.50494607661  -1.287688e-16 
 3393.88507623652  -6.505623e-17 
 3396.26520639643  -4.380942e-17 
 3398.64533655634   1.361269e-17 
 3401.02546671625   2.430749e-17 
 3403.40559687616  -2.847218e-18 
 3405.78572703607   2.957802e-17 
 3408.16585719598   2.016728e-16 
 3410.54598735589   2.651766e-16 
  3412.9261175158   1.200253e-16 
 3415.30624767571   2.692609e-17 
 3417.68637783563   1.042015e-16 
 3420.06650799554   1.445822e-16 
 3422.44663815545   9.740363e-17 
 3424.82676831536   3.149933e-17 
 3427.20689847527   3.938477e-17 
 3429.58702863518   8.220906e-17 
 3431.96715879509    6.95099e-17 
   3434.347288955   1.904385e-17 
 3436.72741911491   6.428076e-17 
 3439.10754927482    4.11621e-18 
 3441.48767943473  -6.026866e-17 
 3443.86780959464  -4.447367e-17 
 3446.24793975455   1.025674e-16 
 3448.62806991446   1.114606e-16 
 3451.00820007438  -9.191049e-17 
 3453.38833023429   -1.98376e-16 
  3455.7684603942  -1.423748e-16 
 3458.14859055411  -8.962752e-17 
 3460.52872071402   2.047817e-18 
 3462.90885087393   4.661923e-17 
 3465.28898103384    2.67365e-17 
 3467.66911119375   9.634456e-17 
 3470.04924135366   1.517238e-16 
 3472.42937151357   1.198503e-16 
 3474.80950167348   4.845884e-17 
 3477.18963183339   2.602099e-17 
  3479.5697619933   1.346083e-16 
 3481.94989215321   2.035125e-16 
 3484.33002231312   1.268209e-16 
 3486.71015247304   8.115725e-17 
 3489.09028263295   7.225286e-17 
 3491.47041279286   1.356607e-16 
 3493.85054295277   1.258985e-16 
 3496.23067311268  -3.083822e-17 
 3498.61080327259  -4.927081e-17 
  3500.9909334325    2.04662e-17 
 3503.37106359241   1.115422e-16 
 3505.75119375232   1.764976e-16 
 3508.13132391223   1.913933e-16 
 3510.51145407214   1.300599e-16 
 3512.89158423205   4.779245e-17 
 3515.27171439196   9.795119e-17 
 3517.65184455188    1.63844e-16 
 3520.03197471179   1.309432e-16 
  3522.4121048717   1.160495e-16 
 3524.79223503161   1.718555e-16 
 3527.17236519152   1.430421e-16 
 3529.55249535143   1.130633e-16 
 3531.93262551134   6.399087e-17 
 3534.31275567125  -3.536588e-17 
 3536.69288583116  -9.181469e-17 
 3539.07301599107  -1.279831e-16 
 3541.45314615098  -9.481607e-17 
 3543.83327631089  -4.054252e-17 
  3546.2134064708   8.162313e-21 
 3548.59353663071   5.462476e-17 
 3550.97366679062   1.763328e-17 
 3553.35379695054   6.153565e-17 
 3555.73392711045   7.853016e-17 
 3558.11405727036   4.523832e-17 
 3560.49418743027   4.547957e-17 
 3562.87431759018   6.676635e-17 
 3565.25444775009   8.390917e-17 
    3567.63457791   1.369652e-16 
 3570.01470806991   1.175661e-16 
 3572.39483822982   1.020745e-16 
 3574.77496838973   1.676293e-16 
 3577.15509854964   1.989038e-16 
 3579.53522870955   2.189605e-16 
 3581.91535886946   1.849388e-16 
 3584.29548902937   1.569901e-16 
 3586.67561918929   1.955932e-16 
  3589.0557493492   2.218085e-16 
 3591.43587950911   2.440986e-16 
 3593.81600966902   2.569483e-16 
 3596.19613982893   2.106843e-16 
 3598.57626998884    1.62733e-16 
 3600.95640014875   1.106118e-16 
 3603.33653030866   1.215985e-16 
 3605.71666046857   1.313202e-16 
 3608.09679062848   7.774018e-17 
 3610.47692078839   3.745104e-17 
  3612.8570509483   5.634039e-17 
 3615.23718110821    2.28973e-17 
 3617.61731126812   2.825623e-17 
 3619.99744142803   4.816303e-18 
 3622.37757158795  -1.104458e-17 
 3624.75770174786   5.279477e-18 
 3627.13783190777   7.005208e-17 
 3629.51796206768   1.281115e-16 
 3631.89809222759   9.642071e-17 
  3634.2782223875   6.495485e-17 
 3636.65835254741   1.041943e-16 
 3639.03848270732   1.557494e-16 
 3641.41861286723   1.535355e-16 
 3643.79874302714   1.668097e-16 
 3646.17887318705   1.822363e-16 
 3648.55900334696   1.469595e-16 
 3650.93913350687   1.305806e-16 
 3653.31926366678   7.564756e-17 
  3655.6993938267   7.828201e-17 
 3658.07952398661   1.624409e-16 
 3660.45965414652   1.749482e-16 
 3662.83978430643   5.339885e-17 
 3665.21991446634   5.265093e-20 
 3667.60004462625   4.224004e-17 
 3669.98017478616   1.427044e-16 
 3672.36030494607   1.759335e-16 
 3674.74043510598   1.554115e-16 
 3677.12056526589   1.434604e-16 
  3679.5006954258   1.206263e-16 
 3681.88082558571   8.170996e-17 
 3684.26095574562   5.851982e-17 
 3686.64108590553   7.104891e-17 
 3689.02121606545   8.554941e-17 
 3691.40134622536   7.718846e-17 
 3693.78147638527   7.446876e-17 
 3696.16160654518   4.601596e-17 
 3698.54173670509    7.48079e-17 
   3700.921866865   1.291779e-16 
 3703.30199702491   1.716363e-16 
 3705.68212718482   1.199574e-16 
 3708.06225734473   9.560387e-17 
 3710.44238750464    1.28799e-16 
 3712.82251766455   1.290969e-16 
 3715.20264782446   9.801573e-17 
 3717.58277798437   1.000846e-16 
 3719.96290814428    1.20377e-16 
  3722.3430383042   1.578795e-16 
 3724.72316846411   2.308459e-16 
 3727.10329862402   2.723926e-16 
 3729.48342878393   2.608892e-16 
 3731.86355894384   2.528121e-16 
 3734.24368910375   2.233684e-16 
 3736.62381926366    1.84005e-16 
 3739.00394942357   1.808176e-16 
 3741.38407958348   1.837129e-16 
 3743.76420974339   1.648013e-16 
  3746.1443399033   2.132781e-16 
 3748.52447006321   2.751212e-16 
 3750.90460022312   2.761818e-16 
 3753.28473038303   2.722695e-16 
 3755.66486054295   2.526579e-16 
 3758.04499070286   1.918203e-16 
 3760.42512086277   1.758475e-16 
 3762.80525102268   1.919799e-16 
 3765.18538118259   1.652888e-16 
  3767.5655113425   1.849329e-16 
 3769.94564150241   2.151657e-16 
 3772.32577166232   1.972191e-16 
 3774.70590182223   2.025316e-16 
 3777.08603198214   1.960487e-16 
 3779.46616214205   2.132157e-16 
 3781.84629230196   2.219145e-16 
 3784.22642246187    1.76956e-16 
 3786.60655262178    1.66581e-16 
  3788.9866827817   2.042213e-16 
 3791.36681294161    1.86212e-16 
 3793.74694310152   1.934723e-16 
 3796.12707326143   1.911717e-16 
 3798.50720342134   1.565711e-16 
 3800.88733358125   1.631296e-16 
 3803.26746374116   1.563308e-16 
 3805.64759390107   1.474857e-16 
 3808.02772406098   1.778729e-16 
 3810.40785422089   2.112016e-16 
  3812.7879843808   2.049607e-16 
 3815.16811454071   1.473014e-16 
 3817.54824470062   1.329157e-16 
 3819.92837486053   1.493272e-16 
 3822.30850502045   1.674126e-16 
 3824.68863518036   1.495651e-16 
 3827.06876534027   1.285354e-16 
 3829.44889550018   1.535141e-16 
 3831.82902566009   1.713729e-16 
    3834.20915582   1.543968e-16 
 3836.58928597991   1.342138e-16 
 3838.96941613982    1.29439e-16 
 3841.34954629973   1.500182e-16 
 3843.72967645964   1.804812e-16 
 3846.10980661955   1.490876e-16 
 3848.48993677946   1.165628e-16 
 3850.87006693937   1.613553e-16 
 3853.25019709928   1.978551e-16 
 3855.63032725919   2.040197e-16 
 3858.01045741911   2.129708e-16 
 3860.39058757902   2.400607e-16 
 3862.77071773893   2.144857e-16 
 3865.15084789884   1.324431e-16 
 3867.53097805875   1.325936e-16 
 3869.91110821866    1.94805e-16 
 3872.29123837857   2.881834e-16 
 3874.67136853848   2.832545e-16 
 3877.05149869839   2.775572e-16 
  3879.4316288583   3.074699e-16 
 3881.81175901821   3.142413e-16 
 3884.19188917812   3.055675e-16 
 3886.57201933803   3.005338e-16 
 3888.95214949794   3.146975e-16 
 3891.33227965786   3.228021e-16 
 3893.71240981777   3.025395e-16 
 3896.09253997768   2.637738e-16 
 3898.47267013759   2.641487e-16 
  3900.8528002975   2.732548e-16 
 3903.23293045741   2.856943e-16 
 3905.61306061732   2.643653e-16 
 3907.99319077723   2.380306e-16 
 3910.37332093714   2.284868e-16 
 3912.75345109705   2.205091e-16 
 3915.13358125696     2.1639e-16 
 3917.51371141687   2.369835e-16 
 3919.89384157678   2.500113e-16 
 3922.27397173669   2.462562e-16 
 3924.65410189661   2.830356e-16 
 3927.03423205652   2.747135e-16 
 3929.41436221643   2.182865e-16 
 3931.79449237634    1.88973e-16 
 3934.17462253625   1.870581e-16 
 3936.55475269616   1.873748e-16 
 3938.93488285607   1.781647e-16 
 3941.31501301598   1.689684e-16 
 3943.69514317589   1.805866e-16 
  3946.0752733358   1.881688e-16 
 3948.45540349571    1.31804e-16 
 3950.83553365562    8.83307e-17 
 3953.21566381553   9.075708e-17 
 3955.59579397544   8.311847e-17 
 3957.97592413535   7.632083e-17 
 3960.35605429527    1.33747e-16 
 3962.73618445518   2.204701e-16 
 3965.11631461509    2.10154e-16 
   3967.496444775   1.568511e-16 
 3969.87657493491   1.263315e-16 
 3972.25670509482   1.383732e-16 
 3974.63683525473   1.831912e-16 
 3977.01696541464   2.617383e-16 
 3979.39709557455    2.99256e-16 
 3981.77722573446   2.333448e-16 
 3984.15735589437   2.246504e-16 
 3986.53748605428   3.451537e-16 
 3988.91761621419   3.739347e-16 
 3991.29774637411   3.313499e-16 
 3993.67787653402   3.682289e-16 
 3996.05800669393   4.367767e-16 
 3998.43813685384   4.203997e-16 
 4000.81826701375   4.480032e-16 
 4003.19839717366   4.786975e-16 
 4005.57852733357   5.181341e-16 
 4007.95865749348   5.391303e-16 
 4010.33878765339   5.334456e-16 
  4012.7189178133   4.787207e-16 
 4015.09904797321   4.303791e-16 
 4017.47917813312   4.438155e-16 
 4019.85930829303   4.652036e-16 
 4022.23943845294   4.552155e-16 
 4024.61956861286   4.317113e-16 
 4026.99969877277    3.94449e-16 
 4029.37982893268   3.112537e-16 
 4031.75995909259   2.437456e-16 
  4034.1400892525   2.562897e-16 
 4036.52021941241   2.477079e-16 
 4038.90034957232    2.01932e-16 
 4041.28047973223   1.079793e-16 
 4043.66060989214   3.965009e-17 
 4046.04074005205   4.943668e-17 
 4048.42087021196   1.648957e-17 
 4050.80100037187  -8.505103e-17 
 4053.18113053178  -1.070386e-16 
 4055.56126069169  -7.025473e-17 
 4057.94139085161  -2.575354e-17 
 4060.32152101152   5.125909e-18 
 4062.70165117143   3.477781e-17 
 4065.08178133134   4.284817e-17 
 4067.46191149125   4.254427e-17 
 4069.84204165116     4.1235e-17 
 4072.22217181107   2.739814e-17 
 4074.60230197098   4.035589e-17 
 4076.98243213089   7.401147e-17 
  4079.3625622908   1.611509e-16 
 4081.74269245071   2.301109e-16 
 4084.12282261062   1.982649e-16 
 4086.50295277053   1.875356e-16 
 4088.88308293044    2.40627e-16 
 4091.26321309036   2.587316e-16 
 4093.64334325027   2.355206e-16 
 4096.02347341018   2.246731e-16 
 4098.40360357009   2.656556e-16 
    4100.78373373    2.64311e-16 
 4103.16386388991   2.409392e-16 
 4105.54399404982   2.533899e-16 
 4107.92412420973   3.147476e-16 
 4110.30425436964   3.293698e-16 
 4112.68438452955   3.064732e-16 
 4115.06451468946   3.273177e-16 
 4117.44464484937    3.32371e-16 
 4119.82477500928   3.717721e-16 
 4122.20490516919   3.787546e-16 
  4124.5850353291   3.237886e-16 
 4126.96516548902   2.967003e-16 
 4129.34529564893   3.040251e-16 
 4131.72542580884   3.455057e-16 
 4134.10555596875    3.27844e-16 
 4136.48568612866   2.992155e-16 
 4138.86581628857   2.915273e-16 
 4141.24594644848   2.837613e-16 
 4143.62607660839   2.207251e-16 
  4146.0062067683   1.633933e-16 
 4148.38633692821   1.494242e-16 
 4150.76646708812   1.842321e-16 
 4153.14659724803   1.814483e-16 
 4155.52672740794   1.764021e-16 
 4157.90685756785    1.75802e-16 
 4160.28698772776   2.149109e-16 
 4162.66711788768   2.807331e-16 
 4165.04724804759   2.795561e-16 
  4167.4273782075   2.489928e-16 
 4169.80750836741   2.660392e-16 
 4172.18763852732   2.461583e-16 
 4174.56776868723   2.188389e-16 
 4176.94789884714   2.185132e-16 
 4179.32802900705   2.099992e-16 
 4181.70815916696   2.067111e-16 
 4184.08828932687   2.646437e-16 
 4186.46841948678   2.683306e-16 
 4188.84854964669   2.523306e-16 
  4191.2286798066   2.494323e-16 
 4193.60880996651   2.172167e-16 
 4195.98894012642    2.07445e-16 
 4198.36907028634   2.473327e-16 
 4200.74920044625   2.456077e-16 
 4203.12933060616   2.302457e-16 
 4205.50946076607   2.376295e-16 
 4207.88959092598   2.458893e-16 
 4210.26972108589   2.312015e-16 
  4212.6498512458   2.373409e-16 
 4215.02998140571   2.548098e-16 
 4217.41011156562   2.402216e-16 
 4219.79024172553   2.600838e-16 
 4222.17037188544   2.572615e-16 
 4224.55050204535   1.971991e-16 
 4226.93063220526   1.772139e-16 
 4229.31076236518   2.096781e-16 
 4231.69089252509   2.434022e-16 
   4234.071022685     2.2346e-16 
 4236.45115284491   1.989291e-16 
 4238.83128300482   2.091557e-16 
 4241.21141316473   2.110536e-16 
 4243.59154332464   2.128815e-16 
 4245.97167348455   2.567092e-16 
 4248.35180364446   2.734609e-16 
 4250.73193380437   2.242339e-16 
 4253.11206396428   2.366942e-16 
 4255.49219412419   2.703862e-16 
  4257.8723242841    2.45713e-16 
 4260.25245444401   1.954846e-16 
 4262.63258460393    2.27296e-16 
 4265.01271476384   2.467119e-16 
 4267.39284492375   2.336015e-16 
 4269.77297508366    2.41901e-16 
 4272.15310524357   2.400616e-16 
 4274.53323540348    2.55798e-16 
 4276.91336556339   2.653747e-16 
  4279.2934957233   2.480107e-16 
 4281.67362588321    2.46786e-16 
 4284.05375604312   2.334234e-16 
 4286.43388620303   2.547096e-16 
 4288.81401636294   2.660417e-16 
 4291.19414652285   2.807174e-16 
 4293.57427668276   3.013004e-16 
 4295.95440684268   2.850918e-16 
 4298.33453700258   2.398376e-16 
  4300.7146671625   2.216604e-16 
 4303.09479732241   2.203044e-16 
 4305.47492748232   2.373213e-16 
 4307.85505764223   2.315515e-16 
 4310.23518780214   2.395632e-16 
 4312.61531796205   2.429138e-16 
 4314.99544812196   2.448036e-16 
 4317.37557828187   2.819257e-16 
 4319.75570844178    2.91195e-16 
 4322.13583860169   2.497086e-16 
  4324.5159687616   2.217307e-16 
 4326.89609892151   2.193902e-16 
 4329.27622908142   2.382084e-16 
 4331.65635924133   2.635935e-16 
 4334.03648940125   2.758048e-16 
 4336.41661956116   2.599647e-16 
 4338.79674972107   2.409707e-16 
 4341.17687988098   2.520644e-16 
 4343.55701004089   2.572636e-16 
  4345.9371402008   2.520128e-16 
 4348.31727036071   2.627384e-16 
 4350.69740052062   2.681644e-16 
 4353.07753068053   2.624837e-16 
 4355.45766084044   2.637609e-16 
 4357.83779100035    2.49438e-16 
 4360.21792116026   2.612932e-16 
 4362.59805132018   2.878718e-16 
 4364.97818148008   2.591238e-16 
    4367.35831164   2.743043e-16 
 4369.73844179991   3.250881e-16 
 4372.11857195982   2.899119e-16 
 4374.49870211973   2.566156e-16 
 4376.87883227964   2.715842e-16 
 4379.25896243955   2.599171e-16 
 4381.63909259946    2.40708e-16 
 4384.01922275937   2.547321e-16 
 4386.39935291928   3.027347e-16 
 4388.77948307919   3.290699e-16 
  4391.1596132391   3.179283e-16 
 4393.53974339901   3.088189e-16 
 4395.91987355893   3.069833e-16 
 4398.30000371883   2.873753e-16 
 4400.68013387875   2.851704e-16 
 4403.06026403866   2.892738e-16 
 4405.44039419857   2.896352e-16 
 4407.82052435848   2.877522e-16 
 4410.20065451839   3.024108e-16 
  4412.5807846783   3.086108e-16 
 4414.96091483821   3.011908e-16 
 4417.34104499812   2.894242e-16 
 4419.72117515803   2.856515e-16 
 4422.10130531794   2.837773e-16 
 4424.48143547785   2.879961e-16 
 4426.86156563776   2.909958e-16 
 4429.24169579768   2.879231e-16 
 4431.62182595758   3.081703e-16 
  4434.0019561175   3.099836e-16 
 4436.38208627741   2.930058e-16 
 4438.76221643732   2.746917e-16 
 4441.14234659723   2.429981e-16 
 4443.52247675714   2.335127e-16 
 4445.90260691705   2.578683e-16 
 4448.28273707696   2.729164e-16 
 4450.66286723687   2.606152e-16 
 4453.04299739678   2.407132e-16 
 4455.42312755669   2.569532e-16 
  4457.8032577166   2.794195e-16 
 4460.18338787651   2.599075e-16 
 4462.56351803642   2.367347e-16 
 4464.94364819633   2.385805e-16 
 4467.32377835625   2.360881e-16 
 4469.70390851616   2.305815e-16 
 4472.08403867607   2.389144e-16 
 4474.46416883598   2.622961e-16 
 4476.84429899589   2.626323e-16 
  4479.2244291558   2.310063e-16 
 4481.60455931571   2.063948e-16 
 4483.98468947562   2.205171e-16 
 4486.36481963553   2.341185e-16 
 4488.74494979544   2.387156e-16 
 4491.12507995535   2.390821e-16 
 4493.50521011526   2.518228e-16 
 4495.88534027517   2.555322e-16 
 4498.26547043508   2.327722e-16 
 4500.64560059499   2.217713e-16 
 4503.02573075491   2.257186e-16 
 4505.40586091482     2.1195e-16 
 4507.78599107473   2.050578e-16 
 4510.16612123464   2.149199e-16 
 4512.54625139455    2.33441e-16 
 4514.92638155446   2.368474e-16 
 4517.30651171437   2.318595e-16 
 4519.68664187428   2.341714e-16 
 4522.06677203419   2.292135e-16 
  4524.4469021941    2.39903e-16 
 4526.82703235401   2.406491e-16 
 4529.20716251392   2.267263e-16 
 4531.58729267384   2.272177e-16 
 4533.96742283375   2.431841e-16 
 4536.34755299366   2.638115e-16 
 4538.72768315357   2.743323e-16 
 4541.10781331348   2.373519e-16 
 4543.48794347339   2.127816e-16 
  4545.8680736333   2.315951e-16 
 4548.24820379321   2.805989e-16 
 4550.62833395312   3.129453e-16 
 4553.00846411303   2.842492e-16 
 4555.38859427294   2.327742e-16 
 4557.76872443285   2.124904e-16 
 4560.14885459276   2.303689e-16 
 4562.52898475267    2.56086e-16 
 4564.90911491258   2.327363e-16 
 4567.28924507249   2.077584e-16 
 4569.66937523241   2.208259e-16 
 4572.04950539232   2.498281e-16 
 4574.42963555223   2.559604e-16 
 4576.80976571214   2.468892e-16 
 4579.18989587205   2.444565e-16 
 4581.57002603196   2.422882e-16 
 4583.95015619187   2.521172e-16 
 4586.33028635178   2.710615e-16 
 4588.71041651169   2.784514e-16 
  4591.0905466716   2.272017e-16 
 4593.47067683151   1.926598e-16 
 4595.85080699142   1.988454e-16 
 4598.23093715134   2.159938e-16 
 4600.61106731125   2.295088e-16 
 4602.99119747116   2.181065e-16 
 4605.37132763107   2.460156e-16 
 4607.75145779098    2.72076e-16 
 4610.13158795089   2.421038e-16 
  4612.5117181108   2.055233e-16 
 4614.89184827071   2.199108e-16 
 4617.27197843062   2.104989e-16 
 4619.65210859053   1.935179e-16 
 4622.03223875044   1.913019e-16 
 4624.41236891035   2.093598e-16 
 4626.79249907026   1.881676e-16 
 4629.17262923017   1.734874e-16 
 4631.55275939008   1.868754e-16 
 4633.93288954999   1.916129e-16 
  4636.3130197099   1.926469e-16 
 4638.69314986982   2.302483e-16 
 4641.07328002973    2.69007e-16 
 4643.45341018964    2.32133e-16 
 4645.83354034955   1.703143e-16 
 4648.21367050946   1.826789e-16 
 4650.59380066937    1.87125e-16 
 4652.97393082928    1.86658e-16 
 4655.35406098919   1.940927e-16 
  4657.7341911491    1.92879e-16 
 4660.11432130901   2.108931e-16 
 4662.49445146892    2.28787e-16 
 4664.87458162883   2.220239e-16 
 4667.25471178875    2.02026e-16 
 4669.63484194866   1.915583e-16 
 4672.01497210857   2.154679e-16 
 4674.39510226848   2.131868e-16 
 4676.77523242839   2.082385e-16 
  4679.1553625883    1.96145e-16 
 4681.53549274821    1.80925e-16 
 4683.91562290812   1.869669e-16 
 4686.29575306803   2.061206e-16 
 4688.67588322794   2.056201e-16 
 4691.05601338785   2.148352e-16 
 4693.43614354776   2.145079e-16 
 4695.81627370767   1.771367e-16 
 4698.19640386758   1.604352e-16 
  4700.5765340275   1.799613e-16 
 4702.95666418741   1.949065e-16 
 4705.33679434732   2.095438e-16 
 4707.71692450723   2.271122e-16 
 4710.09705466714   2.313308e-16 
 4712.47718482705   2.085326e-16 
 4714.85731498696   2.097174e-16 
 4717.23744514687    2.26716e-16 
 4719.61757530678   2.163468e-16 
 4721.99770546669   2.033267e-16 
  4724.3778356266   2.007721e-16 
 4726.75796578651   1.859382e-16 
 4729.13809594642   1.815263e-16 
 4731.51822610633   2.037887e-16 
 4733.89835626624   2.089582e-16 
 4736.27848642616   1.914691e-16 
 4738.65861658607   1.908458e-16 
 4741.03874674598   2.070041e-16 
 4743.41887690589   2.041023e-16 
  4745.7990070658   2.157237e-16 
 4748.17913722571   2.445833e-16 
 4750.55926738562   2.275039e-16 
 4752.93939754553   1.975297e-16 
 4755.31952770544    2.03886e-16 
 4757.69965786535   2.300034e-16 
 4760.07978802526   2.414622e-16 
 4762.45991818517   2.372288e-16 
 4764.84004834508     2.2364e-16 
   4767.220178505   2.076784e-16 
  4769.6003086649   1.829906e-16 
 4771.98043882482   1.642443e-16 
 4774.36056898473   1.620154e-16 
 4776.74069914464    1.86809e-16 
 4779.12082930455   2.064901e-16 
 4781.50095946446   1.928611e-16 
 4783.88108962437   1.812432e-16 
 4786.26121978428   1.711763e-16 
 4788.64134994419   1.671626e-16 
  4791.0214801041   1.765637e-16 
 4793.40161026401   2.089005e-16 
 4795.78174042392   2.365169e-16 
 4798.16187058383   2.418423e-16 
 4800.54200074375    2.38277e-16 
 4802.92213090366   2.232968e-16 
 4805.30226106357   2.136566e-16 
 4807.68239122348   2.032602e-16 
 4810.06252138339   2.062149e-16 
  4812.4426515433   2.210279e-16 
 4814.82278170321   2.224418e-16 
 4817.20291186312   2.161361e-16 
 4819.58304202303   2.119755e-16 
 4821.96317218294   2.113795e-16 
 4824.34330234285    2.01275e-16 
 4826.72343250276   1.902073e-16 
 4829.10356266267    1.88223e-16 
 4831.48369282258   1.995301e-16 
 4833.86382298249    1.98748e-16 
  4836.2439531424   1.884677e-16 
 4838.62408330231   1.746687e-16 
 4841.00421346223   1.898972e-16 
 4843.38434362214   2.344257e-16 
 4845.76447378205   2.441461e-16 
 4848.14460394196   2.059706e-16 
 4850.52473410187   1.702872e-16 
 4852.90486426178   1.900366e-16 
 4855.28499442169   2.139052e-16 
  4857.6651245816   2.087808e-16 
 4860.04525474151   2.010737e-16 
 4862.42538490142    1.96915e-16 
 4864.80551506133   2.033616e-16 
 4867.18564522124   2.148801e-16 
 4869.56577538115   2.070964e-16 
 4871.94590554106   2.129677e-16 
 4874.32603570098     2.1257e-16 
 4876.70616586089   1.977261e-16 
  4879.0862960208   1.822186e-16 
 4881.46642618071   1.762751e-16 
 4883.84655634062   1.792121e-16 
 4886.22668650053   1.774936e-16 
 4888.60681666044   1.934085e-16 
 4890.98694682035   2.063979e-16 
 4893.36707698026   2.380023e-16 
 4895.74720714017   2.482214e-16 
 4898.12733730008   2.343508e-16 
 4900.50746745999   1.908666e-16 
  4902.8875976199   1.656991e-16 
 4905.26772777981   1.547745e-16 
 4907.64785793973   1.688488e-16 
 4910.02798809964   1.794336e-16 
 4912.40811825955   1.867031e-16 
 4914.78824841946   1.898608e-16 
 4917.16837857937   1.975625e-16 
 4919.54850873928   1.971465e-16 
 4921.92863889919   2.153408e-16 
  4924.3087690591   2.290959e-16 
 4926.68889921901   2.296163e-16 
 4929.06902937892   2.325662e-16 
 4931.44915953883   1.937682e-16 
 4933.82928969874   1.744151e-16 
 4936.20941985865   1.803563e-16 
 4938.58955001856   1.978351e-16 
 4940.96968017848   2.285222e-16 
 4943.34981033839   2.220975e-16 
  4945.7299404983   2.023174e-16 
 4948.11007065821   2.013191e-16 
 4950.49020081812   2.360034e-16 
 4952.87033097803   2.341925e-16 
 4955.25046113794   2.173645e-16 
 4957.63059129785   1.964449e-16 
 4960.01072145776   2.073185e-16 
 4962.39085161767   2.391703e-16 
 4964.77098177758   2.264153e-16 
 4967.15111193749   2.300108e-16 
  4969.5312420974   2.464337e-16 
 4971.91137225731    2.52488e-16 
 4974.29150241723   2.253463e-16 
 4976.67163257714   2.316188e-16 
 4979.05176273705   2.469161e-16 
 4981.43189289696   2.400705e-16 
 4983.81202305687   2.470848e-16 
 4986.19215321678   2.496487e-16 
 4988.57228337669   2.485915e-16 
  4990.9524135366   2.506985e-16 
 4993.33254369651   2.669062e-16 
 4995.71267385642   2.656292e-16 
 4998.09280401633   2.218354e-16 
 5000.47293417624   2.049479e-16 
 5002.85306433615   2.345486e-16 
 5005.23319449606   2.574571e-16 
 5007.61332465598   2.583128e-16 
 5009.99345481589   2.583846e-16 
  5012.3735849758   2.607563e-16 
 5014.75371513571   2.741711e-16 
 5017.13384529562   2.735744e-16 
 5019.51397545553   2.550675e-16 
 5021.89410561544   2.805086e-16 
 5024.27423577535   2.906763e-16 
 5026.65436593526   2.804748e-16 
 5029.03449609517   2.622574e-16 
 5031.41462625508   2.662021e-16 
 5033.79475641499   2.635141e-16 
  5036.1748865749   2.610158e-16 
 5038.55501673481   2.580692e-16 
 5040.93514689473   2.463818e-16 
 5043.31527705464   2.219511e-16 
 5045.69540721455   2.560268e-16 
 5048.07553737446   3.075739e-16 
 5050.45566753437   3.012913e-16 
 5052.83579769428    2.66245e-16 
 5055.21592785419   2.535357e-16 
  5057.5960580141   2.432683e-16 
 5059.97618817401   2.453815e-16 
 5062.35631833392   2.628243e-16 
 5064.73644849383   2.672763e-16 
 5067.11657865374   2.811305e-16 
 5069.49670881366   3.106961e-16 
 5071.87683897356   2.922454e-16 
 5074.25696913347   2.725489e-16 
 5076.63709929339   2.528775e-16 
  5079.0172294533   2.881306e-16 
 5081.39735961321    3.15863e-16 
 5083.77748977312   2.803066e-16 
 5086.15761993303   2.721153e-16 
 5088.53775009294    3.02555e-16 
 5090.91788025285   3.068953e-16 
 5093.29801041276   2.740445e-16 
 5095.67814057267   2.301119e-16 
 5098.05827073258     2.3357e-16 
 5100.43840089249   2.900785e-16 
  5102.8185310524   3.119527e-16 
 5105.19866121231    2.97914e-16 
 5107.57879137223   2.677883e-16 
 5109.95892153214    2.59815e-16 
 5112.33905169205   3.111792e-16 
 5114.71918185196   3.362049e-16 
 5117.09931201187   3.077557e-16 
 5119.47944217178   2.780157e-16 
 5121.85957233169   2.737497e-16 
  5124.2397024916   2.887369e-16 
 5126.61983265151   2.850261e-16 
 5128.99996281142   2.842739e-16 
 5131.38009297133   2.820422e-16 
 5133.76022313124   3.097132e-16 
 5136.14035329116     2.8191e-16 
 5138.52048345106   2.616238e-16 
 5140.90061361098   2.741878e-16 
 5143.28074377089   2.906286e-16 
  5145.6608739308   2.949868e-16 
 5148.04100409071    2.67561e-16 
 5150.42113425062   2.509483e-16 
 5152.80126441053   3.025858e-16 
 5155.18139457044   2.778912e-16 
 5157.56152473035   2.928753e-16 
 5159.94165489026   2.951663e-16 
 5162.32178505017   2.907437e-16 
 5164.70191521008   2.934808e-16 
 5167.08204536999   2.826166e-16 
  5169.4621755299   2.767048e-16 
 5171.84230568981   2.781536e-16 
 5174.22243584972   2.662803e-16 
 5176.60256600964    2.64901e-16 
 5178.98269616955   2.611897e-16 
 5181.36282632946   2.434178e-16 
 5183.74295648937   2.442641e-16 
 5186.12308664928   2.474096e-16 
 5188.50321680919   2.354872e-16 
  5190.8833469691   2.264459e-16 
 5193.26347712901   2.336625e-16 
 5195.64360728892   2.504344e-16 
 5198.02373744883   2.608981e-16 
 5200.40386760874   2.595508e-16 
 5202.78399776865   2.566396e-16 
 5205.16412792856   2.405192e-16 
 5207.54425808847   2.239604e-16 
 5209.92438824839   2.300112e-16 
  5212.3045184083   2.434639e-16 
 5214.68464856821   2.389315e-16 
 5217.06477872812   2.353627e-16 
 5219.44490888803   2.329518e-16 
 5221.82503904794   2.316579e-16 
 5224.20516920785   2.404292e-16 
 5226.58529936776   2.217513e-16 
 5228.96542952767   2.081982e-16 
 5231.34555968758    1.99161e-16 
 5233.72568984749   2.076719e-16 
  5236.1058200074   2.250558e-16 
 5238.48595016731   2.294853e-16 
 5240.86608032722   2.208537e-16 
 5243.24621048713   2.070109e-16 
 5245.62634064705   1.968281e-16 
 5248.00647080696   1.995012e-16 
 5250.38660096687   2.084691e-16 
 5252.76673112678   2.025979e-16 
 5255.14686128669   1.808115e-16 
  5257.5269914466   1.749818e-16 
 5259.90712160651   1.878041e-16 
 5262.28725176642   1.860854e-16 
 5264.66738192633   1.922449e-16 
 5267.04751208624   2.105381e-16 
 5269.42764224615   2.102164e-16 
 5271.80777240606   1.917556e-16 
 5274.18790256597    1.78512e-16 
 5276.56803272589   1.981758e-16 
  5278.9481628858   1.902823e-16 
 5281.32829304571   1.690809e-16 
 5283.70842320562   1.553524e-16 
 5286.08855336553   1.449903e-16 
 5288.46868352544   1.389265e-16 
 5290.84881368535   1.505606e-16 
 5293.22894384526   1.553276e-16 
 5295.60907400517   1.598091e-16 
 5297.98920416508   1.795749e-16 
 5300.36933432499    1.86029e-16 
  5302.7494644849   1.601909e-16 
 5305.12959464481   1.521214e-16 
 5307.50972480472   1.622488e-16 
 5309.88985496463   1.597647e-16 
 5312.26998512455   1.433271e-16 
 5314.65011528446   1.489366e-16 
 5317.03024544437   1.633727e-16 
 5319.41037560428   1.614578e-16 
 5321.79050576419    1.41888e-16 
  5324.1706359241   1.338339e-16 
 5326.55076608401   1.527524e-16 
 5328.93089624392   1.807701e-16 
 5331.31102640383   1.903279e-16 
 5333.69115656374   1.708031e-16 
 5336.07128672365   1.536431e-16 
 5338.45141688356   1.529288e-16 
 5340.83154704347   1.536892e-16 
 5343.21167720338   1.452573e-16 
  5345.5918073633   1.499165e-16 
 5347.97193752321   1.750142e-16 
 5350.35206768312   1.944625e-16 
 5352.73219784303   1.908738e-16 
 5355.11232800294   1.758263e-16 
 5357.49245816285   1.676065e-16 
 5359.87258832276   1.765504e-16 
 5362.25271848267   1.827606e-16 
 5364.63284864258   1.692337e-16 
 5367.01297880249   1.684481e-16 
  5369.3931089624   1.851635e-16 
 5371.77323912231   1.966482e-16 
 5374.15336928222   1.904702e-16 
 5376.53349944213   1.668796e-16 
 5378.91362960205    1.45924e-16 
 5381.29375976196   1.455028e-16 
 5383.67388992187   1.585911e-16 
 5386.05402008178   1.699009e-16 
 5388.43415024169    1.85293e-16 
  5390.8142804016   2.014254e-16 
 5393.19441056151   1.782717e-16 
 5395.57454072142   1.495772e-16 
 5397.95467088133   1.569107e-16 
 5400.33480104124   1.796874e-16 
 5402.71493120115    1.88252e-16 
 5405.09506136106   1.897404e-16 
 5407.47519152097   1.784436e-16 
 5409.85532168089   1.715804e-16 
  5412.2354518408    1.87325e-16 
 5414.61558200071   2.101639e-16 
 5416.99571216062   2.155107e-16 
 5419.37584232053   1.948087e-16 
 5421.75597248044   1.774457e-16 
 5424.13610264035   1.854176e-16 
 5426.51623280026   1.940754e-16 
 5428.89636296017   1.949199e-16 
 5431.27649312008   1.887499e-16 
 5433.65662327999   1.967567e-16 
  5436.0367534399   2.176854e-16 
 5438.41688359981   2.266143e-16 
 5440.79701375972   2.165349e-16 
 5443.17714391964   2.054043e-16 
 5445.55727407955   2.070889e-16 
 5447.93740423946    2.15588e-16 
 5450.31753439937   2.165709e-16 
 5452.69766455928   2.073879e-16 
 5455.07779471919    2.02166e-16 
  5457.4579248791    2.13066e-16 
 5459.83805503901     2.2828e-16 
 5462.21818519892   2.347651e-16 
 5464.59831535883   2.291441e-16 
 5466.97844551874   2.103152e-16 
 5469.35857567865   1.940897e-16 
 5471.73870583856   2.010053e-16 
 5474.11883599847    2.17522e-16 
 5476.49896615839   2.285836e-16 
  5478.8790963183   2.385116e-16 
 5481.25922647821   2.224565e-16 
 5483.63935663812   2.066929e-16 
 5486.01948679803   2.154365e-16 
 5488.39961695794   2.317078e-16 
 5490.77974711785   2.315418e-16 
 5493.15987727776    2.25047e-16 
 5495.54000743767    2.22978e-16 
 5497.92013759758   2.134866e-16 
 5500.30026775749   1.951174e-16 
  5502.6803979174    1.86099e-16 
 5505.06052807731   1.981255e-16 
 5507.44065823722   2.104605e-16 
 5509.82078839713   2.118033e-16 
 5512.20091855704   1.976981e-16 
 5514.58104871695    1.83569e-16 
 5516.96117887687   2.024223e-16 
 5519.34130903678   2.131914e-16 
 5521.72143919669   2.097654e-16 
  5524.1015693566   2.062014e-16 
 5526.48169951651    2.06148e-16 
 5528.86182967642   2.100801e-16 
 5531.24195983633   2.237876e-16 
 5533.62208999624   2.215982e-16 
 5536.00222015615   2.095904e-16 
 5538.38235031606   2.080743e-16 
 5540.76248047597   2.209764e-16 
 5543.14261063588   2.319114e-16 
 5545.52274079579   2.342743e-16 
  5547.9028709557    2.26624e-16 
 5550.28300111561   2.176411e-16 
 5552.66313127553   2.060138e-16 
 5555.04326143544   1.893182e-16 
 5557.42339159535   1.935099e-16 
 5559.80352175526   2.008031e-16 
 5562.18365191517   1.928079e-16 
 5564.56378207508   1.810779e-16 
 5566.94391223499   1.738285e-16 
  5569.3240423949    1.65454e-16 
 5571.70417255481   1.794401e-16 
 5574.08430271472   2.315526e-16 
 5576.46443287463   2.800267e-16 
 5578.84456303454   2.639054e-16 
 5581.22469319446   2.032858e-16 
 5583.60482335437   1.770476e-16 
 5585.98495351428   1.941989e-16 
 5588.36508367419   2.203763e-16 
  5590.7452138341   2.340877e-16 
 5593.12534399401   2.287674e-16 
 5595.50547415392    2.14544e-16 
 5597.88560431383   2.157498e-16 
 5600.26573447374   2.226713e-16 
 5602.64586463365   2.227489e-16 
 5605.02599479356   2.259208e-16 
 5607.40612495347   2.261905e-16 
 5609.78625511338   2.157239e-16 
 5612.16638527329   2.038095e-16 
 5614.54651543321   1.981094e-16 
 5616.92664559312   1.879958e-16 
 5619.30677575303    1.73965e-16 
 5621.68690591294   1.779096e-16 
 5624.06703607285   1.850644e-16 
 5626.44716623276   1.895022e-16 
 5628.82729639267   1.979093e-16 
 5631.20742655258    1.97572e-16 
 5633.58755671249   1.894972e-16 
  5635.9676868724   1.700286e-16 
 5638.34781703231   1.682643e-16 
 5640.72794719222   1.897166e-16 
 5643.10807735213   1.910122e-16 
 5645.48820751204   1.876916e-16 
 5647.86833767196   1.774609e-16 
 5650.24846783187   1.769451e-16 
 5652.62859799178   1.954208e-16 
 5655.00872815169   2.083317e-16 
  5657.3888583116   2.043691e-16 
 5659.76898847151   1.835466e-16 
 5662.14911863142   1.603456e-16 
 5664.52924879133    1.59338e-16 
 5666.90937895124   1.715319e-16 
 5669.28950911115   1.697272e-16 
 5671.66963927106   1.659478e-16 
 5674.04976943097   1.685541e-16 
 5676.42989959088   1.770904e-16 
 5678.81002975079   1.799417e-16 
  5681.1901599107   1.660885e-16 
 5683.57029007061    1.67997e-16 
 5685.95042023053    1.75828e-16 
 5688.33055039044   1.719517e-16 
 5690.71068055035   1.744834e-16 
 5693.09081071026   1.867549e-16 
 5695.47094087017   1.792796e-16 
 5697.85107103008   1.729487e-16 
 5700.23120118999   1.845266e-16 
  5702.6113313499   1.975248e-16 
 5704.99146150981   2.002242e-16 
 5707.37159166972   2.000209e-16 
 5709.75172182963   2.002198e-16 
 5712.13185198954   2.054623e-16 
 5714.51198214945     2.0107e-16 
 5716.89211230936   1.858962e-16 
 5719.27224246928     1.8469e-16 
 5721.65237262919   1.854065e-16 
  5724.0325027891   1.945865e-16 
 5726.41263294901   1.944804e-16 
 5728.79276310892    1.88425e-16 
 5731.17289326883   2.003103e-16 
 5733.55302342874   2.072622e-16 
 5735.93315358865   1.806854e-16 
 5738.31328374856   1.628859e-16 
 5740.69341390847   1.663207e-16 
 5743.07354406838   1.769829e-16 
 5745.45367422829    1.90927e-16 
  5747.8338043882   1.908939e-16 
 5750.21393454812   1.759418e-16 
 5752.59406470803    1.66173e-16 
 5754.97419486794   1.783153e-16 
 5757.35432502785   1.991719e-16 
 5759.73445518776   1.995761e-16 
 5762.11458534767    1.92935e-16 
 5764.49471550758   1.995596e-16 
 5766.87484566749   2.024128e-16 
  5769.2549758274   1.896679e-16 
 5771.63510598731   1.966507e-16 
 5774.01523614722   2.034302e-16 
 5776.39536630713   1.992308e-16 
 5778.77549646704   1.974362e-16 
 5781.15562662695   2.077904e-16 
 5783.53575678687   2.081723e-16 
 5785.91588694678   1.965696e-16 
 5788.29601710669   1.968524e-16 
  5790.6761472666   1.987421e-16 
 5793.05627742651   1.978946e-16 
 5795.43640758642   2.073651e-16 
 5797.81653774633   2.096843e-16 
 5800.19666790624   2.134033e-16 
 5802.57679806615   2.181115e-16 
 5804.95692822606   2.252877e-16 
 5807.33705838597   2.333823e-16 
 5809.71718854588   2.256015e-16 
 5812.09731870579   2.178467e-16 
  5814.4774488657   2.237827e-16 
 5816.85757902562   2.329053e-16 
 5819.23770918553   2.263209e-16 
 5821.61783934544   2.108163e-16 
 5823.99796950535   2.117838e-16 
 5826.37809966526   2.133126e-16 
 5828.75822982517   2.128659e-16 
 5831.13835998508   2.180911e-16 
 5833.51849014499   2.251543e-16 
  5835.8986203049   2.306622e-16 
 5838.27875046481   2.288738e-16 
 5840.65888062472   2.277334e-16 
 5843.03901078463   2.313825e-16 
 5845.41914094454   2.277378e-16 
 5847.79927110445    2.22658e-16 
 5850.17940126436   2.311772e-16 
 5852.55953142428   2.401333e-16 
 5854.93966158418   2.402138e-16 
  5857.3197917441   2.447865e-16 
 5859.69992190401   2.513182e-16 
 5862.08005206392   2.501812e-16 
 5864.46018222383   2.505323e-16 
 5866.84031238374    2.40253e-16 
 5869.22044254365   2.229503e-16 
 5871.60057270356   2.178433e-16 
 5873.98070286347   2.158401e-16 
 5876.36083302338   2.161211e-16 
 5878.74096318329   2.158243e-16 
  5881.1210933432   2.190613e-16 
 5883.50122350311   2.286667e-16 
 5885.88135366302   2.305495e-16 
 5888.26148382294   2.300056e-16 
 5890.64161398285   2.353574e-16 
 5893.02174414276   2.370798e-16 
 5895.40187430267   2.325458e-16 
 5897.78200446258   2.358261e-16 
 5900.16213462249   2.423232e-16 
  5902.5422647824   2.398584e-16 
 5904.92239494231   2.347895e-16 
 5907.30252510222   2.380522e-16 
 5909.68265526213   2.440277e-16 
 5912.06278542204   2.429062e-16 
 5914.44291558195   2.412097e-16 
 5916.82304574186   2.372355e-16 
 5919.20317590178   2.344806e-16 
 5921.58330606169   2.415314e-16 
  5923.9634362216   2.500086e-16 
 5926.34356638151   2.545834e-16 
 5928.72369654142   2.460222e-16 
 5931.10382670133   2.271709e-16 
 5933.48395686124   2.135285e-16 
 5935.86408702115   2.164868e-16 
 5938.24421718106   2.241203e-16 
 5940.62434734097   2.304173e-16 
 5943.00447750088   2.372965e-16 
 5945.38460766079   2.363747e-16 
  5947.7647378207    2.24589e-16 
 5950.14486798061   2.251378e-16 
 5952.52499814053   2.353391e-16 
 5954.90512830044   2.330151e-16 
 5957.28525846035   2.226138e-16 
 5959.66538862026   2.203214e-16 
 5962.04551878017   2.319364e-16 
 5964.42564894008   2.391308e-16 
 5966.80577909999   2.306568e-16 
  5969.1859092599   2.179263e-16 
 5971.56603941981   2.178422e-16 
 5973.94616957972    2.31839e-16 
 5976.32629973963   2.380542e-16 
 5978.70642989954   2.334023e-16 
 5981.08656005945   2.229662e-16 
 5983.46669021936   2.119347e-16 
 5985.84682037928   2.042768e-16 
 5988.22695053919   2.030639e-16 
  5990.6070806991   2.170297e-16 
 5992.98721085901   2.234177e-16 
 5995.36734101892   2.183636e-16 
 5997.74747117883   2.138371e-16 
 6000.12760133874    2.08225e-16 
 6002.50773149865   2.081211e-16 
 6004.88786165856   2.155813e-16 
 6007.26799181847   2.181824e-16 
 6009.64812197838   2.091666e-16 
 6012.02825213829   2.095385e-16 
  6014.4083822982   2.119953e-16 
 6016.78851245811    2.06112e-16 
 6019.16864261803   2.019732e-16 
 6021.54877277794   2.036828e-16 
 6023.92890293785   2.053794e-16 
 6026.30903309776   2.105496e-16 
 6028.68916325767   2.007591e-16 
 6031.06929341758   1.909349e-16 
 6033.44942357749   1.958206e-16 
  6035.8295537374   2.072539e-16 
 6038.20968389731   2.071736e-16 
 6040.58981405722   2.006748e-16 
 6042.96994421713   1.986611e-16 
 6045.35007437704   2.021823e-16 
 6047.73020453695   2.016607e-16 
 6050.11033469686   1.962769e-16 
 6052.49046485677   1.972772e-16 
 6054.87059501669   1.984354e-16 
 6057.25072517659   1.988598e-16 
 6059.63085533651   2.018316e-16 
 6062.01098549642   2.029924e-16 
 6064.39111565633   2.004744e-16 
 6066.77124581624   1.866503e-16 
 6069.15137597615   1.826694e-16 
 6071.53150613606   1.938796e-16 
 6073.91163629597    2.00691e-16 
 6076.29176645588   2.035902e-16 
 6078.67189661579   2.012676e-16 
  6081.0520267757   1.948322e-16 
 6083.43215693561   1.972572e-16 
 6085.81228709553   2.041995e-16 
 6088.19241725543   2.010258e-16 
 6090.57254741535   1.997025e-16 
 6092.95267757526   2.057397e-16 
 6095.33280773517   2.035925e-16 
 6097.71293789508   1.965055e-16 
 6100.09306805499   2.030076e-16 
  6102.4731982149   2.130195e-16 
 6104.85332837481   2.195575e-16 
 6107.23345853472   2.126321e-16 
 6109.61358869463   2.024193e-16 
 6111.99371885454   2.085956e-16 
 6114.37384901445   2.132008e-16 
 6116.75397917436   2.074693e-16 
 6119.13410933428   2.043686e-16 
 6121.51423949419   2.056195e-16 
  6123.8943696541   2.029193e-16 
 6126.27449981401    1.95436e-16 
 6128.65462997392   1.930671e-16 
 6131.03476013383   1.952695e-16 
 6133.41489029374   1.983567e-16 
 6135.79502045365   1.995851e-16 
 6138.17515061356   1.954548e-16 
 6140.55528077347   1.870425e-16 
 6142.93541093338   1.793661e-16 
 6145.31554109329   1.845906e-16 
  6147.6956712532   2.010792e-16 
 6150.07580141312   2.078236e-16 
 6152.45593157303   2.018561e-16 
 6154.83606173294   1.919552e-16 
 6157.21619189285   1.835394e-16 
 6159.59632205276   1.804926e-16 
 6161.97645221267   1.845626e-16 
 6164.35658237258   1.870981e-16 
 6166.73671253249   1.806079e-16 
  6169.1168426924   1.828671e-16 
 6171.49697285231   1.946957e-16 
 6173.87710301222   1.947285e-16 
 6176.25723317213   1.871886e-16 
 6178.63736333204   1.803215e-16 
 6181.01749349195   1.737904e-16 
 6183.39762365186   1.682916e-16 
 6185.77775381177   1.705845e-16 
 6188.15788397168   1.804411e-16 
 6190.53801413159    1.87915e-16 
 6192.91814429151   1.885423e-16 
 6195.29827445142   1.852111e-16 
 6197.67840461133   1.822635e-16 
 6200.05853477124   1.790651e-16 
 6202.43866493115   1.697979e-16 
 6204.81879509106    1.63754e-16 
 6207.19892525097   1.578277e-16 
 6209.57905541088   1.562215e-16 
 6211.95918557079     1.5953e-16 
  6214.3393157307   1.556733e-16 
 6216.71944589061   1.483087e-16 
 6219.09957605052   1.452814e-16 
 6221.47970621043    1.47803e-16 
 6223.85983637034    1.54557e-16 
 6226.23996653025   1.607265e-16 
 6228.62009669017   1.540773e-16 
 6231.00022685008   1.459391e-16 
 6233.38035700999   1.424678e-16 
  6235.7604871699   1.445601e-16 
 6238.14061732981   1.502252e-16 
 6240.52074748972   1.545044e-16 
 6242.90087764963   1.539752e-16 
 6245.28100780954   1.544982e-16 
 6247.66113796945   1.594066e-16 
 6250.04126812936   1.611282e-16 
 6252.42139828927   1.559101e-16 
 6254.80152844918    1.50104e-16 
 6257.18165860909   1.501979e-16 
 6259.56178876901   1.544511e-16 
 6261.94191892892   1.513373e-16 
 6264.32204908883   1.381995e-16 
 6266.70217924874   1.304624e-16 
 6269.08230940865   1.232328e-16 
 6271.46243956856   1.192001e-16 
 6273.84256972847   1.246079e-16 
 6276.22269988838   1.338983e-16 
 6278.60283004829   1.367413e-16 
  6280.9829602082   1.336255e-16 
 6283.36309036811   1.297805e-16 
 6285.74322052802   1.351958e-16 
 6288.12335068793   1.405149e-16 
 6290.50348084784   1.293516e-16 
 6292.88361100776     1.2141e-16 
 6295.26374116767   1.318873e-16 
 6297.64387132758    1.40269e-16 
 6300.02400148749    1.36599e-16 
  6302.4041316474    1.36359e-16 
 6304.78426180731   1.311852e-16 
 6307.16439196722   1.294677e-16 
 6309.54452212713   1.303041e-16 
 6311.92465228704   1.303631e-16 
 6314.30478244695   1.325917e-16 
 6316.68491260686   1.333703e-16 
 6319.06504276677   1.297399e-16 
 6321.44517292668   1.226483e-16 
 6323.82530308659   1.186162e-16 
 6326.20543324651   1.204752e-16 
 6328.58556340642   1.251916e-16 
 6330.96569356633   1.294344e-16 
 6333.34582372624   1.344932e-16 
 6335.72595388615   1.387002e-16 
 6338.10608404606     1.3527e-16 
 6340.48621420597   1.291123e-16 
 6342.86634436588   1.289271e-16 
 6345.24647452579   1.319564e-16 
  6347.6266046857   1.258833e-16 
 6350.00673484561   1.174492e-16 
 6352.38686500552   1.134603e-16 
 6354.76699516543   1.093653e-16 
 6357.14712532534   1.152619e-16 
 6359.52725548525   1.190418e-16 
 6361.90738564517   1.185864e-16 
 6364.28751580508   1.169747e-16 
 6366.66764596499   1.150085e-16 
  6369.0477761249   1.208154e-16 
 6371.42790628481   1.227748e-16 
 6373.80803644472   1.190887e-16 
 6376.18816660463   1.162679e-16 
 6378.56829676454   1.120727e-16 
 6380.94842692445   1.122823e-16 
 6383.32855708436   1.207168e-16 
 6385.70868724427   1.288504e-16 
 6388.08881740418   1.288745e-16 
 6390.46894756409   1.221664e-16 
 6392.84907772401   1.153969e-16 
 6395.22920788392    1.18517e-16 
 6397.60933804383   1.260875e-16 
 6399.98946820374   1.274634e-16 
 6402.36959836365   1.231849e-16 
 6404.74972852356   1.202958e-16 
 6407.12985868347   1.185906e-16 
 6409.50998884338   1.178403e-16 
 6411.89011900329   1.157119e-16 
  6414.2702491632   1.116008e-16 
 6416.65037932311   1.082039e-16 
 6419.03050948302   1.078976e-16 
 6421.41063964293   1.120758e-16 
 6423.79076980284   1.176501e-16 
 6426.17089996275   1.165564e-16 
 6428.55103012267   1.086983e-16 
 6430.93116028258   1.067587e-16 
 6433.31129044249   1.100997e-16 
  6435.6914206024   1.143491e-16 
 6438.07155076231   1.180919e-16 
 6440.45168092222   1.166332e-16 
 6442.83181108213   1.068643e-16 
 6445.21194124204   9.931743e-17 
 6447.59207140195    9.67856e-17 
 6449.97220156186   1.009745e-16 
 6452.35233172177   1.077241e-16 
 6454.73246188168   1.092435e-16 
 6457.11259204159   1.085954e-16 
 6459.49272220151   1.056676e-16 
 6461.87285236142   1.036966e-16 
 6464.25298252133     1.0289e-16 
 6466.63311268124   9.945813e-17 
 6469.01324284115    9.94556e-17 
 6471.39337300106   1.036659e-16 
 6473.77350316097   1.061149e-16 
 6476.15363332088    1.03989e-16 
 6478.53376348079   1.021311e-16 
  6480.9138936407   1.027293e-16 
 6483.29402380061   1.053814e-16 
 6485.67415396052   1.123241e-16 
 6488.05428412043   1.143137e-16 
 6490.43441428034   1.115446e-16 
 6492.81454444026   1.109807e-16 
 6495.19467460017   1.084357e-16 
 6497.57480476008   1.078206e-16 
 6499.95493491999    1.12531e-16 
  6502.3350650799   1.176102e-16 
 6504.71519523981   1.184231e-16 
 6507.09532539972   1.195769e-16 
 6509.47545555963   1.241113e-16 
 6511.85558571954   1.253174e-16 
 6514.23571587945   1.220616e-16 
 6516.61584603936   1.185814e-16 
 6518.99597619927   1.173494e-16 
 6521.37610635918   1.185073e-16 
 6523.75623651909   1.157237e-16 
 6526.13636667901     1.1479e-16 
 6528.51649683891   1.177618e-16 
 6530.89662699883   1.179164e-16 
 6533.27675715874   1.199329e-16 
 6535.65688731865   1.207084e-16 
 6538.03701747856   1.169217e-16 
 6540.41714763847   1.139045e-16 
 6542.79727779838   1.183253e-16 
 6545.17740795829   1.264845e-16 
  6547.5575381182   1.287163e-16 
 6549.93766827811   1.255198e-16 
 6552.31779843802   1.249716e-16 
 6554.69792859793   1.278387e-16 
 6557.07805875784   1.288852e-16 
 6559.45818891775   1.284327e-16 
 6561.83831907766   1.234536e-16 
 6564.21844923757   1.210928e-16 
 6566.59857939749   1.239642e-16 
  6568.9787095574   1.228264e-16 
 6571.35883971731   1.207579e-16 
 6573.73896987722   1.256847e-16 
 6576.11910003713   1.306707e-16 
 6578.49923019704   1.342412e-16 
 6580.87936035695   1.380671e-16 
 6583.25949051686   1.358864e-16 
 6585.63962067677   1.317524e-16 
 6588.01975083668   1.287812e-16 
 6590.39988099659   1.252897e-16 
  6592.7800111565   1.240561e-16 
 6595.16014131641   1.319687e-16 
 6597.54027147632   1.402166e-16 
 6599.92040163624   1.400631e-16 
 6602.30053179615   1.356147e-16 
 6604.68066195606   1.326362e-16 
 6607.06079211597   1.281595e-16 
 6609.44092227588   1.225467e-16 
 6611.82105243579   1.223353e-16 
  6614.2011825957   1.259604e-16 
 6616.58131275561   1.280832e-16 
 6618.96144291552   1.279918e-16 
 6621.34157307543   1.260527e-16 
 6623.72170323534   1.258234e-16 
 6626.10183339525   1.293618e-16 
 6628.48196355516   1.354365e-16 
 6630.86209371508   1.389103e-16 
 6633.24222387499   1.360297e-16 
  6635.6223540349   1.286781e-16 
 6638.00248419481     1.2036e-16 
 6640.38261435472   1.173597e-16 
 6642.76274451463   1.199028e-16 
 6645.14287467454    1.25666e-16 
 6647.52300483445   1.334108e-16 
 6649.90313499436   1.301969e-16 
 6652.28326515427   1.251427e-16 
 6654.66339531418   1.245986e-16 
 6657.04352547409   1.264015e-16 
   6659.423655634   1.286338e-16 
 6661.80378579391   1.294911e-16 
 6664.18391595383   1.335875e-16 
 6666.56404611374   1.406811e-16 
 6668.94417627365   1.393159e-16 
 6671.32430643356   1.297368e-16 
 6673.70443659347   1.238427e-16 
 6676.08456675338   1.255923e-16 
 6678.46469691329   1.269619e-16 
  6680.8448270732   1.208559e-16 
 6683.22495723311   1.133771e-16 
 6685.60508739302   1.219866e-16 
 6687.98521755293   1.280423e-16 
 6690.36534771284   1.269589e-16 
 6692.74547787275   1.240083e-16 
 6695.12560803266   1.200943e-16 
 6697.50573819257   1.149746e-16 
 6699.88586835248   1.132267e-16 
  6702.2659985124   1.137667e-16 
 6704.64612867231    1.20159e-16 
 6707.02625883222   1.276886e-16 
 6709.40638899213   1.253948e-16 
 6711.78651915204    1.17888e-16 
 6714.16664931195   1.117937e-16 
 6716.54677947186   1.114024e-16 
 6718.92690963177   1.174794e-16 
 6721.30703979168   1.249696e-16 
 6723.68716995159   1.270912e-16 
  6726.0673001115   1.238317e-16 
 6728.44743027141   1.159527e-16 
 6730.82756043132   1.096873e-16 
 6733.20769059123   1.110067e-16 
 6735.58782075115   1.172744e-16 
 6737.96795091106   1.259121e-16 
 6740.34808107097   1.329678e-16 
 6742.72821123088   1.334202e-16 
 6745.10834139079   1.280906e-16 
  6747.4884715507    1.22728e-16 
 6749.86860171061   1.199907e-16 
 6752.24873187052   1.237369e-16 
 6754.62886203043   1.272804e-16 
 6757.00899219034   1.266303e-16 
 6759.38912235025   1.314031e-16 
 6761.76925251016   1.360429e-16 
 6764.14938267007   1.348267e-16 
 6766.52951282999   1.362621e-16 
  6768.9096429899   1.425185e-16 
 6771.28977314981   1.434121e-16 
 6773.66990330972   1.379503e-16 
 6776.05003346963   1.327683e-16 
 6778.43016362954   1.340269e-16 
 6780.81029378945    1.36248e-16 
 6783.19042394936    1.34125e-16 
 6785.57055410927   1.297879e-16 
 6787.95068426918   1.275277e-16 
 6790.33081442909   1.311474e-16 
   6792.710944589   1.354996e-16 
 6795.09107474891   1.332375e-16 
 6797.47120490882   1.277916e-16 
 6799.85133506874   1.267536e-16 
 6802.23146522865   1.267285e-16 
 6804.61159538856   1.268875e-16 
 6806.99172554847   1.314938e-16 
 6809.37185570838   1.357825e-16 
 6811.75198586829   1.333546e-16 
  6814.1321160282   1.394496e-16 
 6816.51224618811   1.434333e-16 
 6818.89237634802   1.392631e-16 
 6821.27250650793   1.345751e-16 
 6823.65263666784   1.359731e-16 
 6826.03276682775   1.392866e-16 
 6828.41289698766    1.44439e-16 
 6830.79302714757   1.463698e-16 
 6833.17315730749   1.414961e-16 
  6835.5532874674    1.38885e-16 
 6837.93341762731   1.372728e-16 
 6840.31354778722   1.369151e-16 
 6842.69367794713    1.37103e-16 
 6845.07380810704   1.381275e-16 
 6847.45393826695    1.42558e-16 
 6849.83406842686   1.472988e-16 
 6852.21419858677    1.44461e-16 
 6854.59432874668   1.368744e-16 
 6856.97445890659   1.330133e-16 
  6859.3545890665   1.370295e-16 
 6861.73471922641   1.424416e-16 
 6864.11484938632   1.416494e-16 
 6866.49497954624   1.373029e-16 
 6868.87510970614    1.36191e-16 
 6871.25523986606   1.379234e-16 
 6873.63537002597   1.400349e-16 
 6876.01550018588   1.398419e-16 
 6878.39563034579   1.372085e-16 
  6880.7757605057   1.351068e-16 
 6883.15589066561   1.350539e-16 
 6885.53602082552   1.350626e-16 
 6887.91615098543   1.341662e-16 
 6890.29628114534   1.353996e-16 
 6892.67641130525    1.36091e-16 
 6895.05654146516   1.357463e-16 
 6897.43667162507   1.350165e-16 
 6899.81680178498   1.338211e-16 
  6902.1969319449   1.378649e-16 
  6904.5770621048    1.41917e-16 
 6906.95719226472   1.412652e-16 
 6909.33732242463   1.380462e-16 
 6911.71745258454   1.362441e-16 
 6914.09758274445   1.380556e-16 
 6916.47771290436    1.38024e-16 
 6918.85784306427   1.379427e-16 
 6921.23797322418   1.405063e-16 
 6923.61810338409   1.388435e-16 
   6925.998233544   1.347692e-16 
 6928.37836370391   1.361505e-16 
 6930.75849386382   1.408216e-16 
 6933.13862402373   1.429019e-16 
 6935.51875418365    1.41394e-16 
 6937.89888434356   1.370041e-16 
 6940.27901450347   1.324151e-16 
 6942.65914466338   1.351656e-16 
 6945.03927482329   1.413632e-16 
  6947.4194049832   1.440003e-16 
 6949.79953514311   1.412317e-16 
 6952.17966530302   1.361004e-16 
 6954.55979546293   1.358384e-16 
 6956.93992562284   1.403362e-16 
 6959.32005578275   1.428192e-16 
 6961.70018594266   1.404075e-16 
 6964.08031610257   1.379676e-16 
 6966.46044626248   1.409259e-16 
  6968.8405764224   1.434956e-16 
 6971.22070658231    1.38503e-16 
 6973.60083674222   1.313678e-16 
 6975.98096690213   1.317231e-16 
 6978.36109706204   1.366868e-16 
 6980.74122722195   1.418865e-16 
 6983.12135738186   1.427552e-16 
 6985.50148754177   1.379419e-16 
 6987.88161770168   1.340526e-16 
 6990.26174786159   1.352613e-16 
  6992.6418780215   1.381373e-16 
 6995.02200818141   1.393718e-16 
 6997.40213834132   1.362698e-16 
 6999.78226850123   1.326069e-16 
 7002.16239866115    1.35167e-16 
 7004.54252882106   1.410264e-16 
 7006.92265898097    1.41814e-16 
 7009.30278914088   1.423632e-16 
 7011.68291930079   1.461439e-16 
  7014.0630494607   1.469432e-16 
 7016.44317962061   1.447921e-16 
 7018.82330978052   1.426501e-16 
 7021.20343994043   1.420428e-16 
 7023.58357010034   1.447978e-16 
 7025.96370026025   1.495422e-16 
 7028.34383042016   1.505426e-16 
 7030.72396058007   1.479098e-16 
 7033.10409073998   1.490232e-16 
  7035.4842208999   1.530747e-16 
  7037.8643510598   1.529803e-16 
 7040.24448121972   1.473327e-16 
 7042.62461137963   1.462784e-16 
 7045.00474153954   1.528787e-16 
 7047.38487169945    1.57217e-16 
 7049.76500185936    1.53746e-16 
 7052.14513201927   1.512717e-16 
 7054.52526217918   1.538644e-16 
 7056.90539233909   1.566582e-16 
   7059.285522499   1.579029e-16 
 7061.66565265891   1.592882e-16 
 7064.04578281882   1.600455e-16 
 7066.42591297873   1.607667e-16 
 7068.80604313865   1.638097e-16 
 7071.18617329855   1.662041e-16 
 7073.56630345847    1.64601e-16 
 7075.94643361838    1.64596e-16 
 7078.32656377829   1.733184e-16 
  7080.7066939382   1.831643e-16 
 7083.08682409811   1.868295e-16 
 7085.46695425802   1.855382e-16 
 7087.84708441793   1.813722e-16 
 7090.22721457784   1.748842e-16 
 7092.60734473775   1.699755e-16 
 7094.98747489766   1.689268e-16 
 7097.36760505757   1.704009e-16 
 7099.74773521748   1.727851e-16 
 7102.12786537739   1.745707e-16 
  7104.5079955373   1.734173e-16 
 7106.88812569722   1.715577e-16 
 7109.26825585713   1.743145e-16 
 7111.64838601704   1.789683e-16 
 7114.02851617695   1.801599e-16 
 7116.40864633686    1.79892e-16 
 7118.78877649677   1.784219e-16 
 7121.16890665668   1.797817e-16 
 7123.54903681659    1.85139e-16 
  7125.9291669765   1.888316e-16 
 7128.30929713641   1.883895e-16 
 7130.68942729632   1.858302e-16 
 7133.06955745623   1.825635e-16 
 7135.44968761615   1.811723e-16 
 7137.82981777605   1.833368e-16 
 7140.20994793597   1.858737e-16 
 7142.59007809588    1.83149e-16 
 7144.97020825579   1.795096e-16 
  7147.3503384157   1.774259e-16 
 7149.73046857561   1.771467e-16 
 7152.11059873552    1.76997e-16 
 7154.49072889543   1.734712e-16 
 7156.87085905534   1.663859e-16 
 7159.25098921525   1.618367e-16 
 7161.63111937516   1.658628e-16 
 7164.01124953507   1.724436e-16 
 7166.39137969498   1.772204e-16 
  7168.7715098549   1.785828e-16 
  7171.1516400148   1.748508e-16 
 7173.53177017472   1.678206e-16 
 7175.91190033463   1.604369e-16 
 7178.29203049454   1.560713e-16 
 7180.67216065445   1.585481e-16 
 7183.05229081436   1.598823e-16 
 7185.43242097427   1.571902e-16 
 7187.81255113418   1.548197e-16 
 7190.19268129409   1.576811e-16 
   7192.572811454   1.600116e-16 
 7194.95294161391   1.579785e-16 
 7197.33307177382   1.556846e-16 
 7199.71320193373   1.534942e-16 
 7202.09333209364   1.485619e-16 
 7204.47346225356   1.463549e-16 
 7206.85359241347   1.521312e-16 
 7209.23372257338   1.591015e-16 
 7211.61385273329   1.612196e-16 
  7213.9939828932   1.618356e-16 
 7216.37411305311   1.634583e-16 
 7218.75424321302   1.583984e-16 
 7221.13437337293   1.496046e-16 
 7223.51450353284   1.459283e-16 
 7225.89463369275    1.50283e-16 
 7228.27476385266   1.564238e-16 
 7230.65489401257   1.556634e-16 
 7233.03502417248   1.478049e-16 
 7235.41515433239   1.421798e-16 
  7237.7952844923   1.427286e-16 
 7240.17541465222   1.450989e-16 
 7242.55554481213   1.474677e-16 
 7244.93567497204   1.539997e-16 
 7247.31580513195   1.591891e-16 
 7249.69593529186   1.591751e-16 
 7252.07606545177   1.561205e-16 
 7254.45619561168   1.513367e-16 
 7256.83632577159   1.478764e-16 
  7259.2164559315   1.499997e-16 
 7261.59658609141   1.556918e-16 
 7263.97671625132   1.588946e-16 
 7266.35684641123   1.569318e-16 
 7268.73697657114    1.52839e-16 
 7271.11710673105   1.531411e-16 
 7273.49723689096   1.538678e-16 
 7275.87736705088   1.493896e-16 
 7278.25749721079   1.402357e-16 
  7280.6376273707    1.33152e-16 
 7283.01775753061   1.318727e-16 
 7285.39788769052   1.357312e-16 
 7287.77801785043    1.37983e-16 
 7290.15814801034   1.363927e-16 
 7292.53827817025   1.376024e-16 
 7294.91840833016   1.383176e-16 
 7297.29853849007   1.384343e-16 
 7299.67866864998   1.405406e-16 
 7302.05879880989   1.432034e-16 
  7304.4389289698    1.45925e-16 
 7306.81905912971   1.507588e-16 
 7309.19918928963   1.513721e-16 
 7311.57931944954   1.496976e-16 
 7313.95944960945   1.479928e-16 
 7316.33957976936   1.443308e-16 
 7318.71970992927   1.412466e-16 
 7321.09984008918    1.39431e-16 
 7323.47997024909    1.37628e-16 
   7325.860100409   1.342027e-16 
 7328.24023056891   1.283144e-16 
 7330.62036072882   1.224691e-16 
 7333.00049088873   1.246919e-16 
 7335.38062104864   1.352451e-16 
 7337.76075120855   1.398468e-16 
 7340.14088136846   1.320969e-16 
 7342.52101152838   1.241521e-16 
 7344.90114168829   1.288077e-16 
  7347.2812718482   1.307521e-16 
 7349.66140200811   1.271594e-16 
 7352.04153216802    1.26143e-16 
 7354.42166232793   1.284106e-16 
 7356.80179248784   1.260768e-16 
 7359.18192264775   1.244602e-16 
 7361.56205280766   1.300358e-16 
 7363.94218296757   1.368479e-16 
 7366.32231312748     1.3999e-16 
 7368.70244328739   1.416487e-16 
 7371.08257344731   1.376781e-16 
 7373.46270360721   1.302923e-16 
 7375.84283376713   1.239812e-16 
 7378.22296392704   1.204154e-16 
 7380.60309408695   1.205298e-16 
 7382.98322424686   1.236278e-16 
 7385.36335440677   1.279111e-16 
 7387.74348456668   1.262923e-16 
 7390.12361472659   1.198076e-16 
  7392.5037448865   1.177897e-16 
 7394.88387504641   1.230626e-16 
 7397.26400520632   1.313319e-16 
 7399.64413536623   1.346458e-16 
 7402.02426552614   1.335115e-16 
 7404.40439568605   1.279072e-16 
 7406.78452584596   1.176034e-16 
 7409.16465600588   1.118446e-16 
 7411.54478616579    1.11032e-16 
  7413.9249163257   1.092447e-16 
 7416.30504648561   1.077952e-16 
 7418.68517664552    1.10949e-16 
 7421.06530680543   1.114795e-16 
 7423.44543696534   1.098193e-16 
 7425.82556712525   1.103609e-16 
 7428.20569728516   1.139103e-16 
 7430.58582744507   1.162463e-16 
 7432.96595760498   1.135967e-16 
 7435.34608776489   1.077578e-16 
  7437.7262179248   1.026644e-16 
 7440.10634808471   9.960572e-17 
 7442.48647824462   1.006154e-16 
 7444.86660840454   1.055205e-16 
 7447.24673856445   1.082944e-16 
 7449.62686872436   1.087391e-16 
 7452.00699888427   1.085605e-16 
 7454.38712904418   1.083596e-16 
 7456.76725920409   1.102472e-16 
   7459.147389364   1.138134e-16 
 7461.52751952391   1.133175e-16 
 7463.90764968382   1.102921e-16 
 7466.28777984373   1.108237e-16 
 7468.66791000364   1.132781e-16 
 7471.04804016355   1.125538e-16 
 7473.42817032346   1.138435e-16 
 7475.80830048338   1.126196e-16 
 7478.18843064329   1.049449e-16 
  7480.5685608032    9.77833e-17 
 7482.94869096311   9.723932e-17 
 7485.32882112302   9.835963e-17 
 7487.70895128293   1.029958e-16 
 7490.08908144284   1.090491e-16 
 7492.46921160275   1.113812e-16 
 7494.84934176266   1.104509e-16 
 7497.22947192257   1.072418e-16 
 7499.60960208248   1.083325e-16 
 7501.98973224239     1.1459e-16 
  7504.3698624023    1.17115e-16 
 7506.74999256222   1.118611e-16 
 7509.13012272213   1.073339e-16 
 7511.51025288204   1.039867e-16 
 7513.89038304195   1.017753e-16 
 7516.27051320186   1.037815e-16 
 7518.65064336177   1.059234e-16 
 7521.03077352168   1.016207e-16 
 7523.41090368159    9.95211e-17 
  7525.7910338415   1.002261e-16 
 7528.17116400141   9.760054e-17 
 7530.55129416132   9.527865e-17 
 7532.93142432123   9.843548e-17 
 7535.31155448114   1.013768e-16 
 7537.69168464105   9.778852e-17 
 7540.07181480097   9.515385e-17 
 7542.45194496087   9.946494e-17 
 7544.83207512079   1.036508e-16 
  7547.2122052807   1.011751e-16 
 7549.59233544061   9.647182e-17 
 7551.97246560052   9.208404e-17 
 7554.35259576043   8.945481e-17 
 7556.73272592034   9.213064e-17 
 7559.11285608025   9.926125e-17 
 7561.49298624016    1.03679e-16 
 7563.87311640007    1.02613e-16 
 7566.25324655998   9.882713e-17 
 7568.63337671989   9.433334e-17 
  7571.0135068798   9.355762e-17 
 7573.39363703971   1.007259e-16 
 7575.77376719962   1.058087e-16 
 7578.15389735953   1.104357e-16 
 7580.53402751945   1.150958e-16 
 7582.91415767935   1.158407e-16 
 7585.29428783927   1.124079e-16 
 7587.67441799918   1.076982e-16 
 7590.05454815909   1.038556e-16 
   7592.434678319     1.0076e-16 
 7594.81480847891   9.522332e-17 
 7597.19493863882   8.609328e-17 
 7599.57506879873   7.888602e-17 
 7601.95519895864   7.299928e-17 
 7604.33532911855   7.013243e-17 
 7606.71545927846   7.051468e-17 
 7609.09558943837   7.072824e-17 
 7611.47571959828   7.558928e-17 
  7613.8558497582   8.878583e-17 
 7616.23597991811   1.033173e-16 
 7618.61611007802   1.087994e-16 
 7620.99624023793   1.095798e-16 
 7623.37637039784    1.09621e-16 
 7625.75650055775   1.070385e-16 
 7628.13663071766   1.009027e-16 
 7630.51676087757   9.768334e-17 
 7632.89689103748   9.929785e-17 
 7635.27702119739   9.819482e-17 
  7637.6571513573   9.318708e-17 
 7640.03728151721   8.973211e-17 
 7642.41741167712   9.053547e-17 
 7644.79754183704   9.276025e-17 
 7647.17767199695   9.275897e-17 
 7649.55780215686   9.118411e-17 
 7651.93793231677   8.793822e-17 
 7654.31806247668   8.781629e-17 
 7656.69819263659   9.098297e-17 
  7659.0783227965   9.229472e-17 
 7661.45845295641   9.242471e-17 
 7663.83858311632   9.151542e-17 
 7666.21871327623   8.849394e-17 
 7668.59884343614   8.742233e-17 
 7670.97897359605   9.000659e-17 
 7673.35910375596   8.861127e-17 
 7675.73923391588   8.442456e-17 
 7678.11936407579   8.082659e-17 
  7680.4994942357   8.130555e-17 
 7682.87962439561   8.526897e-17 
 7685.25975455552   8.910952e-17 
 7687.63988471543    9.41924e-17 
 7690.02001487534   9.871586e-17 
 7692.40014503525   9.846154e-17 
 7694.78027519516   9.491682e-17 
 7697.16040535507   9.340569e-17 
 7699.54053551498   9.505326e-17 
 7701.92066567489   9.221132e-17 
  7704.3007958348    8.89028e-17 
 7706.68092599471   9.257625e-17 
 7709.06105615463   9.871454e-17 
 7711.44118631454   9.909879e-17 
 7713.82131647444   9.587381e-17 
 7716.20144663436   8.962528e-17 
 7718.58157679427   8.219084e-17 
 7720.96170695418   7.945738e-17 
 7723.34183711409   8.418284e-17 
   7725.721967274   9.089533e-17 
 7728.10209743391   9.118033e-17 
 7730.48222759382   8.893117e-17 
 7732.86235775373   8.986583e-17 
 7735.24248791364   9.249768e-17 
 7737.62261807355   9.199305e-17 
 7740.00274823346   9.218326e-17 
 7742.38287839337   9.880548e-17 
 7744.76300855328    1.05994e-16 
 7747.14313871319   1.033257e-16 
 7749.52326887311   9.658981e-17 
 7751.90339903302   9.222109e-17 
 7754.28352919293   9.079216e-17 
 7756.66365935284   9.316681e-17 
 7759.04378951275    1.00973e-16 
 7761.42391967266    1.08048e-16 
 7763.80404983257   1.051712e-16 
 7766.18417999248   9.886166e-17 
 7768.56431015239   9.752039e-17 
  7770.9444403123   9.974954e-17 
 7773.32457047221   9.843966e-17 
 7775.70470063212   9.105704e-17 
 7778.08483079203   8.597621e-17 
 7780.46496095194    8.42994e-17 
 7782.84509111186   8.177805e-17 
 7785.22522127177   8.317729e-17 
 7787.60535143168   9.266073e-17 
 7789.98548159159   1.017634e-16 
  7792.3656117515   1.036231e-16 
 7794.74574191141   1.017456e-16 
 7797.12587207132    9.82136e-17 
 7799.50600223123   9.118302e-17 
 7801.88613239114   8.652671e-17 
 7804.26626255105   8.624619e-17 
 7806.64639271096      8.861e-17 
 7809.02652287087    9.01852e-17 
 7811.40665303078    8.97541e-17 
  7813.7867831907   9.060897e-17 
 7816.16691335061   9.466944e-17 
 7818.54704351052   9.820769e-17 
 7820.92717367043   9.649047e-17 
 7823.30730383034   9.287804e-17 
 7825.68743399025   9.060878e-17 
 7828.06756415016   8.802982e-17 
 7830.44769431007   8.949599e-17 
 7832.82782446998   9.577723e-17 
 7835.20795462989   1.019175e-16 
  7837.5880847898    1.01046e-16 
 7839.96821494971   9.271499e-17 
 7842.34834510963   8.762983e-17 
 7844.72847526953   8.743196e-17 
 7847.10860542945   8.776293e-17 
 7849.48873558936   9.318138e-17 
 7851.86886574927   1.049113e-16 
 7854.24899590918   1.099755e-16 
 7856.62912606909   9.961587e-17 
   7859.009256229   8.706595e-17 
 7861.38938638891   8.128594e-17 
 7863.76951654882   7.994253e-17 
 7866.14964670873   8.181159e-17 
 7868.52977686864   8.156545e-17 
 7870.90990702855   8.278895e-17 
 7873.29003718846   9.070812e-17 
 7875.67016734837   9.812418e-17 
 7878.05029750828   9.555446e-17 
  7880.4304276682   9.035136e-17 
  7882.8105578281   9.001908e-17 
 7885.19068798802   9.078911e-17 
 7887.57081814793   9.181971e-17 
 7889.95094830784   9.824551e-17 
 7892.33107846775   9.774311e-17 
 7894.71120862766   9.322009e-17 
 7897.09133878757   8.935282e-17 
 7899.47146894748    8.83832e-17 
 7901.85159910739   9.325239e-17 
  7904.2317292673   9.503873e-17 
 7906.61185942721   8.937687e-17 
 7908.99198958712   8.708254e-17 
 7911.37211974703   9.641834e-17 
 7913.75224990694   1.015334e-16 
 7916.13238006685   9.557756e-17 
 7918.51251022677   9.421588e-17 
 7920.89264038668    9.73879e-17 
 7923.27277054659    9.68299e-17 
  7925.6529007065   9.565987e-17 
 7928.03303086641   9.606937e-17 
 7930.41316102632   9.612059e-17 
 7932.79329118623   9.885281e-17 
 7935.17342134614   1.010666e-16 
 7937.55355150605   9.743791e-17 
 7939.93368166596   9.489732e-17 
 7942.31381182587   9.974249e-17 
 7944.69394198578   1.003294e-16 
 7947.07407214569     9.9647e-17 
  7949.4542023056   1.048003e-16 
 7951.83433246552   1.053055e-16 
 7954.21446262543   9.888523e-17 
 7956.59459278534   9.596303e-17 
 7958.97472294525   9.685454e-17 
 7961.35485310516   9.854046e-17 
 7963.73498326507   1.036018e-16 
 7966.11511342498   1.106165e-16 
 7968.49524358489     1.1157e-16 
  7970.8753737448   1.070055e-16 
 7973.25550390471   1.033023e-16 
 7975.63563406462   1.022061e-16 
 7978.01576422453   1.019068e-16 
 7980.39589438444   1.052084e-16 
 7982.77602454436   1.086241e-16 
 7985.15615470427   1.120543e-16 
 7987.53628486418   1.214067e-16 
 7989.91641502409   1.347038e-16 
   7992.296545184   1.416626e-16 
 7994.67667534391   1.359152e-16 
 7997.05680550382   1.268695e-16 
 7999.43693566373   1.229941e-16 
 8001.81706582364      1.251e-16 
 8004.19719598355   1.287832e-16 
 8006.57732614346   1.317641e-16 
 8008.95745630337   1.329211e-16 
 8011.33758646328   1.323398e-16 
 8013.71771662319   1.305272e-16 
  8016.0978467831    1.27134e-16 
 8018.47797694301   1.250379e-16 
 8020.85810710293   1.290872e-16 
 8023.23823726284   1.428967e-16 
 8025.61836742275   1.598782e-16 
 8027.99849758266   1.638608e-16 
 8030.37862774257   1.504149e-16 
 8032.75875790248    1.42915e-16 
 8035.13888806239   1.476851e-16 
  8037.5190182223   1.524158e-16 
 8039.89914838221   1.507324e-16 
 8042.27927854212   1.540592e-16 
 8044.65940870203   1.580617e-16 
 8047.03953886194   1.613554e-16 
 8049.41966902186   1.629489e-16 
 8051.79979918177   1.592869e-16 
 8054.17992934168   1.530817e-16 
 8056.56005950159   1.499175e-16 
  8058.9401896615   1.538166e-16 
 8061.32031982141   1.597429e-16 
 8063.70044998132   1.599784e-16 
 8066.08058014123   1.565306e-16 
 8068.46071030114   1.561971e-16 
 8070.84084046105   1.576116e-16 
 8073.22097062096   1.610033e-16 
 8075.60110078087   1.627765e-16 
 8077.98123094078   1.583548e-16 
 8080.36136110069   1.533653e-16 
  8082.7414912606   1.486874e-16 
 8085.12162142052   1.480051e-16 
 8087.50175158042   1.508291e-16 
 8089.88188174034   1.526095e-16 
 8092.26201190025   1.524996e-16 
 8094.64214206016   1.476832e-16 
 8097.02227222007   1.476986e-16 
 8099.40240237998   1.515373e-16 
 8101.78253253989   1.527848e-16 
  8104.1626626998   1.537586e-16 
 8106.54279285971   1.549934e-16 
 8108.92292301962   1.526399e-16 
 8111.30305317953   1.468905e-16 
 8113.68318333944   1.427103e-16 
 8116.06331349935   1.427695e-16 
 8118.44344365926   1.420837e-16 
 8120.82357381918   1.339815e-16 
 8123.20370397909   1.304727e-16 
   8125.583834139   1.354684e-16 
 8127.96396429891   1.381949e-16 
 8130.34409445882   1.365035e-16 
 8132.72422461873   1.360997e-16 
 8135.10435477864   1.360083e-16 
 8137.48448493855   1.373336e-16 
 8139.86461509846   1.349195e-16 
 8142.24474525837   1.268037e-16 
 8144.62487541828   1.288983e-16 
 8147.00500557819   1.297747e-16 
  8149.3851357381   1.261923e-16 
 8151.76526589801   1.278229e-16 
 8154.14539605793   1.298782e-16 
 8156.52552621784   1.268497e-16 
 8158.90565637775   1.216933e-16 
 8161.28578653766   1.147563e-16 
 8163.66591669757   1.115179e-16 
 8166.04604685748   1.164151e-16 
 8168.42617701739   1.216653e-16 
  8170.8063071773    1.25051e-16 
 8173.18643733721   1.270569e-16 
 8175.56656749712   1.282885e-16 
 8177.94669765703    1.30017e-16 
 8180.32682781695   1.307681e-16 
 8182.70695797686    1.25761e-16 
 8185.08708813677   1.232555e-16 
 8187.46721829668   1.247002e-16 
 8189.84734845659   1.269303e-16 
  8192.2274786165   1.306316e-16 
 8194.60760877641   1.330993e-16 
 8196.98773893632   1.311379e-16 
 8199.36786909623   1.260017e-16 
 8201.74799925614   1.239601e-16 
 8204.12812941605   1.286807e-16 
 8206.50825957596   1.357841e-16 
 8208.88838973587   1.319121e-16 
 8211.26851989578   1.249851e-16 
 8213.64865005569   1.249817e-16 
  8216.0287802156   1.264104e-16 
 8218.40891037551   1.177495e-16 
 8220.78904053543   1.119411e-16 
 8223.16917069533   1.081473e-16 
 8225.54930085525   1.049852e-16 
 8227.92943101516    1.03938e-16 
 8230.30956117507   1.060745e-16 
 8232.68969133498   1.094159e-16 
 8235.06982149489   1.079211e-16 
  8237.4499516548   1.094163e-16 
 8239.83008181471    1.12566e-16 
 8242.21021197462   1.066336e-16 
 8244.59034213453   1.075332e-16 
 8246.97047229444   1.125752e-16 
 8249.35060245435    1.15964e-16 
 8251.73073261426    1.14565e-16 
 8254.11086277417   1.106531e-16 
 8256.49099293408   1.117191e-16 
 8258.87112309399   1.102161e-16 
 8261.25125325391   1.097831e-16 
 8263.63138341382    1.09515e-16 
 8266.01151357373   1.124001e-16 
 8268.39164373364   1.175528e-16 
 8270.77177389355   1.141109e-16 
 8273.15190405346    1.06154e-16 
 8275.53203421337   1.079332e-16 
 8277.91216437328   1.186367e-16 
 8280.29229453319   1.239342e-16 
  8282.6724246931   1.165937e-16 
 8285.05255485301   1.105401e-16 
 8287.43268501292   1.160265e-16 
 8289.81281517283   1.217092e-16 
 8292.19294533275   1.106315e-16 
 8294.57307549266   1.025585e-16 
 8296.95320565257   1.098378e-16 
 8299.33333581248   1.154196e-16 
 8301.71346597239   1.066684e-16 
  8304.0935961323   9.611262e-17 
 8306.47372629221   9.737024e-17 
 8308.85385645212    1.03008e-16 
 8311.23398661203   9.727936e-17 
 8313.61411677194   9.359574e-17 
 8315.99424693185   9.650295e-17 
 8318.37437709176   9.847282e-17 
 8320.75450725167    1.01396e-16 
 8323.13463741159   9.723499e-17 
  8325.5147675715   9.276295e-17 
 8327.89489773141    9.41927e-17 
 8330.27502789132   9.623771e-17 
 8332.65515805123   9.705172e-17 
 8335.03528821114   9.405435e-17 
 8337.41541837105    8.75517e-17 
 8339.79554853096   8.746362e-17 
 8342.17567869087   1.036819e-16 
 8344.55580885078   1.252447e-16 
 8346.93593901069   1.186669e-16 
  8349.3160691706   1.011196e-16 
 8351.69619933052   1.006477e-16 
 8354.07632949042   1.062323e-16 
 8356.45645965034   9.683655e-17 
 8358.83658981025    8.45044e-17 
 8361.21671997016   8.870698e-17 
 8363.59685013007   9.413311e-17 
 8365.97698028998    8.72366e-17 
 8368.35711044989   7.894395e-17 
  8370.7372406098   8.108741e-17 
 8373.11737076971   8.186589e-17 
 8375.49750092962   8.003487e-17 
 8377.87763108953   8.273576e-17 
 8380.25776124944   8.769668e-17 
 8382.63789140935   8.348412e-17 
 8385.01802156926   8.022767e-17 
 8387.39815172917   7.809586e-17 
 8389.77828188908    7.28589e-17 
   8392.158412049   6.799669e-17 
 8394.53854220891   7.544556e-17 
 8396.91867236882   9.702168e-17 
 8399.29880252873   1.085769e-16 
 8401.67893268864   9.955276e-17 
 8404.05906284855   7.836692e-17 
 8406.43919300846   6.330559e-17 
 8408.81932316837   6.717974e-17 
 8411.19945332828   7.361495e-17 
 8413.57958348819   7.648517e-17 
  8415.9597136481   7.020139e-17 
 8418.33984380801    5.86418e-17 
 8420.71997396792   5.758113e-17 
 8423.10010412784   5.640802e-17 
 8425.48023428775   6.452816e-17 
 8427.86036444766   1.069814e-16 
 8430.24049460757   1.384975e-16 
 8432.62062476748   1.180373e-16 
 8435.00075492739   6.480664e-17 
  8437.3808850873    5.45435e-17 
 8439.76101524721   6.216149e-17 
 8442.14114540712   6.516382e-17 
 8444.52127556703   6.466028e-17 
 8446.90140572694   6.479836e-17 
 8449.28153588685   7.292306e-17 
 8451.66166604676   8.820355e-17 
 8454.04179620667   9.078532e-17 
 8456.42192636658   7.210279e-17 
 8458.80205652649   6.237733e-17 
  8461.1821866864   6.643822e-17 
 8463.56231684632   8.174428e-17 
 8465.94244700623    8.95607e-17 
 8468.32257716614   7.353327e-17 
 8470.70270732605   5.184733e-17 
 8473.08283748596     5.1666e-17 
 8475.46296764587   5.985468e-17 
 8477.84309780578   6.482397e-17 
 8480.22322796569   6.393678e-17 
  8482.6033581256   5.898901e-17 
 8484.98348828551   5.476068e-17 
 8487.36361844542   5.444238e-17 
 8489.74374860533   5.660018e-17 
 8492.12387876525   6.539983e-17 
 8494.50400892516   7.488765e-17 
 8496.88413908507   7.525915e-17 
 8499.26426924498   7.371953e-17 
 8501.64439940489   7.582082e-17 
  8504.0245295648   8.236177e-17 
 8506.40465972471   8.172269e-17 
 8508.78478988462   6.918184e-17 
 8511.16492004453    6.60664e-17 
 8513.54505020444   6.841265e-17 
 8515.92518036435   7.250008e-17 
 8518.30531052426   7.602891e-17 
 8520.68544068417   7.558485e-17 
 8523.06557084409   7.176596e-17 
 8525.44570100399   7.005158e-17 
 8527.82583116391   6.916534e-17 
 8530.20596132382   6.864641e-17 
 8532.58609148373   7.056054e-17 
 8534.96622164364    7.67698e-17 
 8537.34635180355   8.787884e-17 
 8539.72648196346   8.914396e-17 
 8542.10661212337   8.473455e-17 
 8544.48674228328   8.562328e-17 
 8546.86687244319   9.039553e-17 
  8549.2470026031   8.910928e-17 
 8551.62713276301   7.803614e-17 
 8554.00726292292   7.773522e-17 
 8556.38739308284   8.948754e-17 
 8558.76752324275   9.450908e-17 
 8561.14765340266   8.969303e-17 
 8563.52778356257    8.63063e-17 
 8565.90791372248    9.10968e-17 
 8568.28804388239    9.42269e-17 
  8570.6681740423   9.169465e-17 
 8573.04830420221   9.097013e-17 
 8575.42843436212   9.018797e-17 
 8577.80856452203   8.666938e-17 
 8580.18869468194    8.78342e-17 
 8582.56882484185    9.40155e-17 
 8584.94895500176   9.746995e-17 
 8587.32908516167   1.018966e-16 
 8589.70921532158   1.046345e-16 
 8592.08934548149   1.032428e-16 
 8594.46947564141   9.751937e-17 
 8596.84960580131   9.379153e-17 
 8599.22973596123   9.647454e-17 
 8601.60986612114   9.681179e-17 
 8603.98999628105   9.547916e-17 
 8606.37012644096   9.551727e-17 
 8608.75025660087   9.526678e-17 
 8611.13038676078   9.266027e-17 
 8613.51051692069   8.863881e-17 
  8615.8906470806   8.726329e-17 
 8618.27077724051   9.006501e-17 
 8620.65090740042   9.918831e-17 
 8623.03103756033   1.147609e-16 
 8625.41116772024   1.249673e-16 
 8627.79129788015   1.148681e-16 
 8630.17142804006   1.092677e-16 
 8632.55155819998   1.139845e-16 
 8634.93168835989   1.153998e-16 
  8637.3118185198   1.080536e-16 
 8639.69194867971   1.068818e-16 
 8642.07207883962    1.15465e-16 
 8644.45220899953   1.270022e-16 
 8646.83233915944   1.260563e-16 
 8649.21246931935   1.129156e-16 
 8651.59259947926   1.072338e-16 
 8653.97272963917   1.057216e-16 
 8656.35285979908   1.046302e-16 
 8658.73298995899   1.105635e-16 
 8661.11312011891   1.192593e-16 
 8663.49325027882   1.159461e-16 
 8665.87338043873    1.22543e-16 
 8668.25351059864   1.319407e-16 
 8670.63364075855   1.336448e-16 
 8673.01377091846   1.293039e-16 
 8675.39390107837    1.21985e-16 
 8677.77403123828   1.121933e-16 
 8680.15416139819   1.106487e-16 
  8682.5342915581   1.165263e-16 
 8684.91442171801   1.219862e-16 
 8687.29455187792   1.260807e-16 
 8689.67468203783   1.239992e-16 
 8692.05481219774    1.20148e-16 
 8694.43494235765   1.158125e-16 
 8696.81507251757   1.114705e-16 
 8699.19520267748   1.115676e-16 
 8701.57533283739   1.143667e-16 
  8703.9554629973   1.161078e-16 
 8706.33559315721   1.149545e-16 
 8708.71572331712   1.165702e-16 
 8711.09585347703   1.242926e-16 
 8713.47598363694   1.272274e-16 
 8715.85611379685   1.218473e-16 
 8718.23624395676   1.145152e-16 
 8720.61637411667   1.085593e-16 
 8722.99650427658   1.081743e-16 
  8725.3766344365    1.13856e-16 
  8727.7567645964   1.136048e-16 
 8730.13689475632     1.1302e-16 
 8732.51702491623   1.117017e-16 
 8734.89715507614   1.096874e-16 
 8737.27728523605   1.086134e-16 
 8739.65741539596   1.000196e-16 
 8742.03754555587    1.01901e-16 
 8744.41767571578    1.04853e-16 
 8746.79780587569   1.019783e-16 
  8749.1779360356     1.0413e-16 
 8751.55806619551   1.064751e-16 
 8753.93819635542   1.047654e-16 
 8756.31832651533    1.02541e-16 
 8758.69845667524   1.000289e-16 
 8761.07858683515   9.680404e-17 
 8763.45871699506   9.847894e-17 
 8765.83884715498   1.138636e-16 
 8768.21897731488   1.192502e-16 
  8770.5991074748   1.102615e-16 
 8772.97923763471   1.104614e-16 
 8775.35936779462   1.355576e-16 
 8777.73949795453   1.433416e-16 
 8780.11962811444     1.2072e-16 
 8782.49975827435   9.301739e-17 
 8784.87988843426   9.020129e-17 
 8787.26001859417   1.035295e-16 
 8789.64014875408   1.173614e-16 
 8792.02027891399   1.159658e-16 
  8794.4004090739   1.066219e-16 
 8796.78053923381   1.011925e-16 
 8799.16066939373   9.863375e-17 
 8801.54079955364   9.691433e-17 
 8803.92092971355   9.949676e-17 
 8806.30105987346   9.888998e-17 
 8808.68119003337   9.393852e-17 
 8811.06132019328   8.943635e-17 
 8813.44145035319   9.153472e-17 
  8815.8215805131   9.882406e-17 
 8818.20171067301   9.712498e-17 
 8820.58184083292   9.817317e-17 
 8822.96197099283   1.228766e-16 
 8825.34210115274   1.444259e-16 
 8827.72223131265   1.253168e-16 
 8830.10236147256   9.467736e-17 
 8832.48249163248   8.184681e-17 
 8834.86262179239   8.668694e-17 
  8837.2427519523   9.143698e-17 
 8839.62288211221   9.332154e-17 
 8842.00301227212   9.377787e-17 
 8844.38314243203   9.910057e-17 
 8846.76327259194   1.025927e-16 
 8849.14340275185   9.930968e-17 
 8851.52353291176    9.41264e-17 
 8853.90366307167   9.104075e-17 
 8856.28379323158   8.721841e-17 
 8858.66392339149    8.44011e-17 
 8861.04405355141   8.785974e-17 
 8863.42418371132   9.858271e-17 
 8865.80431387123   1.107796e-16 
 8868.18444403114   1.127272e-16 
 8870.56457419105   1.005134e-16 
 8872.94470435096   8.935981e-17 
 8875.32483451087    8.60037e-17 
 8877.70496467078   7.469272e-17 
 8880.08509483069   6.652927e-17 
  8882.4652249906     7.7324e-17 
 8884.84535515051   9.112646e-17 
 8887.22548531042   8.699665e-17 
 8889.60561547033   7.437515e-17 
 8891.98574563024   7.551493e-17 
 8894.36587579015   7.698067e-17 
 8896.74600595007   7.563997e-17 
 8899.12613610997   8.418502e-17 
 8901.50626626989   9.328895e-17 
  8903.8863964298   8.226982e-17 
 8906.26652658971   6.721596e-17 
 8908.64665674962   6.680049e-17 
 8911.02678690953   6.938826e-17 
 8913.40691706944   6.907644e-17 
 8915.78704722935   9.891316e-17 
 8918.16717738926   1.279228e-16 
 8920.54730754917   1.328832e-16 
 8922.92743770908   1.149295e-16 
 8925.30756786899   9.440445e-17 
  8927.6876980289   8.379501e-17 
 8930.06782818881   7.921102e-17 
 8932.44795834872   7.290747e-17 
 8934.82808850863   6.450006e-17 
 8937.20821866854   6.141048e-17 
 8939.58834882846   7.122793e-17 
 8941.96847898837   8.976754e-17 
 8944.34860914828   9.559228e-17 
 8946.72873930819    8.42102e-17 
  8949.1088694681    6.75726e-17 
 8951.48899962801    6.04923e-17 
 8953.86912978792   6.502966e-17 
 8956.24925994783   7.744027e-17 
 8958.62939010774    8.39346e-17 
 8961.00952026765   7.679876e-17 
 8963.38965042756   6.488751e-17 
 8965.76978058747   5.940918e-17 
 8968.14991074739   6.184214e-17 
  8970.5300409073   6.286206e-17 
 8972.91017106721   6.251967e-17 
 8975.29030122712    6.25705e-17 
 8977.67043138703   6.162268e-17 
 8980.05056154694    6.24466e-17 
 8982.43069170685    6.50862e-17 
 8984.81082186676   6.346089e-17 
 8987.19095202667   5.892537e-17 
 8989.57108218658   5.681468e-17 
 8991.95121234649   5.269687e-17 
  8994.3313425064   5.327407e-17 
 8996.71147266631   6.429095e-17 
 8999.09160282622   7.742571e-17 
 9001.47173298614   7.685385e-17 
 9003.85186314605   5.925835e-17 
 9006.23199330596   5.319641e-17 
 9008.61212346587   5.293953e-17 
 9010.99225362578    5.29449e-17 
 9013.37238378569   5.521434e-17 
  9015.7525139456   5.733543e-17 
 9018.13264410551   5.662318e-17 
 9020.51277426542   5.465986e-17 
 9022.89290442533   5.377245e-17 
 9025.27303458524   5.423744e-17 
 9027.65316474515   5.681681e-17 
 9030.03329490506   5.996307e-17 
 9032.41342506498   5.890413e-17 
 9034.79355522489   6.269082e-17 
  9037.1736853848   6.868244e-17 
 9039.55381554471   6.810963e-17 
 9041.93394570462   6.060001e-17 
 9044.31407586453   5.325733e-17 
 9046.69420602444   6.030598e-17 
 9049.07433618435   6.450128e-17 
 9051.45446634426   5.957182e-17 
 9053.83459650417   5.563968e-17 
 9056.21472666408   5.787798e-17 
 9058.59485682399   5.934362e-17 
  9060.9749869839    5.89367e-17 
 9063.35511714381   5.947597e-17 
 9065.73524730372   5.949385e-17 
 9068.11537746363   5.452483e-17 
 9070.49550762354   5.044816e-17 
 9072.87563778346     4.9721e-17 
 9075.25576794337   5.249693e-17 
 9077.63589810328    5.60343e-17 
 9080.01602826319   5.810481e-17 
  9082.3961584231   5.940417e-17 
 9084.77628858301   5.909168e-17 
 9087.15641874292   6.022759e-17 
 9089.53654890283   6.212198e-17 
 9091.91667906274   6.225807e-17 
 9094.29680922265   5.935433e-17 
 9096.67693938256   5.273338e-17 
 9099.05706954247   4.964264e-17 
 9101.43719970239   5.301159e-17 
  9103.8173298623   5.879526e-17 
 9106.19746002221     6.1829e-17 
 9108.57759018212   5.888327e-17 
 9110.95772034203   5.470179e-17 
 9113.33785050194   5.283335e-17 
 9115.71798066185   4.928991e-17 
 9118.09811082176   4.415763e-17 
 9120.47824098167   4.422695e-17 
 9122.85837114158   5.113108e-17 
 9125.23850130149   5.483377e-17 
  9127.6186314614   5.249408e-17 
 9129.99876162131   4.938256e-17 
 9132.37889178122   5.094741e-17 
 9134.75902194113   5.617779e-17 
 9137.13915210105   5.787898e-17 
 9139.51928226096    5.51154e-17 
 9141.89941242087   5.159252e-17 
 9144.27954258078   4.786261e-17 
 9146.65967274069   4.554415e-17 
  9149.0398029006   4.468319e-17 
 9151.41993306051   4.943813e-17 
 9153.80006322042   5.454403e-17 
 9156.18019338033   5.702315e-17 
 9158.56032354024   6.163229e-17 
 9160.94045370015   5.953395e-17 
 9163.32058386006   5.231581e-17 
 9165.70071401997   4.911597e-17 
 9168.08084417988   4.785729e-17 
  9170.4609743398   4.410505e-17 
 9172.84110449971   4.355298e-17 
 9175.22123465962   4.662435e-17 
 9177.60136481953   5.335196e-17 
 9179.98149497944   6.064395e-17 
 9182.36162513935   6.092494e-17 
 9184.74175529926   5.671408e-17 
 9187.12188545917   5.434663e-17 
 9189.50201561908   5.122451e-17 
 9191.88214577899   4.786586e-17 
  9194.2622759389   4.778866e-17 
 9196.64240609881   4.634666e-17 
 9199.02253625872   4.402396e-17 
 9201.40266641863   4.431817e-17 
 9203.78279657855   4.757378e-17 
 9206.16292673846   5.000095e-17 
 9208.54305689837    4.97264e-17 
 9210.92318705828   5.162766e-17 
 9213.30331721819     5.2923e-17 
  9215.6834473781   5.248848e-17 
 9218.06357753801   5.099706e-17 
 9220.44370769792   4.938518e-17 
 9222.82383785783   5.108274e-17 
 9225.20396801774   5.312554e-17 
 9227.58409817765   5.202781e-17 
 9229.96422833756    5.13598e-17 
 9232.34435849748    5.39243e-17 
 9234.72448865739   5.651465e-17 
  9237.1046188173     5.8298e-17 
 9239.48474897721   5.419495e-17 
 9241.86487913712   4.759016e-17 
 9244.24500929703   5.055212e-17 
 9246.62513945694   5.365497e-17 
 9249.00526961685   5.564994e-17 
 9251.38539977676   5.081419e-17 
 9253.76552993667   4.544758e-17 
 9256.14566009658   4.578837e-17 
 9258.52579025649   4.776194e-17 
  9260.9059204164   4.868243e-17 
 9263.28605057631   4.873171e-17 
 9265.66618073622   4.948792e-17 
 9268.04631089613   4.956585e-17 
 9270.42644105605   4.655833e-17 
 9272.80657121596   4.406242e-17 
 9275.18670137587   4.550286e-17 
 9277.56683153578   5.047992e-17 
 9279.94696169569   5.478097e-17 
  9282.3270918556   5.447327e-17 
 9284.70722201551   5.064106e-17 
 9287.08735217542   5.050269e-17 
 9289.46748233533   5.228188e-17 
 9291.84761249524   4.870069e-17 
 9294.22774265515   3.998655e-17 
 9296.60787281506   3.449765e-17 
 9298.98800297497   3.166537e-17 
 9301.36813313488   3.250148e-17 
 9303.74826329479    4.18804e-17 
  9306.1283934547    5.80883e-17 
 9308.50852361462   7.405111e-17 
 9310.88865377453   8.249619e-17 
 9313.26878393444   7.976269e-17 
 9315.64891409435   6.660427e-17 
 9318.02904425426   5.424005e-17 
 9320.40917441417   4.795749e-17 
 9322.78930457408   3.591335e-17 
 9325.16943473399   2.285847e-17 
  9327.5495648939      2.824e-17 
 9329.92969505381    4.46414e-17 
 9332.30982521372   5.446351e-17 
 9334.68995537363   6.120501e-17 
 9337.07008553354   6.367708e-17 
 9339.45021569346   5.674967e-17 
 9341.83034585337   5.111941e-17 
 9344.21047601328   4.951506e-17 
 9346.59060617319   4.694894e-17 
  9348.9707363331   4.558397e-17 
 9351.35086649301   4.547074e-17 
 9353.73099665292   4.599884e-17 
 9356.11112681283   4.865671e-17 
 9358.49125697274   5.471104e-17 
 9360.87138713265    6.05659e-17 
 9363.25151729256   5.801246e-17 
 9365.63164745247   4.715465e-17 
 9368.01177761238   3.936572e-17 
 9370.39190777229   4.528297e-17 
  9372.7720379322   4.578985e-17 
 9375.15216809212   1.936944e-17 
 9377.53229825203   1.706934e-17 
 9379.91242841194   4.048167e-17 
 9382.29255857185   5.542853e-17 
 9384.67268873176   4.731524e-17 
 9387.05281889167   4.303094e-17 
 9389.43294905158   4.954967e-17 
 9391.81307921149   5.646838e-17 
  9394.1932093714     5.9888e-17 
 9396.57333953131   6.048552e-17 
 9398.95346969122   5.885051e-17 
 9401.33359985113   5.259019e-17 
 9403.71373001105   4.954342e-17 
 9406.09386017096   5.182431e-17 
 9408.47399033087   5.235271e-17 
 9410.85412049078   5.258782e-17 
 9413.23425065069    5.66459e-17 
  9415.6143808106   5.707546e-17 
 9417.99451097051   5.533174e-17 
 9420.37464113042   5.505629e-17 
 9422.75477129033     5.4541e-17 
 9425.13490145024   5.005212e-17 
 9427.51503161015   4.751594e-17 
 9429.89516177006   4.763387e-17 
 9432.27529192997    5.46936e-17 
 9434.65542208988   7.041482e-17 
 9437.03555224979   8.347802e-17 
 9439.41568240971   9.860123e-17 
 9441.79581256961    1.13048e-16 
 9444.17594272953   1.065935e-16 
 9446.55607288944   8.010291e-17 
 9448.93620304935   6.165272e-17 
 9451.31633320926   5.733794e-17 
 9453.69646336917    5.19457e-17 
 9456.07659352908   4.151418e-17 
 9458.45672368899   3.502703e-17 
  9460.8368538489   3.999073e-17 
 9463.21698400881   4.612942e-17 
 9465.59711416872   5.293542e-17 
 9467.97724432863    5.69067e-17 
 9470.35737448854   5.621657e-17 
 9472.73750464845   6.356369e-17 
 9475.11763480837    7.82501e-17 
 9477.49776496828    6.96215e-17 
 9479.87789512819   5.055821e-17 
  9482.2580252881   4.816986e-17 
 9484.63815544801   5.117814e-17 
 9487.01828560792   5.035587e-17 
 9489.39841576783    5.13576e-17 
 9491.77854592774   5.389714e-17 
 9494.15867608765   5.590589e-17 
 9496.53880624756   5.714791e-17 
 9498.91893640747   6.273777e-17 
 9501.29906656738   7.765969e-17 
 9503.67919672729   7.635753e-17 
  9506.0593268872   6.633453e-17 
 9508.43945704712   6.234358e-17 
 9510.81958720703   5.969194e-17 
 9513.19971736694   5.986522e-17 
 9515.57984752685   6.101796e-17 
 9517.95997768676   6.222908e-17 
 9520.34010784667    7.25547e-17 
 9522.72023800658   8.500722e-17 
 9525.10036816649   7.947036e-17 
  9527.4804983264   6.229434e-17 
 9529.86062848631   5.174615e-17 
 9532.24075864622    4.78963e-17 
 9534.62088880613   4.694029e-17 
 9537.00101896605   5.209809e-17 
 9539.38114912596   5.337183e-17 
 9541.76127928587   5.310335e-17 
 9544.14140944578    5.57413e-17 
 9546.52153960569   5.952707e-17 
  9548.9016697656   6.078225e-17 
 9551.28179992551   5.989655e-17 
 9553.66193008542   5.731327e-17 
 9556.04206024533   5.032601e-17 
 9558.42219040524   4.354131e-17 
 9560.80232056515   4.705517e-17 
 9563.18245072506   6.029969e-17 
 9565.56258088497   7.769937e-17 
 9567.94271104488   9.644289e-17 
 9570.32284120479   1.062231e-16 
  9572.7029713647   9.779066e-17 
 9575.08310152462   8.396579e-17 
 9577.46323168453   7.348875e-17 
 9579.84336184444   6.119354e-17 
 9582.22349200435   5.500481e-17 
 9584.60362216426   5.526474e-17 
 9586.98375232417   5.405839e-17 
 9589.36388248408   5.662044e-17 
 9591.74401264399   5.575564e-17 
  9594.1241428039   5.487331e-17 
 9596.50427296381   5.916327e-17 
 9598.88440312372   6.773519e-17 
 9601.26453328363   7.487483e-17 
 9603.64466344354   7.793788e-17 
 9606.02479360345   8.086649e-17 
 9608.40492376336   8.149892e-17 
 9610.78505392328   7.356394e-17 
 9613.16518408318   6.282138e-17 
  9615.5453142431     6.1369e-17 
 9617.92544440301   6.270469e-17 
 9620.30557456292   6.177558e-17 
 9622.68570472283   6.539971e-17 
 9625.06583488274   7.600053e-17 
 9627.44596504265   8.015627e-17 
 9629.82609520256   7.344568e-17 
 9632.20622536247   6.968244e-17 
 9634.58635552238   7.048993e-17 
 9636.96648568229   6.487832e-17 
  9639.3466158422   5.442177e-17 
 9641.72674600211   5.233211e-17 
 9644.10687616202   5.978877e-17 
 9646.48700632194   6.178958e-17 
 9648.86713648185   5.792629e-17 
 9651.24726664176   6.322732e-17 
 9653.62739680167   6.271363e-17 
 9656.00752696158   6.251698e-17 
 9658.38765712149   6.489194e-17 
  9660.7677872814   6.401256e-17 
 9663.14791744131   5.968957e-17 
 9665.52804760122   6.045121e-17 
 9667.90817776113     5.8617e-17 
 9670.28830792104   5.690893e-17 
 9672.66843808095   5.672932e-17 
 9675.04856824086   5.734864e-17 
 9677.42869840077   6.024276e-17 
 9679.80882856069   6.149261e-17 
  9682.1889587206   6.500534e-17 
 9684.56908888051    6.96075e-17 
 9686.94921904042   7.352939e-17 
 9689.32934920033    8.26351e-17 
 9691.70947936024   8.040921e-17 
 9694.08960952015   6.999575e-17 
 9696.46973968006   6.007989e-17 
 9698.84986983997   4.715465e-17 
 9701.22999999988   2.859793e-17 
