# STATUS =
# OBJECT = 2015bn
# TELESCOPE = ESO-NTT
# INSTRUMENT = EFOSC2-NTT
# DATE-OBS = 2016-01-02 05:55:08.00
# MJD = 57389.24662039988
# EXPTIME = 1800
# AIRMASS = 1.978
# SLIT = 1.0
# DISPERSER = Free
# SOURCE = --
# FILTER =
# RESOLUTION =
# FLUX_STANDARD =
# EXTINCTION_CORRECTED = --
# PHOTOMETRY_CALIBRATED =
# TELLURIC_CORRECTED =
# FLUX_UNITS = Other
# WAVE_UNITS = Angstrom
# QUALITY = Low
# MIN_WAVE = 3640.04785156
# MAX_WAVE = 9235.22745228
# COMMENT = --
    Wavelength          Flux 
 3645.56578016   4.92771e-17 
 3651.08370876   5.52801e-17 
 3656.60163736   6.17084e-17 
 3662.11956596   6.77574e-17 
 3667.63749456   2.98993e-17 
 3673.15542316   3.89743e-17 
 3678.67335176   3.45841e-17 
 3684.19128036   3.64338e-17 
 3689.70920897   6.31039e-17 
 3695.22713757   6.19405e-17 
 3700.74506617   5.48631e-17 
 3706.26299477    3.9509e-17 
 3711.78092337   4.67121e-17 
 3717.29885197    5.6216e-17 
 3722.81678057   3.12651e-17 
 3728.33470917   4.92361e-17 
 3733.85263777   5.02697e-17 
 3739.37056637   5.59463e-17 
 3744.88849497   5.88935e-17 
 3750.40642357   4.92501e-17 
 3755.92435217   6.78718e-17 
 3761.44228077   4.89534e-17 
 3766.96020937   4.07985e-17 
 3772.47813797   4.86963e-17 
 3777.99606657   4.61923e-17 
 3783.51399517   5.67201e-17 
 3789.03192377    6.0564e-17 
 3794.54985237   4.99538e-17 
 3800.06778097   4.30144e-17 
 3805.58570957   5.43878e-17 
 3811.10363817    4.9509e-17 
 3816.62156677   4.91981e-17 
 3822.13949537   3.59083e-17 
 3827.65742397   5.47707e-17 
 3833.17535257   3.97435e-17 
 3838.69328117   5.37589e-17 
 3844.21120977   3.99692e-17 
 3849.72913837   4.87818e-17 
 3855.24706697   4.90608e-17 
 3860.76499557   5.33325e-17 
 3866.28292418   5.77748e-17 
 3871.80085278   5.45335e-17 
 3877.31878138   5.82816e-17 
 3882.83670998   5.43818e-17 
 3888.35463858   4.83211e-17 
 3893.87256718   4.89732e-17 
 3899.39049578   4.44811e-17 
 3904.90842438   5.77168e-17 
 3910.42635298   4.33472e-17 
 3915.94428158   3.48398e-17 
 3921.46221018   4.32876e-17 
 3926.98013878   3.57015e-17 
 3932.49806738   4.79646e-17 
 3938.01599598   4.71448e-17 
 3943.53392458   5.19343e-17 
 3949.05185318   4.09702e-17 
 3954.56978178   6.01111e-17 
 3960.08771038   4.65779e-17 
 3965.60563898   4.36363e-17 
 3971.12356758   4.92233e-17 
 3976.64149618   4.73136e-17 
 3982.15942478   4.21066e-17 
 3987.67735338    3.7164e-17 
 3993.19528198   5.61629e-17 
 3998.71321058   3.81892e-17 
 4004.23113918   4.35449e-17 
 4009.74906778    3.2773e-17 
 4015.26699638   3.98758e-17 
 4020.78492498    5.2707e-17 
 4026.30285358   5.18198e-17 
 4031.82078218   5.24682e-17 
 4037.33871078   4.18614e-17 
 4042.85663939    3.7763e-17 
 4048.37456799   4.91427e-17 
 4053.89249659   4.03916e-17 
 4059.41042519   4.22146e-17 
 4064.92835379   3.26157e-17 
 4070.44628239   3.07781e-17 
 4075.96421099   3.78178e-17 
 4081.48213959    2.3434e-17 
 4087.00006819   3.27766e-17 
 4092.51799679   2.87108e-17 
 4098.03592539   4.12913e-17 
 4103.55385399   4.48078e-17 
 4109.07178259   4.06838e-17 
 4114.58971119   4.89918e-17 
 4120.10763979   4.89173e-17 
 4125.62556839   5.00359e-17 
 4131.14349699   3.56208e-17 
 4136.66142559   4.26351e-17 
 4142.17935419   4.66876e-17 
 4147.69728279   4.74561e-17 
 4153.21521139   5.82958e-17 
 4158.73313999   5.80631e-17 
 4164.25106859   5.12949e-17 
 4169.76899719   5.57702e-17 
 4175.28692579   4.56596e-17 
 4180.80485439   5.33909e-17 
 4186.32278299   4.59099e-17 
 4191.84071159   4.94892e-17 
 4197.35864019   4.24169e-17 
 4202.87656879   4.82146e-17 
 4208.39449739   5.30361e-17 
 4213.91242599   3.91439e-17 
  4219.4303546    3.5566e-17 
  4224.9482832   4.37983e-17 
  4230.4662118   2.93807e-17 
  4235.9841404   4.61784e-17 
   4241.502069   4.33688e-17 
  4247.0199976    3.5767e-17 
  4252.5379262   4.43487e-17 
  4258.0558548   4.84289e-17 
  4263.5737834   5.48092e-17 
   4269.091712   4.52544e-17 
  4274.6096406   4.83686e-17 
  4280.1275692   5.37667e-17 
  4285.6454978   4.40049e-17 
  4291.1634264   4.70069e-17 
   4296.681355     5.128e-17 
  4302.1992836   4.62381e-17 
  4307.7172122   5.07714e-17 
  4313.2351408   4.94778e-17 
  4318.7530694    4.8984e-17 
   4324.270998   5.01642e-17 
  4329.7889266   5.35314e-17 
  4335.3068552   5.29404e-17 
  4340.8247838   4.97546e-17 
  4346.3427124   5.26084e-17 
   4351.860641   3.95955e-17 
  4357.3785696   5.01797e-17 
  4362.8964982   6.31032e-17 
  4368.4144268   4.79399e-17 
  4373.9323554   6.67158e-17 
   4379.450284   5.87039e-17 
  4384.9682126    5.4364e-17 
  4390.4861412   4.79169e-17 
 4396.00406981   5.81446e-17 
 4401.52199841   3.49243e-17 
 4407.03992701   4.22222e-17 
 4412.55785561   6.54022e-17 
 4418.07578421   5.07634e-17 
 4423.59371281   5.38336e-17 
 4429.11164141    6.2631e-17 
 4434.62957001    5.6569e-17 
 4440.14749861   5.49775e-17 
 4445.66542721   6.78837e-17 
 4451.18335581   6.15882e-17 
 4456.70128441   4.81971e-17 
 4462.21921301   5.99225e-17 
 4467.73714161   5.81154e-17 
 4473.25507021   4.85654e-17 
 4478.77299881   5.61159e-17 
 4484.29092741   5.93704e-17 
 4489.80885601   4.88948e-17 
 4495.32678461   4.79207e-17 
 4500.84471321     4.904e-17 
 4506.36264181   5.27873e-17 
 4511.88057041   5.05645e-17 
 4517.39849901      4.13e-17 
 4522.91642761   4.36068e-17 
 4528.43435621   4.57151e-17 
 4533.95228481   4.74786e-17 
 4539.47021341   4.50124e-17 
 4544.98814201   4.50754e-17 
 4550.50607061   3.97848e-17 
 4556.02399921   5.05435e-17 
 4561.54192781   4.86044e-17 
 4567.05985641    4.4596e-17 
 4572.57778502     3.812e-17 
 4578.09571362   7.28082e-17 
 4583.61364222    3.8313e-17 
 4589.13157082   3.77771e-17 
 4594.64949942   4.80721e-17 
 4600.16742802   3.05219e-17 
 4605.68535662   3.32223e-17 
 4611.20328522   3.47287e-17 
 4616.72121382   4.74326e-17 
 4622.23914242    3.8548e-17 
 4627.75707102   3.74643e-17 
 4633.27499962   4.16815e-17 
 4638.79292822   4.58412e-17 
 4644.31085682   4.29635e-17 
 4649.82878542   5.43839e-17 
 4655.34671402   3.96887e-17 
 4660.86464262   4.19953e-17 
 4666.38257122   3.68459e-17 
 4671.90049982   3.83955e-17 
 4677.41842842   4.05643e-17 
 4682.93635702   4.52747e-17 
 4688.45428562    5.2158e-17 
 4693.97221422   4.12545e-17 
 4699.49014282   3.81429e-17 
 4705.00807142   3.44903e-17 
 4710.52600002   4.22483e-17 
 4716.04392862   4.88972e-17 
 4721.56185722   3.87625e-17 
 4727.07978582   3.96869e-17 
 4732.59771442   3.80962e-17 
 4738.11564302   4.08025e-17 
 4743.63357162   4.16553e-17 
 4749.15150023   4.32279e-17 
 4754.66942883   4.39668e-17 
 4760.18735743   4.42316e-17 
 4765.70528603   4.51703e-17 
 4771.22321463   3.92605e-17 
 4776.74114323   4.54505e-17 
 4782.25907183   3.98218e-17 
 4787.77700043   4.96959e-17 
 4793.29492903   4.57683e-17 
 4798.81285763   4.34141e-17 
 4804.33078623   4.96017e-17 
 4809.84871483   4.66547e-17 
 4815.36664343   4.49612e-17 
 4820.88457203   4.57534e-17 
 4826.40250063   4.99913e-17 
 4831.92042923    3.9035e-17 
 4837.43835783   4.87333e-17 
 4842.95628643   4.77901e-17 
 4848.47421503   4.83035e-17 
 4853.99214363   5.13145e-17 
 4859.51007223     4.569e-17 
 4865.02800083   4.53284e-17 
 4870.54592943   5.23426e-17 
 4876.06385803   4.49407e-17 
 4881.58178663   3.96705e-17 
 4887.09971523   4.24882e-17 
 4892.61764383   3.95953e-17 
 4898.13557243   3.48743e-17 
 4903.65350103   3.69661e-17 
 4909.17142963   3.45004e-17 
 4914.68935823   4.07045e-17 
 4920.20728683   3.46364e-17 
 4925.72521544   3.39611e-17 
 4931.24314404   4.35351e-17 
 4936.76107264    4.5811e-17 
 4942.27900124   3.96747e-17 
 4947.79692984   4.23142e-17 
 4953.31485844   4.93802e-17 
 4958.83278704    3.9022e-17 
 4964.35071564   3.40535e-17 
 4969.86864424   3.66744e-17 
 4975.38657284   4.50044e-17 
 4980.90450144   5.02711e-17 
 4986.42243004   4.37573e-17 
 4991.94035864   4.64728e-17 
 4997.45828724   4.46724e-17 
 5002.97621584   4.30795e-17 
 5008.49414444   3.86418e-17 
 5014.01207304   4.80483e-17 
 5019.53000164   5.17308e-17 
 5025.04793024   4.67313e-17 
 5030.56585884   3.99919e-17 
 5036.08378744   5.33426e-17 
 5041.60171604   5.14221e-17 
 5047.11964464   4.45136e-17 
 5052.63757324   4.93034e-17 
 5058.15550184   4.77869e-17 
 5063.67343044   5.59879e-17 
 5069.19135904   5.17073e-17 
 5074.70928764   4.57351e-17 
 5080.22721624   5.07267e-17 
 5085.74514484   5.43077e-17 
 5091.26307344   4.28674e-17 
 5096.78100204   4.76697e-17 
 5102.29893064   5.00497e-17 
 5107.81685925   6.03262e-17 
 5113.33478785    5.7331e-17 
 5118.85271645   5.18253e-17 
 5124.37064505   5.47504e-17 
 5129.88857365   5.13762e-17 
 5135.40650225   5.31126e-17 
 5140.92443085   5.15512e-17 
 5146.44235945   5.61717e-17 
 5151.96028805   5.41119e-17 
 5157.47821665   4.98065e-17 
 5162.99614525   4.92467e-17 
 5168.51407385   4.89208e-17 
 5174.03200245   4.85231e-17 
 5179.54993105   4.26849e-17 
 5185.06785965   4.21845e-17 
 5190.58578825    3.7864e-17 
 5196.10371685   4.04795e-17 
 5201.62164545    5.0024e-17 
 5207.13957405   4.49912e-17 
 5212.65750265   3.69765e-17 
 5218.17543125   3.72202e-17 
 5223.69335985   3.67601e-17 
 5229.21128845   3.33572e-17 
 5234.72921705   3.30914e-17 
 5240.24714565   3.36925e-17 
 5245.76507425   2.90006e-17 
 5251.28300285   2.97827e-17 
 5256.80093145   3.59424e-17 
 5262.31886005   2.68769e-17 
 5267.83678865   4.24392e-17 
 5273.35471725   2.31557e-17 
 5278.87264585   2.37433e-17 
 5284.39057446   3.33156e-17 
 5289.90850306   2.23423e-17 
 5295.42643166   3.99405e-17 
 5300.94436026   3.09131e-17 
 5306.46228886   2.35434e-17 
 5311.98021746   2.82888e-17 
 5317.49814606   2.72003e-17 
 5323.01607466    2.9082e-17 
 5328.53400326   3.44823e-17 
 5334.05193186   3.65606e-17 
 5339.56986046   3.12945e-17 
 5345.08778906   2.59589e-17 
 5350.60571766   1.58399e-17 
 5356.12364626   2.27132e-17 
 5361.64157486   2.41908e-17 
 5367.15950346   2.59912e-17 
 5372.67743206   3.45657e-17 
 5378.19536066   3.00105e-17 
 5383.71328926   2.88672e-17 
 5389.23121786   3.29503e-17 
 5394.74914646   2.64433e-17 
 5400.26707506   2.68411e-17 
 5405.78500366   3.41807e-17 
 5411.30293226   3.50516e-17 
 5416.82086086   3.30277e-17 
 5422.33878946   3.49663e-17 
 5427.85671806   3.92833e-17 
 5433.37464666   4.26482e-17 
 5438.89257526   2.19151e-17 
 5444.41050386   2.61151e-17 
 5449.92843246   3.81811e-17 
 5455.44636106    3.9079e-17 
 5460.96428967    3.8993e-17 
 5466.48221827   3.28994e-17 
 5472.00014687   4.28083e-17 
 5477.51807547   4.16011e-17 
 5483.03600407   4.29092e-17 
 5488.55393267   4.08291e-17 
 5494.07186127   4.70141e-17 
 5499.58978987   4.37306e-17 
 5505.10771847   3.72804e-17 
 5510.62564707   4.50494e-17 
 5516.14357567   4.98033e-17 
 5521.66150427   5.27664e-17 
 5527.17943287   6.41509e-17 
 5532.69736147   4.99434e-17 
 5538.21529007   4.20838e-17 
 5543.73321867   3.83192e-17 
 5549.25114727   4.16794e-17 
 5554.76907587   3.83061e-17 
 5560.28700447   4.44842e-17 
 5565.80493307   4.10854e-17 
 5571.32286167   4.10861e-17 
 5576.84079027   3.89176e-17 
 5582.35871887   4.03002e-17 
 5587.87664747   4.52086e-17 
 5593.39457607   3.32268e-17 
 5598.91250467   4.32103e-17 
 5604.43043327   3.63018e-17 
 5609.94836187    4.3005e-17 
 5615.46629047    4.0232e-17 
 5620.98421907   2.57363e-17 
 5626.50214767   3.68888e-17 
 5632.02007627   3.97266e-17 
 5637.53800488   3.84843e-17 
 5643.05593348   3.85671e-17 
 5648.57386208    3.6569e-17 
 5654.09179068   3.44309e-17 
 5659.60971928   3.24887e-17 
 5665.12764788   3.49595e-17 
 5670.64557648   3.10039e-17 
 5676.16350508   3.05901e-17 
 5681.68143368   3.84211e-17 
 5687.19936228   2.98648e-17 
 5692.71729088    3.6951e-17 
 5698.23521948   3.34794e-17 
 5703.75314808   3.08445e-17 
 5709.27107668   3.25946e-17 
 5714.78900528     3.615e-17 
 5720.30693388   3.89707e-17 
 5725.82486248   3.63554e-17 
 5731.34279108   3.71922e-17 
 5736.86071968   3.96782e-17 
 5742.37864828   4.09328e-17 
 5747.89657688   3.41699e-17 
 5753.41450548    3.6122e-17 
 5758.93243408   3.37507e-17 
 5764.45036268   3.90137e-17 
 5769.96829128   3.36788e-17 
 5775.48621988    3.6021e-17 
 5781.00414848   4.43229e-17 
 5786.52207708   4.23924e-17 
 5792.04000568    4.4008e-17 
 5797.55793428   4.38816e-17 
 5803.07586288   4.78201e-17 
 5808.59379148    4.1209e-17 
 5814.11172009   3.55422e-17 
 5819.62964869   4.21811e-17 
 5825.14757729   4.58042e-17 
 5830.66550589    4.6587e-17 
 5836.18343449   4.22033e-17 
 5841.70136309   4.24054e-17 
 5847.21929169   4.07005e-17 
 5852.73722029   4.45326e-17 
 5858.25514889   4.40457e-17 
 5863.77307749   4.90995e-17 
 5869.29100609   3.89792e-17 
 5874.80893469   3.99693e-17 
 5880.32686329   4.84776e-17 
 5885.84479189   3.87081e-17 
 5891.36272049   3.80992e-17 
 5896.88064909   4.69992e-17 
 5902.39857769   3.88807e-17 
 5907.91650629   3.25876e-17 
 5913.43443489   3.56821e-17 
 5918.95236349   3.41187e-17 
 5924.47029209   3.05345e-17 
 5929.98822069   3.57224e-17 
 5935.50614929   4.51318e-17 
 5941.02407789   3.26739e-17 
 5946.54200649   3.51659e-17 
 5952.05993509   4.25167e-17 
 5957.57786369   3.65766e-17 
 5963.09579229   3.35381e-17 
 5968.61372089   2.86689e-17 
 5974.13164949    3.0429e-17 
 5979.64957809   2.96063e-17 
 5985.16750669   3.04366e-17 
  5990.6854353   3.27803e-17 
  5996.2033639   2.69902e-17 
  6001.7212925   2.82098e-17 
  6007.2392211   2.71355e-17 
  6012.7571497   2.73047e-17 
  6018.2750783   3.12074e-17 
  6023.7930069   2.60456e-17 
  6029.3109355   3.19979e-17 
  6034.8288641   2.59443e-17 
  6040.3467927    2.6522e-17 
  6045.8647213   1.77008e-17 
  6051.3826499   8.23371e-18 
  6056.9005785   3.04364e-17 
  6062.4185071   2.10029e-17 
  6067.9364357   2.38466e-17 
  6073.4543643   1.56178e-17 
  6078.9722929   2.16953e-17 
  6084.4902215   2.98483e-17 
  6090.0081501   2.67797e-17 
  6095.5260787   2.06615e-17 
  6101.0440073    2.0307e-17 
  6106.5619359   2.61942e-17 
  6112.0798645   2.55241e-17 
  6117.5977931   1.72978e-17 
  6123.1157217   3.30072e-17 
  6128.6336503   2.62864e-17 
  6134.1515789   2.38229e-17 
  6139.6695075    2.8705e-17 
  6145.1874361   3.35365e-17 
  6150.7053647   2.74129e-17 
  6156.2232933    2.1726e-17 
  6161.7412219   2.34718e-17 
 6167.25915051   2.08634e-17 
 6172.77707911   2.72562e-17 
 6178.29500771   2.07504e-17 
 6183.81293631   2.15378e-17 
 6189.33086491   2.68488e-17 
 6194.84879351   2.15384e-17 
 6200.36672211   2.36461e-17 
 6205.88465071   2.72074e-17 
 6211.40257931   2.41031e-17 
 6216.92050791   2.17647e-17 
 6222.43843651   2.34241e-17 
 6227.95636511   2.52041e-17 
 6233.47429371     2.261e-17 
 6238.99222231   2.47674e-17 
 6244.51015091   2.33542e-17 
 6250.02807951   1.65045e-17 
 6255.54600811   2.17172e-17 
 6261.06393671   1.86537e-17 
 6266.58186531     1.293e-17 
 6272.09979391   1.79867e-17 
 6277.61772251   1.93724e-17 
 6283.13565111   1.46851e-17 
 6288.65357971   1.92064e-17 
 6294.17150831   1.87089e-17 
 6299.68943691   1.65894e-17 
 6305.20736551   2.01056e-17 
 6310.72529411    1.2936e-17 
 6316.24322271   1.21693e-17 
 6321.76115131   1.69013e-17 
 6327.27907991   1.74739e-17 
 6332.79700851   1.24631e-17 
 6338.31493711   1.63599e-17 
 6343.83286572   1.30798e-17 
 6349.35079432   6.48351e-18 
 6354.86872292   8.45229e-18 
 6360.38665152   1.48287e-17 
 6365.90458012   2.00139e-17 
 6371.42250872    2.4318e-17 
 6376.94043732   1.04926e-17 
 6382.45836592   1.54493e-17 
 6387.97629452   1.08056e-17 
 6393.49422312    1.9044e-17 
 6399.01215172   1.98651e-17 
 6404.53008032   1.16776e-17 
 6410.04800892   9.37703e-18 
 6415.56593752   1.40732e-17 
 6421.08386612   7.65839e-18 
 6426.60179472   1.30022e-17 
 6432.11972332   1.95742e-18 
 6437.63765192   2.61796e-17 
 6443.15558052   2.24253e-17 
 6448.67350912   1.08992e-17 
 6454.19143772   1.02004e-17 
 6459.70936632   1.38829e-17 
 6465.22729492   1.51525e-17 
 6470.74522352   7.32545e-18 
 6476.26315212   6.63268e-18 
 6481.78108072   1.04686e-17 
 6487.29900932   1.00045e-17 
 6492.81693792    9.8052e-18 
 6498.33486652    1.3877e-17 
 6503.85279512   1.07527e-17 
 6509.37072372   5.49554e-18 
 6514.88865232   9.11342e-18 
 6520.40658092   1.05603e-17 
 6525.92450953   1.21411e-17 
 6531.44243813    1.1579e-17 
 6536.96036673     1.493e-17 
 6542.47829533    2.3159e-17 
 6547.99622393   1.53813e-17 
 6553.51415253    1.2289e-17 
 6559.03208113   1.76489e-17 
 6564.55000973   1.53154e-17 
 6570.06793833    1.6318e-17 
 6575.58586693   1.21759e-17 
 6581.10379553   2.50239e-17 
 6586.62172413    1.3601e-17 
 6592.13965273   1.31471e-17 
 6597.65758133   7.44516e-18 
 6603.17550993   1.68015e-17 
 6608.69343853    1.4252e-17 
 6614.21136713   1.56929e-17 
 6619.72929573   1.74914e-17 
 6625.24722433   1.43076e-17 
 6630.76515293   1.39548e-17 
 6636.28308153   1.18035e-17 
 6641.80101013   1.75257e-17 
 6647.31893873   1.81094e-17 
 6652.83686733   1.08471e-17 
 6658.35479593   1.85518e-17 
 6663.87272453   1.89912e-17 
 6669.39065313   1.30636e-17 
 6674.90858173   1.18558e-17 
 6680.42651033   1.26226e-17 
 6685.94443893   1.20862e-17 
 6691.46236753   1.42238e-17 
 6696.98029613   1.40272e-17 
 6702.49822474   5.78163e-18 
 6708.01615334   1.33727e-17 
 6713.53408194   1.90549e-17 
 6719.05201054   1.59517e-17 
 6724.56993914   1.42994e-17 
 6730.08786774   1.21858e-17 
 6735.60579634   1.46405e-17 
 6741.12372494   1.05705e-17 
 6746.64165354   1.96044e-17 
 6752.15958214   2.34853e-17 
 6757.67751074   1.63122e-17 
 6763.19543934   1.32067e-17 
 6768.71336794    1.9189e-17 
 6774.23129654   1.60769e-17 
 6779.74922514    1.7491e-17 
 6785.26715374   1.41282e-17 
 6790.78508234   1.65771e-17 
 6796.30301094   1.81581e-17 
 6801.82093954   1.74403e-17 
 6807.33886814   1.94498e-17 
 6812.85679674   1.64809e-17 
 6818.37472534   2.20484e-17 
 6823.89265394   1.66107e-17 
 6829.41058254   1.63712e-17 
 6834.92851114   1.45772e-17 
 6840.44643974   1.76378e-17 
 6845.96436834   1.85313e-17 
 6851.48229694   1.58156e-17 
 6857.00022554   2.06297e-17 
 6862.51815414   1.79647e-17 
 6868.03608274   1.63653e-17 
 6873.55401134   2.00033e-17 
 6879.07193995   1.67745e-17 
 6884.58986855   1.40065e-17 
 6890.10779715   1.73868e-17 
 6895.62572575   1.63895e-17 
 6901.14365435   1.87936e-17 
 6906.66158295   2.34902e-17 
 6912.17951155   2.30459e-17 
 6917.69744015   1.38388e-17 
 6923.21536875   1.59404e-17 
 6928.73329735   1.88949e-17 
 6934.25122595   2.41934e-17 
 6939.76915455   2.00478e-17 
 6945.28708315   1.44604e-17 
 6950.80501175   1.59931e-17 
 6956.32294035   1.84836e-17 
 6961.84086895   2.06967e-17 
 6967.35879755   1.83611e-17 
 6972.87672615   2.01678e-17 
 6978.39465475   2.38817e-17 
 6983.91258335    2.2169e-17 
 6989.43051195   1.93439e-17 
 6994.94844055   2.09619e-17 
 7000.46636915   2.09517e-17 
 7005.98429775   2.33978e-17 
 7011.50222635   2.11754e-17 
 7017.02015495    2.1553e-17 
 7022.53808355   2.31801e-17 
 7028.05601215   1.92109e-17 
 7033.57394075   2.40479e-17 
 7039.09186935   2.61529e-17 
 7044.60979795   2.46163e-17 
 7050.12772655   2.40373e-17 
 7055.64565516   2.45979e-17 
 7061.16358376   2.64756e-17 
 7066.68151236   1.97772e-17 
 7072.19944096   2.35829e-17 
 7077.71736956   2.47663e-17 
 7083.23529816   2.10084e-17 
 7088.75322676   3.25732e-17 
 7094.27115536   2.48601e-17 
 7099.78908396   2.25287e-17 
 7105.30701256   2.89037e-17 
 7110.82494116   2.44311e-17 
 7116.34286976   3.16125e-17 
 7121.86079836   2.85216e-17 
 7127.37872696   2.16171e-17 
 7132.89665556   2.20859e-17 
 7138.41458416   2.43286e-17 
 7143.93251276   2.31598e-17 
 7149.45044136   2.71031e-17 
 7154.96836996   2.90635e-17 
 7160.48629856   2.59347e-17 
 7166.00422716   2.49139e-17 
 7171.52215576   2.04041e-17 
 7177.04008436   2.14229e-17 
 7182.55801296   1.90528e-17 
 7188.07594156   1.57481e-17 
 7193.59387016   2.36187e-17 
 7199.11179876   2.37066e-17 
 7204.62972736   1.96425e-17 
 7210.14765596   1.64062e-17 
 7215.66558456   1.71785e-17 
 7221.18351316   1.77988e-17 
 7226.70144176   2.26336e-17 
 7232.21937037   1.76255e-17 
 7237.73729897   1.27552e-17 
 7243.25522757   1.60956e-17 
 7248.77315617   2.10101e-17 
 7254.29108477   2.46658e-17 
 7259.80901337   1.87256e-17 
 7265.32694197   2.10198e-17 
 7270.84487057   2.44091e-17 
 7276.36279917   2.35305e-17 
 7281.88072777    2.5023e-17 
 7287.39865637   1.59256e-17 
 7292.91658497   1.09339e-17 
 7298.43451357   2.38789e-17 
 7303.95244217    2.5483e-17 
 7309.47037077   2.20151e-17 
 7314.98829937   1.69251e-17 
 7320.50622797   1.57706e-17 
 7326.02415657   1.46184e-17 
 7331.54208517   1.50336e-17 
 7337.06001377  -6.34516e-18 
 7342.57794237  -2.93009e-17 
 7348.09587097   6.31687e-19 
 7353.61379957   1.51045e-17 
 7359.13172817   1.32608e-17 
 7364.64965677   2.01591e-17 
 7370.16758537   9.18524e-18 
 7375.68551397   7.48426e-18 
 7381.20344257   4.22911e-18 
 7386.72137117   1.18608e-17 
 7392.23929977   1.66222e-17 
 7397.75722837   1.12529e-17 
 7403.27515697    8.5964e-18 
 7408.79308558    8.4696e-18 
 7414.31101418   1.12407e-17 
 7419.82894278   1.30111e-17 
 7425.34687138   1.78189e-17 
 7430.86479998   2.22685e-17 
 7436.38272858   9.56429e-18 
 7441.90065718   9.77742e-18 
 7447.41858578   7.08392e-18 
 7452.93651438    1.6482e-17 
 7458.45444298   7.88012e-18 
 7463.97237158   5.47898e-18 
 7469.49030018   1.33387e-17 
 7475.00822878   1.41607e-17 
 7480.52615738   2.08259e-17 
 7486.04408598   2.16249e-17 
 7491.56201458   1.95037e-17 
 7497.07994318   1.62931e-17 
 7502.59787178   7.52437e-18 
 7508.11580038   1.15452e-17 
 7513.63372898   2.42012e-17 
 7519.15165758   1.92444e-17 
 7524.66958618   1.34002e-17 
 7530.18751478   1.16551e-17 
 7535.70544338   5.95076e-18 
 7541.22337198   7.51609e-18 
 7546.74130058   9.71004e-18 
 7552.25922918   1.72249e-17 
 7557.77715778   2.03547e-17 
 7563.29508638   1.29499e-17 
 7568.81301498   4.14756e-18 
 7574.33094358     6.028e-18 
 7579.84887218   1.33116e-17 
 7585.36680079   1.03426e-17 
 7590.88472939   1.61086e-17 
 7596.40265799    1.2775e-17 
 7601.92058659   2.36724e-18 
 7607.43851519   8.08096e-18 
 7612.95644379   8.89354e-18 
 7618.47437239   4.74312e-18 
 7623.99230099   1.15943e-17 
 7629.51022959   1.00738e-17 
 7635.02815819   7.58082e-18 
 7640.54608679   6.21028e-18 
 7646.06401539   5.28567e-18 
 7651.58194399   1.29146e-17 
 7657.09987259   1.11459e-17 
 7662.61780119   9.76862e-18 
 7668.13572979   6.34595e-18 
 7673.65365839   2.83728e-18 
 7679.17158699   9.33072e-18 
 7684.68951559   1.31765e-17 
 7690.20744419   1.30555e-17 
 7695.72537279   7.75876e-18 
 7701.24330139   1.51307e-17 
 7706.76122999   3.75062e-18 
 7712.27915859  -2.16488e-18 
 7717.79708719    3.6426e-18 
 7723.31501579   1.19256e-17 
 7728.83294439   2.09484e-17 
 7734.35087299   9.36039e-18 
 7739.86880159   7.25661e-18 
 7745.38673019   1.33242e-17 
 7750.90465879   2.14368e-17 
 7756.42258739    2.0549e-17 
   7761.940516   1.13456e-17 
  7767.4584446   1.24631e-17 
  7772.9763732   1.16479e-17 
  7778.4943018   8.85497e-19 
  7784.0122304   5.81174e-18 
   7789.530159   1.52333e-17 
  7795.0480876   2.39959e-17 
  7800.5660162   1.85682e-17 
  7806.0839448   1.69629e-17 
  7811.6018734  -9.99868e-18 
   7817.119802  -4.10461e-17 
  7822.6377306   1.11111e-17 
  7828.1556592   1.68762e-17 
  7833.6735878   1.36242e-17 
  7839.1915164   1.61391e-17 
   7844.709445   9.17741e-18 
  7850.2273736   4.06765e-18 
  7855.7453022   1.21271e-17 
  7861.2632308   9.07551e-18 
  7866.7811594   1.17403e-17 
   7872.299088   1.67397e-17 
  7877.8170166   1.74865e-17 
  7883.3349452   8.66337e-18 
  7888.8528738   6.51858e-18 
  7894.3708024   1.32837e-17 
   7899.888731   8.83147e-18 
  7905.4066596    2.8508e-18 
  7910.9245882   1.02327e-18 
  7916.4425168   6.01453e-18 
  7921.9604454   1.48921e-17 
   7927.478374   1.57443e-17 
  7932.9963026   1.61486e-17 
  7938.5142312   1.81446e-17 
 7944.03215981    2.0822e-17 
 7949.55008841   1.39295e-17 
 7955.06801701   9.42541e-18 
 7960.58594561    1.6281e-17 
 7966.10387421   1.51279e-17 
 7971.62180281   1.64022e-17 
 7977.13973141   1.91419e-17 
 7982.65766001   1.41364e-17 
 7988.17558861   1.52447e-17 
 7993.69351721   1.88941e-17 
 7999.21144581   2.31615e-17 
 8004.72937441   2.42859e-17 
 8010.24730301   2.41879e-17 
 8015.76523161   2.83706e-17 
 8021.28316021   2.36761e-17 
 8026.80108881   2.10211e-17 
 8032.31901741   2.05591e-17 
 8037.83694601   2.86498e-17 
 8043.35487461   3.66874e-17 
 8048.87280321   2.82107e-17 
 8054.39073181   2.39778e-17 
 8059.90866041   1.99859e-17 
 8065.42658901   2.53624e-17 
 8070.94451761   3.71692e-17 
 8076.46244621   3.35625e-17 
 8081.98037481   3.64381e-17 
 8087.49830341   3.73607e-17 
 8093.01623201   3.98092e-17 
 8098.53416061   3.27917e-17 
 8104.05208921    3.3804e-17 
 8109.57001781   3.25958e-17 
 8115.08794641   4.52762e-17 
 8120.60587502   4.25149e-17 
 8126.12380362   4.06965e-17 
 8131.64173222   3.84171e-17 
 8137.15966082   3.68817e-17 
 8142.67758942   4.01581e-17 
 8148.19551802   4.42294e-17 
 8153.71344662   3.81066e-17 
 8159.23137522   3.33694e-17 
 8164.74930382   2.62368e-17 
 8170.26723242   3.12343e-17 
 8175.78516102   3.94495e-17 
 8181.30308962   3.76285e-17 
 8186.82101822   3.77308e-17 
 8192.33894682   4.03953e-17 
 8197.85687542   3.71618e-17 
 8203.37480402   2.88901e-17 
 8208.89273262   3.36209e-17 
 8214.41066122   3.88589e-17 
 8219.92858982   3.66621e-17 
 8225.44651842   2.69668e-17 
 8230.96444702     2.502e-17 
 8236.48237562    2.2488e-17 
 8242.00030422   1.99646e-17 
 8247.51823282   2.05319e-17 
 8253.03616142   2.43142e-17 
 8258.55409002   2.26964e-17 
 8264.07201862  -4.03024e-17 
 8269.58994722  -6.51212e-18 
 8275.10787582   1.24763e-17 
 8280.62580442   1.25856e-17 
 8286.14373302   1.55913e-17 
 8291.66166162   2.42668e-17 
 8297.17959023   1.72766e-17 
 8302.69751883   1.61024e-17 
 8308.21544743   1.79443e-17 
 8313.73337603   2.04213e-17 
 8319.25130463    1.9446e-17 
 8324.76923323   2.09385e-17 
 8330.28716183    2.5064e-17 
 8335.80509043   2.25694e-17 
 8341.32301903   1.57662e-17 
 8346.84094763   1.21698e-17 
 8352.35887623   7.86185e-18 
 8357.87680483   1.22796e-17 
 8363.39473343   1.76439e-17 
 8368.91266203   5.80972e-18 
 8374.43059063   1.27266e-17 
 8379.94851923    5.1687e-18 
 8385.46644783   1.76949e-17 
 8390.98437643   1.46841e-17 
 8396.50230503   2.78553e-17 
 8402.02023363   3.00995e-17 
 8407.53816223   2.53449e-17 
 8413.05609083   2.18309e-17 
 8418.57401943   2.88407e-17 
 8424.09194803   1.21664e-17 
 8429.60987663   9.22369e-18 
 8435.12780523   4.37988e-18 
 8440.64573383   9.39391e-18 
 8446.16366243   2.36593e-17 
 8451.68159103   1.28577e-17 
 8457.19951963   9.59748e-18 
 8462.71744823   2.35142e-17 
 8468.23537683   2.17219e-17 
 8473.75330544   2.24864e-17 
 8479.27123404   2.00845e-17 
 8484.78916264   1.04596e-17 
 8490.30709124   1.27793e-17 
 8495.82501984   1.00164e-17 
 8501.34294844   1.54215e-17 
 8506.86087704   2.55237e-17 
 8512.37880564   2.51078e-17 
 8517.89673424   2.38902e-17 
 8523.41466284   2.90655e-18 
 8528.93259144  -5.02427e-17 
 8534.45052004   1.55753e-17 
 8539.96844864   8.76045e-18 
 8545.48637724   1.53385e-17 
 8551.00430584  -6.03937e-18 
 8556.52223444   6.82923e-17 
 8562.04016304   8.23454e-17 
 8567.55809164   2.52825e-17 
 8573.07602024   2.07062e-17 
 8578.59394884   2.15067e-17 
 8584.11187744   2.98061e-17 
 8589.62980604   2.95041e-17 
 8595.14773464   2.98582e-17 
 8600.66566324   2.88735e-17 
 8606.18359184   1.55026e-17 
 8611.70152044   2.48189e-17 
 8617.21944904   2.46904e-17 
 8622.73737764   2.10059e-17 
 8628.25530624   3.44582e-17 
 8633.77323484   3.10879e-17 
 8639.29116344   2.74725e-17 
 8644.80909204   2.91057e-17 
 8650.32702065   2.67415e-17 
 8655.84494925   2.23757e-17 
 8661.36287785   2.79449e-17 
 8666.88080645   1.95057e-17 
 8672.39873505   2.90993e-17 
 8677.91666365   3.04854e-17 
 8683.43459225   3.89581e-17 
 8688.95252085   2.98365e-17 
 8694.47044945   3.09285e-17 
 8699.98837805   1.72236e-17 
 8705.50630665   2.58201e-17 
 8711.02423525   4.33852e-17 
 8716.54216385   3.71119e-17 
 8722.06009245   2.18517e-17 
 8727.57802105   2.42296e-17 
 8733.09594965   1.82368e-17 
 8738.61387825   1.73221e-17 
 8744.13180685   3.07505e-17 
 8749.64973545   2.64911e-17 
 8755.16766405   1.98839e-17 
 8760.68559265   2.36668e-17 
 8766.20352125   1.36533e-17 
 8771.72144985  -2.17369e-19 
 8777.23937845    2.4534e-18 
 8782.75730705   1.70763e-17 
 8788.27523565   2.24711e-17 
 8793.79316425   3.60635e-17 
 8799.31109285   2.69769e-17 
 8804.82902145   1.60472e-17 
 8810.34695005    1.6012e-17 
 8815.86487865   9.26487e-18 
 8821.38280725   3.25933e-17 
 8826.90073586   4.59734e-17 
 8832.41866446   3.90356e-17 
 8837.93659306   2.49619e-17 
 8843.45452166   1.21044e-17 
 8848.97245026    6.3584e-18 
 8854.49037886    1.8547e-17 
 8860.00830746   8.42089e-18 
 8865.52623606    1.9822e-17 
 8871.04416466   6.92811e-18 
 8876.56209326   3.41642e-18 
 8882.08002186   6.11187e-18 
 8887.59795046   8.54984e-18 
 8893.11587906   2.10361e-17 
 8898.63380766   2.34322e-17 
 8904.15173626   5.46491e-18 
 8909.66966486   4.63799e-18 
 8915.18759346   5.22278e-18 
 8920.70552206   1.20149e-18 
 8926.22345066   8.36992e-18 
 8931.74137926   6.02441e-18 
 8937.25930786   1.55841e-17 
 8942.77723646   1.57048e-17 
 8948.29516506   1.15621e-17 
 8953.81309366   1.49741e-17 
 8959.33102226   1.41455e-17 
 8964.84895086    1.1534e-17 
 8970.36687946   1.62885e-17 
 8975.88480806   7.04169e-18 
 8981.40273666   8.57733e-18 
 8986.92066526   8.98908e-18 
 8992.43859386   1.01429e-17 
 8997.95652246   1.34596e-17 
 9003.47445107   2.28633e-17 
 9008.99237967   1.29743e-17 
 9014.51030827  -8.06443e-18 
 9020.02823687   9.27378e-19 
 9025.54616547   9.26469e-18 
 9031.06409407    7.4542e-18 
 9036.58202267   1.05039e-17 
 9042.09995127   1.84208e-17 
 9047.61787987   1.60591e-17 
 9053.13580847    9.8837e-18 
 9058.65373707   1.52825e-17 
 9064.17166567   1.17708e-18 
 9069.68959427   1.22342e-17 
 9075.20752287   2.13412e-17 
 9080.72545147   1.38438e-17 
 9086.24338007   2.07046e-17 
 9091.76130867   2.65886e-17 
 9097.27923727    1.3037e-17 
 9102.79716587   7.63412e-18 
 9108.31509447   1.31392e-17 
 9113.83302307   3.48825e-18 
 9119.35095167   6.84397e-18 
 9124.86888027   2.24308e-17 
 9130.38680887   1.23012e-17 
 9135.90473747  -6.14895e-19 
 9141.42266607   2.12038e-18 
 9146.94059467  -2.57762e-18 
 9152.45852327   6.22315e-18 
 9157.97645187   1.20715e-17 
 9163.49438047   1.73927e-18 
 9169.01230907   1.00329e-17 
 9174.53023767   6.79608e-18 
 9180.04816628  -2.28244e-19 
 9185.56609488   1.23396e-17 
 9191.08402348   4.93363e-18 
 9196.60195208   8.15813e-18 
 9202.11988068   1.12297e-17 
 9207.63780928   2.27374e-18 
 9213.15573788   2.06797e-17 
 9218.67366648   1.40371e-17 
 9224.19159508  -1.44131e-18 
 9229.70952368   1.25463e-17 
 9235.22745228   7.07124e-19 
