# STATUS =
# OBJECT = 2015bn
# TELESCOPE = ESO-NTT
# INSTRUMENT = EFOSC2-NTT
# DATE-OBS = 2016-01-02 05:55:08.00
# MJD = 57389.24662039988
# EXPTIME = 1800
# AIRMASS = --
# SLIT = --
# DISPERSER = --
# SOURCE = --
# FILTER =
# RESOLUTION =
# FLUX_STANDARD =
# EXTINCTION_CORRECTED = --
# PHOTOMETRY_CALIBRATED =
# TELLURIC_CORRECTED =
# FLUX_UNITS = erg cm(-2) sec(-1) Ang(-1)
# WAVE_UNITS = Angstrom
# QUALITY = --
# MIN_WAVE = 3642.5833
# MAX_WAVE = 9239.059
# COMMENT = Released as part of DR3
 Wavelength            Flux           Error 
  3642.5833    3.373737e-17    1.070883e-17 
  3648.1023   4.1479124e-17  1.07272066e-17 
  3653.6216   3.9639577e-17   1.0772535e-17 
  3659.1409   4.2742368e-17    1.060999e-17 
    3664.66    4.528356e-17   1.0487237e-17 
  3670.1792   1.7128733e-17   1.0096035e-17 
  3675.6985    3.289176e-17    9.994702e-18 
  3681.2175   2.5347873e-17    9.864364e-18 
  3686.7368    3.328493e-17    9.855492e-18 
   3692.256    4.160701e-17     9.79348e-18 
  3697.7754   4.1522247e-17    9.655407e-18 
  3703.2944   4.0675177e-17    9.477636e-18 
  3708.8137   2.5857668e-17    9.192211e-18 
   3714.333   3.3860635e-17    9.070961e-18 
   3719.852   4.3871817e-17    8.906163e-18 
  3725.3713   2.6247698e-17    8.700958e-18 
  3730.8906   3.9780237e-17    8.654727e-18 
  3736.4097   3.7632443e-17    8.462695e-18 
   3741.929   4.0472707e-17    8.390193e-18 
  3747.4482   3.9020025e-17    8.280215e-18 
  3752.9673   3.9708266e-17    8.182758e-18 
  3758.4866   5.1501823e-17     8.13689e-18 
  3764.0059   3.4086346e-17    8.011266e-18 
   3769.525   3.5734533e-17    8.021455e-18 
  3775.0442   3.9916722e-17    7.989344e-18 
  3780.5635   3.7492444e-17    7.926322e-18 
  3786.0825   4.5209537e-17    7.779415e-18 
  3791.6018   4.7816763e-17     7.57134e-18 
   3797.121    3.851867e-17    7.446168e-18 
  3802.6401   3.5481274e-17   7.4099195e-18 
  3808.1594   4.3084586e-17   7.2844106e-18 
  3813.6787   4.1271386e-17    7.110971e-18 
  3819.1978    3.778314e-17   6.9352336e-18 
   3824.717     3.16807e-17    6.699609e-18 
  3830.2363    3.971896e-17   6.6559998e-18 
  3835.7554   3.7460237e-17   6.6496884e-18 
  3841.2747   3.6345347e-17   6.6276196e-18 
   3846.794   2.7949242e-17   6.6061746e-18 
   3852.313   4.4185947e-17   6.6187477e-18 
  3857.8323     3.82711e-17    6.449604e-18 
  3863.3516    4.783455e-17    6.434131e-18 
  3868.8706   4.3799405e-17    6.343186e-18 
    3874.39   4.5009968e-17     6.28359e-18 
  3879.9092   4.7265666e-17    6.237972e-18 
  3885.4282   4.2501486e-17   6.1655698e-18 
  3890.9475   4.0670744e-17   6.1895944e-18 
  3896.4668   3.8084163e-17   6.2235746e-18 
  3901.9858   4.1471613e-17   6.2879164e-18 
  3907.5051   4.3562544e-17   6.3041995e-18 
  3913.0244   2.9816473e-17   6.1997543e-18 
  3918.5435    3.464945e-17   6.1140976e-18 
  3924.0627   3.2828956e-17   5.7968677e-18 
   3929.582   3.2527127e-17   5.5254834e-18 
   3935.101    3.921282e-17   5.4552934e-18 
  3940.6204   3.9559675e-17   5.5619794e-18 
  3946.1396   3.5095037e-17    5.736256e-18 
  3951.6587   3.7523546e-17    5.826818e-18 
   3957.178   4.7102417e-17    5.765345e-18 
  3962.6973   3.4549554e-17    5.511648e-18 
  3968.2163   3.9517075e-17    5.327632e-18 
  3973.7356   3.9278377e-17   5.4015436e-18 
   3979.255   3.8671402e-17   5.6013937e-18 
   3984.774   3.3796486e-17   5.7799808e-18 
  3990.2932   3.6170785e-17   5.8885292e-18 
  3995.8125   4.3393313e-17     5.91699e-18 
  4001.3315   3.1361104e-17   5.8789587e-18 
  4006.8508   3.5906464e-17   5.9073087e-18 
    4012.37    2.964141e-17   5.8810064e-18 
  4017.8892   3.6041854e-17   5.9206606e-18 
  4023.4084   4.3579273e-17    5.891509e-18 
  4028.9277   4.4349265e-17   5.8362696e-18 
  4034.4468   4.0921505e-17   5.7559214e-18 
   4039.966   3.4026763e-17   5.6821162e-18 
  4045.4854    3.758863e-17    5.683293e-18 
  4051.0044    4.098103e-17   5.6675285e-18 
  4056.5237    3.258212e-17    5.597813e-18 
   4062.043   3.5374187e-17    5.571805e-18 
   4067.562   2.3655028e-17   5.4743545e-18 
  4073.0813   3.4225716e-17   5.4908696e-18 
  4078.6006    2.332081e-17   5.4474306e-18 
  4084.1196   3.4624983e-17   5.5194028e-18 
   4089.639   2.2345922e-17   5.4613727e-18 
  4095.1582   2.9394293e-17   5.3907915e-18 
  4100.6772    3.760018e-17   5.3278877e-18 
   4106.197    3.843362e-17   5.3087856e-18 
   4111.716    3.456587e-17   5.2924856e-18 
   4117.235   4.3902767e-17    5.390927e-18 
  4122.7544   4.2942453e-17   5.3931647e-18 
  4128.2734   3.7879234e-17   5.3318987e-18 
  4133.7925    3.254812e-17    5.299606e-18 
   4139.312   3.8237198e-17   5.2740262e-18 
   4144.831   3.8771034e-17    5.269386e-18 
    4150.35   4.3043475e-17    5.260991e-18 
  4155.8696   5.1514387e-17   5.2542016e-18 
  4161.3887   4.7254234e-17   5.2724695e-18 
  4166.9077   4.2466152e-17   5.2473724e-18 
  4172.4272   4.4893044e-17    5.211693e-18 
  4177.9463   3.8371297e-17   5.1104947e-18 
  4183.4653   4.5187236e-17    5.098882e-18 
   4188.985   4.0499964e-17   5.0502404e-18 
   4194.504   4.0057942e-17   5.0198274e-18 
   4200.023   3.5883254e-17   4.9348102e-18 
  4205.5425    4.272812e-17   4.9804313e-18 
  4211.0615   3.9116144e-17    4.954214e-18 
  4216.5806   2.7636902e-17    4.909371e-18 
     4222.1   4.0025506e-17   4.8991964e-18 
   4227.619   3.0088708e-17   4.7984466e-18 
   4233.138   3.0106314e-17   4.7374317e-18 
  4238.6577    4.245248e-17    4.782799e-18 
   4244.177     3.01997e-17   4.7701426e-18 
   4249.696   3.3542505e-17   4.7600266e-18 
  4255.2153   4.2481733e-17    4.779794e-18 
  4260.7344   4.1839656e-17   4.7732337e-18 
  4266.2534   4.7856862e-17   4.7428944e-18 
   4271.773   3.8683426e-17    4.667386e-18 
   4277.292   4.4626288e-17   4.6858256e-18 
   4282.811     4.10908e-17   4.6369226e-18 
  4288.3306   3.7748348e-17    4.621752e-18 
  4293.8496   4.2187624e-17   4.5664804e-18 
  4299.3687    4.360859e-17    4.466075e-18 
   4304.888   4.1001847e-17   4.3756932e-18 
   4310.407    4.056078e-17    4.369971e-18 
  4315.9263   4.4231306e-17    4.461899e-18 
   4321.446   4.0620997e-17   4.5437825e-18 
   4326.965   4.5604012e-17    4.622972e-18 
   4332.484   4.6029593e-17   4.6296157e-18 
  4338.0034   4.4262534e-17    4.526219e-18 
  4343.5225    4.250784e-17   4.5313756e-18 
  4349.0415   4.2988755e-17   4.5337732e-18 
   4354.561   3.5905912e-17    4.538543e-18 
    4360.08   5.0400283e-17   4.6515025e-18 
   4365.599   4.7843177e-17    4.644945e-18 
  4371.1187      4.9781e-17    4.634585e-18 
  4376.6377   5.6021475e-17    4.620255e-18 
  4382.1567   5.0112792e-17     4.52503e-18 
  4387.6763    4.353175e-17    4.463097e-18 
  4393.1953   4.7425444e-17   4.4916813e-18 
  4398.7144   4.7118345e-17   4.5034984e-18 
   4404.234   4.6471675e-17    4.544339e-18 
   4409.753   5.4758294e-17    4.601188e-18 
   4415.272    5.228596e-17   4.5946177e-18 
  4420.7915   4.0469845e-17   4.5664506e-18 
  4426.3105   5.2554546e-17   4.6209944e-18 
  4431.8296    5.183374e-17    4.607124e-18 
   4437.349   4.4865254e-17    4.577023e-18 
   4442.868   5.2580143e-17    4.585719e-18 
   4448.387   5.9424477e-17   4.5988057e-18 
  4453.9067   4.8760855e-17    4.519055e-18 
   4459.426    4.507549e-17    4.484586e-18 
   4464.945    5.707677e-17   4.4850386e-18 
  4470.4644   4.5170977e-17    4.481457e-18 
  4475.9834    4.333442e-17   4.4846763e-18 
  4481.5024   4.9152065e-17     4.53174e-18 
   4487.022   4.7718183e-17   4.4949176e-18 
   4492.541    3.957821e-17    4.443947e-18 
    4498.06   3.8857716e-17    4.472374e-18 
  4503.5796   4.2632025e-17   4.5069796e-18 
  4509.0986   4.7004638e-17    4.533082e-18 
  4514.6177    3.875281e-17   4.4759074e-18 
   4520.137     3.61174e-17    4.472921e-18 
  4525.6562   3.7021587e-17    4.401978e-18 
  4531.1753   4.0215424e-17   4.4004164e-18 
   4536.695   3.9331548e-17    4.372026e-18 
   4542.214   3.9529125e-17    4.371333e-18 
   4547.733    3.672108e-17    4.390948e-18 
  4553.2524   3.7990013e-17   4.3949814e-18 
  4558.7715   4.4481174e-17   4.3983625e-18 
  4564.2905   4.1675467e-17   4.3859895e-18 
    4569.81     3.05605e-17   4.3438687e-18 
   4575.329    5.223366e-17   4.4026643e-18 
   4580.848   4.7374626e-17   4.3762375e-18 
  4586.3677    3.536632e-17    4.348096e-18 
  4591.8867   4.5289905e-17   4.3489467e-18 
   4597.406   3.0956086e-17   4.2735103e-18 
  4602.9253   2.9039466e-17    4.285951e-18 
  4608.4443   2.6785806e-17    4.274194e-18 
  4613.9634   3.5974846e-17    4.323608e-18 
   4619.483    4.003221e-17    4.342958e-18 
   4625.002    2.834201e-17    4.298761e-18 
   4630.521    3.615644e-17   4.3274107e-18 
  4636.0405   3.6899104e-17   4.3026598e-18 
  4641.5596   3.9613934e-17   4.3156614e-18 
  4647.0786    4.068733e-17   4.2711355e-18 
   4652.598    4.668897e-17    4.300699e-18 
   4658.117   3.2512546e-17   4.2332564e-18 
   4663.636   3.6076017e-17    4.254659e-18 
   4669.156   3.3415112e-17   4.2329367e-18 
   4674.675   3.5104566e-17    4.229805e-18 
   4680.194   3.7570398e-17   4.2347884e-18 
  4685.7134    4.551071e-17    4.275861e-18 
  4691.2324   4.0725205e-17   4.2561453e-18 
  4696.7515   3.5227538e-17   4.2070344e-18 
   4702.271   3.0153092e-17   4.1677375e-18 
    4707.79   3.2689033e-17    4.169172e-18 
   4713.309   4.2984642e-17   4.2014455e-18 
  4718.8286    3.688655e-17    4.205695e-18 
  4724.3477    3.438435e-17    4.203207e-18 
  4729.8667    3.402998e-17   4.1941854e-18 
   4735.386   3.4204474e-17   4.1679278e-18 
  4740.9053   3.9798855e-17   4.1691967e-18 
   4746.425    3.716544e-17   4.1807292e-18 
   4751.944   3.7467827e-17   4.1684067e-18 
   4757.463    3.797326e-17    4.172498e-18 
  4762.9824   3.9335525e-17   4.1630743e-18 
  4768.5015    3.434189e-17   4.1188937e-18 
  4774.0205     3.58931e-17   4.1480295e-18 
    4779.54   3.6757534e-17   4.1552243e-18 
   4785.059   3.3292286e-17    4.128524e-18 
   4790.578     4.62775e-17    4.193564e-18 
  4796.0977   3.6349426e-17   4.1759063e-18 
  4801.6167    4.040412e-17   4.1658673e-18 
  4807.1357    4.106003e-17   4.1767306e-18 
  4812.6553   3.9272143e-17    4.152459e-18 
  4818.1743   3.8836074e-17   4.1690598e-18 
  4823.6934   4.4471708e-17    4.186313e-18 
   4829.213   4.1629072e-17   4.1649983e-18 
   4834.732   3.8510995e-17    4.134941e-18 
   4840.251   4.1158903e-17     4.11696e-18 
  4845.7705   3.8091446e-17   4.1027923e-18 
  4851.2896   4.3290693e-17     4.08304e-18 
  4856.8086   4.4249765e-17   4.0149676e-18 
   4862.328   3.8290386e-17   3.9349122e-18 
   4867.847   4.3580153e-17   3.9341603e-18 
   4873.366   4.0271354e-17   3.9482137e-18 
  4878.8857   3.7807372e-17    3.976106e-18 
   4884.405   3.4103962e-17   3.9750623e-18 
   4889.924   3.8408984e-17    3.987927e-18 
  4895.4434   2.8941726e-17    3.977954e-18 
  4900.9624   3.5648914e-17     3.99171e-18 
  4906.4814   2.5186457e-17     3.96134e-18 
   4912.001   3.7739543e-17   3.9771473e-18 
    4917.52   3.0708147e-17   3.9101427e-18 
   4923.039   3.1436642e-17   3.8993038e-18 
  4928.5586   3.3621835e-17   3.9269556e-18 
  4934.0776    4.164242e-17   3.9599067e-18 
  4939.5967   3.5021097e-17    3.957424e-18 
   4945.116    3.454423e-17   3.9530866e-18 
  4950.6353    3.940917e-17   3.9711585e-18 
  4956.1543      3.9046e-17   3.9734373e-18 
   4961.674    2.941709e-17    3.914456e-18 
   4967.193   3.1672904e-17   3.9235588e-18 
   4972.712    3.574686e-17   3.9476512e-18 
  4978.2314    4.419153e-17   3.9489255e-18 
  4983.7505   4.0949894e-17   3.9359892e-18 
  4989.2695    4.166884e-17   3.9197624e-18 
   4994.789    4.057363e-17    3.914043e-18 
   5000.308   3.9567043e-17    3.898197e-18 
   5005.827   3.5615423e-17     3.86408e-18 
  5011.3467   3.6585917e-17   3.8485802e-18 
  5016.8657   4.6246566e-17   3.8921404e-18 
   5022.385    4.560385e-17   3.8882737e-18 
  5027.9043    3.777823e-17   3.8795983e-18 
  5033.4233    4.306117e-17   3.8808734e-18 
  5038.9424     4.80428e-17   3.9043533e-18 
   5044.462   3.9602063e-17    3.868079e-18 
   5049.981    4.473935e-17    3.877146e-18 
     5055.5     4.23266e-17   3.8964454e-18 
  5061.0195   4.5208914e-17   3.9056234e-18 
  5066.5386   4.8946203e-17   3.9226278e-18 
  5072.0576   4.4082586e-17   3.8812216e-18 
   5077.577   4.3131394e-17   3.8835307e-18 
   5083.096    5.139795e-17   3.9099595e-18 
   5088.615   4.1010556e-17   3.8639823e-18 
   5094.135    4.398508e-17   3.8637904e-18 
   5099.654   4.1494457e-17    3.865538e-18 
   5105.173   4.9544016e-17   3.9078605e-18 
  5110.6924    5.251825e-17     3.93918e-18 
  5116.2114   4.5450435e-17     3.89697e-18 
  5121.7305    4.755203e-17   3.8905754e-18 
    5127.25   4.9050325e-17   3.8954342e-18 
   5132.769   4.5519332e-17    3.847829e-18 
   5138.288   4.3821934e-17   3.8562196e-18 
  5143.8076   4.7184053e-17    3.854196e-18 
  5149.3267    5.037811e-17   3.8625736e-18 
  5154.8457    4.296804e-17    3.840102e-18 
   5160.365   4.5765544e-17   3.8212634e-18 
  5165.8843    4.164238e-17   3.7580643e-18 
  5171.4033   4.7044508e-17   3.7301433e-18 
   5176.923   3.9609762e-17   3.6852427e-18 
   5182.442    3.557897e-17    3.698005e-18 
   5187.961    3.684734e-17   3.7433277e-18 
  5193.4805    2.944652e-17   3.7525326e-18 
  5198.9995   4.1707227e-17    3.850495e-18 
  5204.5186   3.9892314e-17   3.8332013e-18 
   5210.038   3.3675184e-17   3.8118232e-18 
   5215.557   3.0078157e-17   3.7574803e-18 
   5221.076    3.125989e-17   3.7713737e-18 
  5226.5957   2.9956035e-17   3.7367983e-18 
  5232.1147   2.7228134e-17   3.7362603e-18 
   5237.634     2.79103e-17    3.761809e-18 
  5243.1533   2.6406906e-17     3.76469e-18 
  5248.6724   2.3186012e-17   3.7511222e-18 
  5254.1914   2.9588363e-17   3.7570366e-18 
   5259.711   2.7500963e-17    3.714411e-18 
    5265.23   2.4476784e-17    3.670952e-18 
   5270.749   3.2985997e-17   3.6835143e-18 
  5276.2686    3.239756e-17    3.676701e-18 
  5281.7876   3.0890507e-17    3.720099e-18 
  5287.3066   3.9689906e-17    3.785648e-18 
   5292.826   2.8919564e-17   3.7339843e-18 
   5298.345   2.8954538e-17   3.7286097e-18 
  5303.8643   2.1039898e-17   3.7095907e-18 
   5309.384   2.1931819e-17   3.7275993e-18 
   5314.903    2.544157e-17   3.7517335e-18 
   5320.422    2.281273e-17    3.707294e-18 
  5325.9414   2.7066579e-17   3.7083963e-18 
  5331.4604   3.1925135e-17   3.7378476e-18 
  5336.9795    3.028668e-17   3.7257183e-18 
   5342.499   2.4394157e-17   3.7011163e-18 
   5348.018   1.6258859e-17   3.6930525e-18 
   5353.537   1.5637438e-17   3.6954327e-18 
  5359.0566   2.2536423e-17   3.7080886e-18 
  5364.5757   2.0749018e-17   3.6872424e-18 
  5370.0947   2.8342487e-17    3.701365e-18 
  5375.6143   2.7300181e-17    3.710988e-18 
  5381.1333    2.368218e-17   3.6946824e-18 
  5386.6523   2.7204015e-17    3.705525e-18 
   5392.172   2.5069302e-17   3.6859172e-18 
   5397.691   2.3048916e-17   3.6485096e-18 
    5403.21    2.960967e-17      3.6593e-18 
  5408.7295    3.185144e-17    3.673652e-18 
  5414.2485   3.0614388e-17   3.6703112e-18 
  5419.7676    3.063178e-17   3.6773456e-18 
   5425.287    3.342565e-17    3.695527e-18 
   5430.806   3.6814583e-17   3.7240875e-18 
   5436.325   2.8178592e-17    3.697597e-18 
  5441.8447    2.651396e-17     3.69219e-18 
   5447.364    3.352263e-17    3.714373e-18 
   5452.883   3.5441625e-17   3.7169832e-18 
  5458.4023   3.6003195e-17   3.7427437e-18 
  5463.9214    3.096213e-17   3.7146154e-18 
  5469.4404   3.4356897e-17   3.7142023e-18 
    5474.96   3.7544484e-17   3.7274748e-18 
   5480.479   3.7556068e-17    3.716219e-18 
   5485.998    3.614553e-17    3.715593e-18 
  5491.5176    4.144581e-17   3.7416642e-18 
  5497.0366    4.203854e-17    3.766197e-18 
  5502.5557   3.5500074e-17   3.7253857e-18 
   5508.075    3.585335e-17   3.7211994e-18 
   5513.594   4.3696375e-17   3.7739243e-18 
  5519.1133   4.5503533e-17   3.7608416e-18 
   5524.633   5.0967157e-17   3.7851367e-18 
   5530.152   4.9987924e-17    3.788781e-18 
   5535.671   3.9341296e-17    3.727515e-18 
  5541.1904   3.4952206e-17    3.713535e-18 
  5546.7095   3.6555742e-17   3.7207324e-18 
  5552.2285   3.3444775e-17    3.699451e-18 
   5557.748   3.7113735e-17   3.6967235e-18 
   5563.267   3.7010208e-17   3.8648418e-18 
   5568.786   3.7831936e-17    4.864711e-18 
  5574.3057   3.9526333e-17   5.4168253e-18 
  5579.8247    3.603133e-17   5.4226193e-18 
  5585.3438   3.9363024e-17   5.0694835e-18 
  5590.8633    3.372351e-17   4.0762662e-18 
  5596.3823   3.4645547e-17    3.612469e-18 
   5601.902   3.2845943e-17   3.6591807e-18 
   5607.421    3.524777e-17    3.642367e-18 
    5612.94   3.6639178e-17   3.6716488e-18 
  5618.4595    2.609978e-17   3.6081635e-18 
  5623.9785     2.89161e-17    3.609738e-18 
  5629.4976   3.4569552e-17   3.6287053e-18 
   5635.017   3.2663414e-17     3.62103e-18 
   5640.536   3.3174485e-17   3.6304887e-18 
   5646.055   3.2626376e-17   3.6170276e-18 
  5651.5747   2.9923732e-17   3.5926886e-18 
  5657.0938    2.900117e-17   3.5784474e-18 
   5662.613   3.0193022e-17   3.5859223e-18 
  5668.1323    2.952003e-17   3.6039296e-18 
  5673.6514    2.534642e-17    3.594983e-18 
  5679.1704   3.1096346e-17   3.6107885e-18 
    5684.69   3.0244718e-17   3.6176086e-18 
   5690.209    2.900148e-17    3.617812e-18 
   5695.728   3.1270448e-17    3.616345e-18 
  5701.2476   2.7441737e-17   3.5997262e-18 
  5706.7666   2.7789027e-17    3.587434e-18 
  5712.2856    2.956988e-17    3.603197e-18 
   5717.805   3.3061572e-17   3.6190583e-18 
   5723.324    3.282385e-17   3.6276006e-18 
  5728.8433   3.2290034e-17   3.6521298e-18 
   5734.363   3.4195382e-17    3.636607e-18 
   5739.882   3.6306598e-17   3.6292793e-18 
   5745.401   3.2316613e-17   3.6226516e-18 
  5750.9204    3.076385e-17    3.619688e-18 
  5756.4395   2.9290522e-17   3.6148587e-18 
  5761.9585    3.142598e-17    3.631034e-18 
   5767.478   3.2403232e-17    3.645905e-18 
   5772.997   2.9291495e-17    3.614324e-18 
   5778.516    3.665364e-17   3.6444804e-18 
  5784.0356   3.8536052e-17   3.6600467e-18 
  5789.5547   3.7504753e-17    3.654504e-18 
  5795.0737    3.913895e-17    3.668511e-18 
  5800.5933    4.170213e-17   3.6920615e-18 
  5806.1123   4.0329886e-17    3.679184e-18 
  5811.6313   3.4834918e-17   3.6531017e-18 
   5817.151   3.6358413e-17    3.649233e-18 
    5822.67    3.855874e-17   3.6687143e-18 
   5828.189   4.2586262e-17   3.7037057e-18 
  5833.7085   3.8804386e-17    3.685563e-18 
  5839.2275   3.5759984e-17   3.6648067e-18 
  5844.7466   3.7443515e-17   3.6683645e-18 
   5850.266   3.9082964e-17   3.6514176e-18 
   5855.785    4.126432e-17    3.676877e-18 
   5861.304   4.0621215e-17   3.7061927e-18 
  5866.8237   3.9278446e-17   3.7346034e-18 
   5872.343   3.2112776e-17    3.679154e-18 
   5877.862   4.4145306e-17    3.801075e-18 
  5883.3813    3.972221e-17   3.5877176e-18 
  5888.9004   3.5003603e-17   4.4341517e-18 
  5894.4194   3.6863188e-17   6.4171894e-18 
   5899.939   4.0310927e-17   5.1000884e-18 
   5905.458    3.167997e-17   4.4227565e-18 
   5910.977   3.2027427e-17   3.9625814e-18 
  5916.4966   3.4949258e-17    3.942873e-18 
  5922.0156    2.867548e-17    4.522669e-18 
  5927.5347   2.7107294e-17   3.9906717e-18 
   5933.054   3.8776192e-17   3.8407224e-18 
   5938.573    3.636914e-17   3.7074835e-18 
  5944.0923    2.796272e-17   3.6164564e-18 
   5949.612   3.7968702e-17   3.6167434e-18 
   5955.131    3.533132e-17   3.5872805e-18 
    5960.65   3.2386513e-17   3.5515616e-18 
  5966.1694   2.7482978e-17   3.5161603e-18 
  5971.6885   2.9320634e-17    3.536686e-18 
  5977.2075   2.8558556e-17    3.525715e-18 
   5982.727    2.585142e-17    3.472087e-18 
   5988.246     2.95989e-17    3.476982e-18 
   5993.765   2.4912761e-17   3.4568846e-18 
  5999.2847   2.4533459e-17   3.4414012e-18 
  6004.8037   2.5202701e-17   3.4288402e-18 
  6010.3228   2.0206178e-17   3.4041975e-18 
  6015.8423    2.957248e-17   3.4315662e-18 
  6021.3613   2.3566053e-17    3.379917e-18 
  6026.8804   2.7257184e-17   3.4320567e-18 
     6032.4   2.2954452e-17   3.4096224e-18 
   6037.919   2.2669136e-17   3.3949351e-18 
   6043.438   2.2066571e-17    3.414596e-18 
  6048.9575   2.1670105e-17   3.4040044e-18 
  6054.4766   2.2760455e-17   3.3899952e-18 
  6059.9956   1.8191136e-17   3.3959691e-18 
   6065.515   2.0249529e-17   3.4091788e-18 
   6071.034   2.3874687e-17    3.419018e-18 
   6076.553   1.8088369e-17    3.388784e-18 
  6082.0728   2.4314544e-17   3.4109725e-18 
   6087.592    2.448964e-17   3.3985292e-18 
   6093.111   2.0498515e-17    3.385975e-18 
  6098.6304   1.8727091e-17   3.3821922e-18 
  6104.1494   2.2245831e-17   3.3898672e-18 
  6109.6685    2.464781e-17   3.4099768e-18 
   6115.188   1.6648282e-17   3.3871927e-18 
   6120.707   2.5056029e-17   3.4410132e-18 
   6126.226    2.790314e-17   3.4390493e-18 
  6131.7456     2.06619e-17   3.4153673e-18 
  6137.2646   2.4585181e-17   3.4524296e-18 
  6142.7837    3.004437e-17    3.489462e-18 
   6148.303   2.8141042e-17   3.4685817e-18 
  6153.8223   2.1152371e-17   3.4198806e-18 
  6159.3413   2.0535943e-17   3.4236398e-18 
   6164.861   1.8754818e-17   3.4124542e-18 
    6170.38   2.3016666e-17   3.4470978e-18 
   6175.899   2.3367602e-17   3.4639113e-18 
  6181.4185   1.8213829e-17   3.4285344e-18 
  6186.9375   2.3867107e-17   3.4527408e-18 
  6192.4565   2.2070115e-17   3.4544814e-18 
   6197.976    1.916626e-17   3.4629236e-18 
   6203.495   2.4712099e-17   3.4762757e-18 
   6209.014    2.479114e-17    3.479388e-18 
  6214.5337   1.9865948e-17    3.453456e-18 
  6220.0527   2.1441866e-17   3.4528856e-18 
   6225.572   2.2876861e-17   3.5095247e-18 
  6231.0913   2.2738432e-17    3.562175e-18 
  6236.6104   2.2470653e-17   3.5637203e-18 
  6242.1294   2.5126346e-17    3.561101e-18 
   6247.649   1.5712327e-17    3.491178e-18 
   6253.168   1.7496207e-17    3.504868e-18 
   6258.687   1.8993607e-17   3.5131684e-18 
  6264.2065   1.3664914e-17   3.4846753e-18 
  6269.7256   1.3542914e-17   3.4326372e-18 
  6275.2446   1.8038058e-17   3.4425886e-18 
   6280.764   1.4855866e-17     3.43704e-18 
   6286.283   1.4677766e-17   3.6331758e-18 
  6291.8022   1.9108486e-17   4.4357023e-18 
   6297.322   1.5476311e-17    4.594182e-18 
   6302.841   1.9667438e-17   4.5921436e-18 
    6308.36   1.1868295e-17    4.273104e-18 
  6313.8794    9.082297e-18   3.5684787e-18 
  6319.3984   1.4067184e-17    3.413433e-18 
  6324.9175    1.561701e-17   3.4547062e-18 
   6330.437   1.2288438e-17   3.4274952e-18 
   6335.956  1.25955255e-17   3.4216746e-18 
   6341.475   1.1805532e-17   3.3797504e-18 
  6346.9946    9.109955e-18   3.3578514e-18 
  6352.5137    5.390161e-18    3.585311e-18 
  6358.0327  1.09074145e-17   3.7682904e-18 
  6363.5522    1.469253e-17   3.7927703e-18 
  6369.0713    1.999429e-17    3.762854e-18 
  6374.5903   1.1938596e-17    3.498284e-18 
    6380.11   1.0012592e-17   3.3386658e-18 
   6385.629   1.0753703e-17   3.3216068e-18 
   6391.148   1.2801961e-17   3.2994394e-18 
  6396.6675   1.6967241e-17   3.2973125e-18 
  6402.1865   1.0828645e-17   3.2601785e-18 
  6407.7056    8.575503e-18   3.2490548e-18 
   6413.225   1.0749372e-17   3.2665172e-18 
   6418.744   1.1071934e-17   3.2597461e-18 
   6424.263    7.916167e-18   3.2328373e-18 
  6429.7827   1.0287249e-17   3.2428507e-18 
   6435.302    8.988413e-18   3.2424216e-18 
  6440.8213   1.4476367e-17   3.2485817e-18 
  6446.3403   1.9605001e-17   3.2887777e-18 
  6451.8594   8.8572275e-18   3.2310367e-18 
   6457.379    9.049359e-18   3.2693377e-18 
   6462.898   1.3923667e-17   3.3195759e-18 
   6468.417    9.208414e-18     3.28181e-18 
  6473.9365   5.5394565e-18   3.2489574e-18 
  6479.4556   6.6043217e-18   3.2116406e-18 
  6484.9746    9.538247e-18   3.2151998e-18 
   6490.494    7.094256e-18   3.2252922e-18 
   6496.013   1.2286142e-17    3.291612e-18 
   6501.532   1.2881288e-17    3.318705e-18 
   6507.052   5.2090537e-18   3.2719431e-18 
   6512.571   6.2432234e-18    3.230544e-18 
    6518.09   8.9018555e-18   3.2257287e-18 
  6523.6094    9.672204e-18    3.266013e-18 
  6529.1284   1.0372019e-17   3.2785517e-18 
  6534.6475     9.41309e-18   3.2695908e-18 
   6540.167   2.0142164e-17   3.3512255e-18 
   6545.686   1.6966194e-17     3.33077e-18 
   6551.205   1.4528685e-17   3.2630397e-18 
  6556.7246  1.30233235e-17   3.2480841e-18 
  6562.2437    1.546018e-17   3.2509414e-18 
  6567.7627   1.5167908e-17   3.2415248e-18 
   6573.282   1.1468194e-17   3.2583281e-18 
  6578.8013    2.014177e-17   3.3123077e-18 
  6584.3203   1.8447349e-17   3.2686666e-18 
    6589.84   1.1971054e-17   3.2410436e-18 
   6595.359    8.654549e-18    3.247576e-18 
   6600.878   1.2703198e-17   3.2533624e-18 
  6606.3975   1.7246661e-17    3.269188e-18 
  6611.9165   1.3589484e-17   3.2467776e-18 
  6617.4355   1.7006767e-17   3.2437284e-18 
   6622.955   1.5066867e-17   3.2420445e-18 
   6628.474   1.1757044e-17    3.238225e-18 
   6633.993   1.3034239e-17   3.2421867e-18 
  6639.5127   1.4527862e-17   3.2472838e-18 
  6645.0317    1.876577e-17   3.2618126e-18 
   6650.551   1.3146365e-17   3.2218002e-18 
  6656.0703   1.4135364e-17   3.2474592e-18 
  6661.5894    1.944376e-17   3.2683203e-18 
  6667.1084   1.2523249e-17    3.241566e-18 
   6672.628   1.3065541e-17   3.2457494e-18 
   6678.147    9.532437e-18    3.234571e-18 
   6683.666   1.3031683e-17   3.2503785e-18 
  6689.1855   1.2006829e-17   3.2559374e-18 
  6694.7046   1.6739877e-17   3.2779526e-18 
  6700.2236    6.097742e-18    3.235516e-18 
   6705.743    8.764418e-18   3.2397929e-18 
   6711.262   1.9018308e-17   3.2825343e-18 
  6716.7812   1.6197838e-17   3.2562988e-18 
   6722.301   1.5498216e-17   3.2691059e-18 
    6727.82    1.385703e-17    3.253192e-18 
   6733.339    1.675096e-17   3.2855554e-18 
  6738.8584    1.080896e-17   3.2566287e-18 
  6744.3774    1.489386e-17   3.2767951e-18 
  6749.8965   2.2341382e-17   3.3063429e-18 
   6755.416   1.8551262e-17   3.2907563e-18 
   6760.935   1.0940991e-17   3.2600166e-18 
   6766.454   1.4794656e-17   3.2805158e-18 
  6771.9736   1.6020786e-17   3.2789731e-18 
  6777.4927    1.460443e-17    3.282729e-18 
  6783.0117   1.5019606e-17   3.2852268e-18 
  6788.5312   1.4630115e-17   3.2845975e-18 
  6794.0503   1.6287272e-17   3.3052642e-18 
  6799.5693   1.6196895e-17   3.2962748e-18 
   6805.089   1.8413436e-17   3.3104204e-18 
   6810.608   1.6342336e-17   3.3015698e-18 
   6816.127   1.7111996e-17   3.3240476e-18 
  6821.6465     1.94492e-17   3.4723793e-18 
  6827.1655   1.4119874e-17   3.5358555e-18 
  6832.6846     1.54777e-17    3.556533e-18 
   6838.204   1.2630594e-17    3.505522e-18 
   6843.723    1.798784e-17   3.4339874e-18 
   6849.242   1.3338618e-17    3.330318e-18 
  6854.7617    1.687987e-17   3.4339673e-18 
   6860.281    2.028483e-17   3.4623156e-18 
     6865.8   1.6913819e-17    3.359148e-18 
  6871.3193   1.9576768e-17   3.3168764e-18 
  6876.8384   2.1407122e-17   3.2127281e-18 
  6882.3574    1.467749e-17   3.1820155e-18 
   6887.877   1.6769892e-17    3.225894e-18 
   6893.396   1.6977196e-17   3.2523606e-18 
   6898.915   1.9040652e-17   3.2559444e-18 
  6904.4346   2.0520637e-17    3.293568e-18 
  6909.9536   2.4735534e-17   3.3276082e-18 
  6915.4727   1.6635337e-17   3.3444902e-18 
   6920.992   1.3454334e-17   3.3633317e-18 
   6926.511   1.6024047e-17    3.365555e-18 
  6932.0303   2.1572078e-17   3.3682397e-18 
    6937.55   2.0918941e-17   3.3739709e-18 
   6943.069   1.4832324e-17   3.3941584e-18 
   6948.588    1.513972e-17   3.3979717e-18 
  6954.1074   1.7306981e-17   3.3956804e-18 
  6959.6265   1.9468228e-17   3.3621682e-18 
  6965.1455   1.6561567e-17   3.3129874e-18 
   6970.665   1.7014703e-17   3.3619437e-18 
   6976.184   2.1377116e-17    3.405921e-18 
   6981.703   2.2967929e-17   3.3831761e-18 
  6987.2227   1.9123847e-17   3.3354983e-18 
  6992.7417    1.676282e-17    3.280495e-18 
  6998.2607   2.0682804e-17   3.2870365e-18 
  7003.7803   2.1693544e-17   3.3141618e-18 
  7009.2993   2.4190396e-17   3.3196615e-18 
  7014.8184   1.7960733e-17   3.2744354e-18 
   7020.338   2.2353597e-17    3.295223e-18 
   7025.857    1.958129e-17   3.2478012e-18 
   7031.376   2.0024062e-17   3.2471579e-18 
  7036.8955   2.6530033e-17   3.3126977e-18 
  7042.4146   2.1131533e-17   3.3335404e-18 
  7047.9336   2.1529286e-17   3.3515307e-18 
   7053.453   2.2149548e-17   3.3472186e-18 
   7058.972   2.7600095e-17   3.3543963e-18 
   7064.491   2.1612037e-17    3.313345e-18 
  7070.0107   1.8415952e-17   3.2937983e-18 
    7075.53   2.1921724e-17   3.3181416e-18 
   7081.049   2.0630361e-17   3.3250659e-18 
  7086.5684   2.6254145e-17   3.3459299e-18 
  7092.0874   2.6570507e-17   3.3396098e-18 
  7097.6064   1.9656156e-17   3.2919183e-18 
   7103.126   2.3645477e-17   3.3103578e-18 
   7108.645   2.5631571e-17   3.3223062e-18 
   7114.164    2.648942e-17   3.3174234e-18 
  7119.6836   2.9478487e-17   3.3416188e-18 
  7125.2026   2.1170303e-17   3.3159138e-18 
  7130.7217   2.1358007e-17    3.315452e-18 
   7136.241    2.335018e-17   3.3538654e-18 
  7141.7603   2.2168927e-17   3.3610348e-18 
  7147.2793   2.0743911e-17    3.344194e-18 
   7152.799    2.634575e-17   3.3654027e-18 
   7158.318   2.7337535e-17    3.353556e-18 
   7163.837      2.6255e-17   3.3398828e-18 
  7169.3564   2.1710745e-17   3.2915506e-18 
  7174.8755   1.7970095e-17   3.2344743e-18 
  7180.3945   2.1432498e-17   3.2279208e-18 
   7185.914   1.6505818e-17   3.1838825e-18 
   7191.433   2.4268048e-17   3.1923625e-18 
   7196.952   2.4301582e-17   3.2030092e-18 
  7202.4717   1.9479015e-17   3.1776346e-18 
  7207.9907    1.569514e-17   3.1914963e-18 
    7213.51   1.8920416e-17   3.2403134e-18 
  7219.0293   2.0426441e-17   3.2796524e-18 
  7224.5483   1.9760481e-17   3.2779859e-18 
  7230.0674   1.6609065e-17   3.3859282e-18 
   7235.587   1.2957382e-17   3.6378605e-18 
   7241.106    1.608377e-17   3.8124118e-18 
   7246.625   2.3059445e-17   3.8834517e-18 
  7252.1445   2.4445505e-17    3.785456e-18 
  7257.6636   1.8848258e-17   3.4885263e-18 
  7263.1826   1.6989562e-17   3.3557853e-18 
   7268.702   2.4085681e-17   3.5524045e-18 
   7274.221    2.454298e-17   3.7613106e-18 
  7279.7407   2.3764772e-17   3.8268692e-18 
    7285.26   1.8476748e-17   3.7428752e-18 
   7290.779   1.0546856e-17    3.541505e-18 
  7296.2983   1.7248628e-17   3.4689864e-18 
  7301.8174   2.8394632e-17      3.4815e-18 
  7307.3364   2.1175453e-17    3.542978e-18 
   7312.856   1.5791715e-17    3.633332e-18 
   7318.375     1.47582e-17   3.5975164e-18 
   7323.894   1.9216453e-17   3.6868904e-18 
  7329.4136   1.9421627e-17   3.6132283e-18 
  7334.9326    9.800109e-18    3.739623e-18 
  7340.4517   1.3131234e-17     3.77582e-18 
   7345.971   6.6654888e-18   3.6501545e-18 
    7351.49   1.2156104e-17   3.6728908e-18 
  7357.0093   1.3705868e-17   3.5241774e-18 
   7362.529   1.8837973e-17   3.6639337e-18 
   7368.048   1.0816548e-17   3.6967822e-18 
   7373.567   2.9984317e-18    3.550307e-18 
  7379.0864   5.1545185e-18   3.4580918e-18 
  7384.6055     9.95542e-18    3.407463e-18 
  7390.1245   1.5813385e-17   3.4347734e-18 
   7395.644      9.2603e-18    3.503213e-18 
   7401.163   3.7450706e-18   3.5254297e-18 
   7406.682   7.7428125e-18   3.5042386e-18 
  7412.2017  1.34968505e-17   3.4560073e-18 
  7417.7207   1.6607719e-17   3.3852728e-18 
  7423.2397    1.523698e-17   3.3788816e-18 
  7428.7593   1.6807587e-17   3.4498118e-18 
  7434.2783   1.5108216e-17    3.479433e-18 
  7439.7974     6.83362e-18   3.4665094e-18 
   7445.317   1.4603004e-17   3.4673745e-18 
   7450.836    9.386479e-18   3.4489387e-18 
   7456.355   1.5135973e-17   3.4377912e-18 
  7461.8745    8.249606e-19   3.4237216e-18 
  7467.3936    7.477116e-18    3.508235e-18 
  7472.9126    1.587093e-17   3.6434266e-18 
   7478.432    2.233476e-17   3.7693363e-18 
   7483.951    2.244115e-17   3.7828367e-18 
    7489.47    1.778916e-17    3.692007e-18 
  7494.9897   1.1651927e-17   3.6022467e-18 
   7500.509    9.102748e-18   3.5121415e-18 
   7506.028    8.116813e-18    3.506329e-18 
  7511.5474   2.2585287e-17    3.612303e-18 
  7517.0664   2.5687687e-17    3.777508e-18 
  7522.5854   1.1818414e-17    3.873349e-18 
   7528.105    6.493802e-18   3.8952564e-18 
   7533.624    3.995791e-18   3.8502065e-18 
   7539.143   6.7300143e-18   3.7474437e-18 
  7544.6626   1.3111164e-17   3.7061277e-18 
  7550.1816     1.72311e-17    3.764987e-18 
  7555.7007   2.1594627e-17   3.7979923e-18 
    7561.22   1.0586276e-17    3.779482e-18 
  7566.7393  -1.5686543e-18    3.844795e-18 
  7572.2583    9.505601e-19    3.879862e-18 
   7577.778   1.3916715e-17   3.9616844e-18 
   7583.297   2.0745228e-17   4.0124724e-18 
   7588.816   1.4286329e-17   3.8250833e-18 
  7594.3354   2.1337471e-17   3.6889687e-18 
  7599.8545  -1.4207316e-19    3.425668e-18 
  7605.3735   7.4567065e-18   3.2122246e-18 
   7610.893    2.994941e-17   3.1951392e-18 
   7616.412   1.9301745e-17   3.2980096e-18 
   7621.931   2.2156779e-17   3.4187658e-18 
  7627.4507   1.1224857e-17   3.4676096e-18 
  7632.9697  -1.5559236e-18    3.416763e-18 
   7638.489   9.4402815e-18   3.3891259e-18 
  7644.0083  1.31767555e-17   3.4234507e-18 
  7649.5273   1.9532239e-17    3.552265e-18 
  7655.0464    1.834566e-17    3.665327e-18 
   7660.566    7.921721e-18   3.7061836e-18 
   7666.085    3.523462e-18    3.739885e-18 
   7671.604   -4.138333e-19   3.7928977e-18 
  7677.1235   5.0621774e-18    3.867554e-18 
  7682.6426    1.799341e-17    3.959437e-18 
  7688.1616    1.593685e-17   4.0146103e-18 
   7693.681    6.266716e-18   4.0200118e-18 
     7699.2    3.409267e-18   3.9848074e-18 
   7704.719   6.5340548e-18   4.1488943e-18 
   7710.239   -8.340367e-19    4.643403e-18 
   7715.758    9.909125e-18    4.984157e-18 
   7721.277   1.8373202e-17    5.117544e-18 
  7726.7964     1.69002e-17    4.965501e-18 
  7732.3154    8.623037e-18   4.4596016e-18 
  7737.8345   -3.482786e-18   4.1916306e-18 
   7743.354     6.60892e-18    4.387593e-18 
   7748.873   2.3899233e-17   4.8190426e-18 
   7754.392     3.37094e-17     5.00991e-18 
  7759.9116    1.606398e-17    5.024366e-18 
  7765.4307   6.0253106e-18   4.6748745e-18 
  7770.9497    6.540055e-18    4.441852e-18 
   7776.469   2.4526447e-18   4.3760042e-18 
  7781.9883   2.8634242e-18   4.3831374e-18 
  7787.5073   1.4375658e-17   4.6547153e-18 
   7793.027   2.3810258e-17    4.813933e-18 
   7798.546    1.771588e-17   4.7339455e-18 
   7804.065   1.0744211e-17   4.7128483e-18 
  7809.5845    4.939185e-19   4.5150905e-18 
  7815.1035  -5.7936504e-18    4.624535e-18 
  7820.6226   1.1725554e-17   4.9395926e-18 
   7826.142   2.0856901e-17    4.866295e-18 
   7831.661   1.5059286e-17     4.73339e-18 
    7837.18    7.660005e-18    4.484081e-18 
  7842.6997    5.808763e-18   4.3296966e-18 
  7848.2188   3.3899235e-18   4.6905843e-18 
   7853.738   1.3174515e-17    5.064745e-18 
  7859.2573   2.4953136e-17   5.2391047e-18 
  7864.7764   1.4175164e-17   5.2444707e-18 
  7870.2954   1.2933272e-17     4.93347e-18 
   7875.815    1.114785e-17   4.7618827e-18 
   7881.334    8.910497e-18   4.7752434e-18 
   7886.853    3.902643e-18    4.799502e-18 
  7892.3726   1.6917703e-17   4.8201667e-18 
  7897.8916   1.7977884e-17   4.6931767e-18 
  7903.4106   7.4922405e-18   4.4917243e-18 
    7908.93  -1.7403084e-18   4.6265452e-18 
   7914.449   -6.092513e-18   4.9145373e-18 
  7919.9683    9.140586e-18   5.1297246e-18 
   7925.488   2.2892566e-17    5.226355e-18 
   7931.007   2.4782073e-17   4.9900353e-18 
   7936.526   1.6023999e-17    4.603592e-18 
  7942.0454    1.455103e-17    4.446673e-18 
  7947.5645   1.3279629e-17   4.3729424e-18 
  7953.0835   1.0054649e-17    4.278875e-18 
   7958.603    1.788151e-17    4.564896e-18 
   7964.122   2.4457238e-17   4.8330625e-18 
   7969.641   1.8547204e-17    4.786831e-18 
  7975.1606   1.6107227e-17    4.849714e-18 
  7980.6797   1.1448494e-17    4.653744e-18 
  7986.1987    9.711068e-18   4.5420086e-18 
  7991.7183   1.7635185e-17   4.8908683e-18 
  7997.2373   2.5430852e-17   4.8298203e-18 
  8002.7563   2.7456006e-17    4.836397e-18 
   8008.276   2.2981508e-17    4.644088e-18 
   8013.795   2.0324908e-17   4.3930628e-18 
   8019.314   2.5221655e-17    4.488702e-18 
  8024.8335   2.0797868e-17   4.7068616e-18 
  8030.3525    2.491973e-17   4.7445177e-18 
  8035.8716    2.421992e-17   4.7031823e-18 
   8041.391   3.4850664e-17    4.523747e-18 
    8046.91   2.9667673e-17    4.344193e-18 
   8052.429   2.2027686e-17   4.2762347e-18 
  8057.9487   1.7629269e-17    4.375824e-18 
   8063.468   2.0212132e-17   4.4806943e-18 
   8068.987   3.3828934e-17   4.5395668e-18 
  8074.5063   3.9070758e-17    4.526509e-18 
  8080.0254   3.0303712e-17   4.3718675e-18 
  8085.5444   2.8279846e-17   4.2794507e-18 
   8091.064    3.270639e-17   4.3362003e-18 
   8096.583    3.629457e-17   4.4003763e-18 
   8102.102   3.3455495e-17   4.4701014e-18 
  8107.6216   3.5611843e-17   4.4919733e-18 
  8113.1406   3.3523973e-17    4.445981e-18 
  8118.6597   3.8956528e-17   4.3986975e-18 
   8124.179   3.2220015e-17    4.288545e-18 
   8129.698   3.5245282e-17   4.2936005e-18 
   8135.218   3.9401365e-17   4.3837078e-18 
   8140.737   4.1761226e-17   4.4195855e-18 
   8146.256   4.7028788e-17    4.491069e-18 
  8151.7754    4.480481e-17     4.46255e-18 
  8157.2944   3.4931576e-17   4.3214794e-18 
  8162.8135   3.3120252e-17     4.24073e-18 
   8168.333    2.639006e-17   4.2366185e-18 
   8173.852   3.9685098e-17    4.320889e-18 
   8179.371    4.293333e-17    4.377746e-18 
  8184.8906    3.764645e-17   4.3971528e-18 
  8190.4097   3.8026863e-17   4.3897305e-18 
   8195.929   3.5068203e-17   4.3520722e-18 
   8201.448   3.2127897e-17    4.332978e-18 
   8206.967    2.894869e-17   4.3755935e-18 
   8212.486   3.8783677e-17    4.474921e-18 
   8218.006   4.8241742e-17    4.568236e-18 
   8223.524   3.8158685e-17    4.503415e-18 
   8229.044   2.5491278e-17   4.3545033e-18 
   8234.563   2.5032318e-17   4.3102516e-18 
   8240.082   2.1447055e-17   4.3196844e-18 
   8245.602   1.9431275e-17   4.3830837e-18 
   8251.121   2.3985159e-17   4.5131086e-18 
    8256.64   2.6389796e-17    4.572896e-18 
   8262.159   1.7016817e-17   4.4905683e-18 
   8267.679   1.7913983e-17    4.443492e-18 
   8273.197   1.0175783e-17   4.4734593e-18 
   8278.717   1.0811529e-17   4.8109734e-18 
   8284.236   2.2155634e-17   5.2556872e-18 
   8289.755   2.7641349e-17    5.575196e-18 
   8295.274   3.0286702e-17   5.8432915e-18 
   8300.794   1.5411973e-17   5.7032023e-18 
  8306.3125   1.3457334e-17    5.406614e-18 
   8311.832      1.4255e-17   5.2069034e-18 
   8317.352   1.9960666e-17    4.910072e-18 
    8322.87   2.0117636e-17    4.814316e-18 
    8328.39   2.4872065e-17   4.7713478e-18 
   8333.909   2.3816571e-17    4.710219e-18 
   8339.428    9.629172e-18   5.1952786e-18 
   8344.947  -5.8851047e-19   5.7056623e-18 
   8350.467   3.7110234e-18    5.989979e-18 
   8355.985   1.5452511e-17   6.1374928e-18 
   8361.505   2.1721822e-17   5.8126747e-18 
   8367.024   2.0798988e-17   5.2671015e-18 
   8372.543    7.136453e-18   5.0412593e-18 
  8378.0625   6.7507715e-18   4.9953594e-18 
   8383.582   2.1191042e-18   4.9760634e-18 
   8389.101   1.4034039e-17    5.128943e-18 
    8394.62   2.0372264e-17    5.571688e-18 
    8400.14   3.1686063e-17   5.9719893e-18 
   8405.658   2.8334354e-17    5.922806e-18 
   8411.178   1.3565005e-17   5.8826322e-18 
   8416.697    2.512765e-18   5.4511297e-18 
   8422.216   1.1459318e-17   5.3076797e-18 
   8427.735    7.473364e-18   5.8992656e-18 
   8433.255   1.3614786e-17   6.0602432e-18 
   8438.773   1.6087472e-17    6.042779e-18 
   8444.293   1.1173493e-17   5.8274378e-18 
  8449.8125   1.4590956e-17    5.381575e-18 
   8455.331   1.1873379e-18    5.194119e-18 
   8460.851    8.858933e-18   5.6250023e-18 
    8466.37   2.4501407e-17    5.984248e-18 
   8471.889   2.0418449e-17   5.9480085e-18 
   8477.408   2.2021022e-17    5.876185e-18 
   8482.928   1.8226146e-17   5.4210663e-18 
   8488.446    3.851612e-18   5.1197657e-18 
   8493.966   3.0440954e-18    5.161245e-18 
   8499.485   6.4234177e-18   5.4105388e-18 
   8505.004    1.153595e-17    5.714493e-18 
   8510.523   1.8960801e-17    5.743666e-18 
   8516.043   2.2564777e-17    5.644718e-18 
   8521.562   1.8854019e-17   5.4037617e-18 
   8527.081    8.873515e-18    5.121968e-18 
   8532.601     2.68623e-18    5.053717e-18 
   8538.119    8.121768e-18    5.139744e-18 
   8543.639  1.06034215e-17   5.3094147e-18 
   8549.158   1.5421479e-17   5.5408458e-18 
   8554.678   1.1600533e-17   5.4592824e-18 
   8560.196   2.0368042e-17    5.408477e-18 
   8565.716   2.0275912e-17    6.030673e-18 
   8571.235   1.3494473e-17   5.1660167e-18 
   8576.754   1.3776897e-17   5.2475573e-18 
   8582.273   1.5696184e-17    5.356045e-18 
   8587.793   2.5452442e-17    5.498065e-18 
   8593.312    2.472435e-17     5.51669e-18 
   8598.831   2.0969483e-17   5.4455355e-18 
   8604.351   1.5231044e-17   5.3363642e-18 
   8609.869   5.2195055e-18    5.280317e-18 
   8615.389    1.989903e-17   5.5607167e-18 
   8620.908   2.0292772e-17   5.9931576e-18 
   8626.427   2.7075223e-17   6.5452655e-18 
   8631.946   3.3361574e-17   6.8555137e-18 
   8637.466    2.619954e-17   6.7391443e-18 
   8642.984   2.1005678e-17   6.4180997e-18 
   8648.504   2.1022266e-17   6.2901386e-18 
   8654.023   2.1732304e-17    6.407207e-18 
   8659.542   2.7889834e-17   6.7778054e-18 
   8665.062   3.4975512e-17    7.059127e-18 
   8670.581   2.8886606e-17   6.9220016e-18 
     8676.1   2.7062612e-17   6.6536183e-18 
   8681.619    2.838927e-17    6.339061e-18 
   8687.139   2.4995762e-17   6.1052236e-18 
   8692.657   1.9623116e-17    5.955766e-18 
   8698.177   2.5274545e-17   5.9416354e-18 
   8703.696   1.5043843e-17   5.8617083e-18 
   8709.215   2.6947051e-17   5.8995402e-18 
   8714.734   3.9112914e-17    5.837647e-18 
   8720.254   2.7270606e-17   5.7014995e-18 
   8725.772   1.6147442e-17    5.607984e-18 
   8731.292   2.0970595e-17   5.7274714e-18 
   8736.812   1.7032284e-17   5.8417038e-18 
    8742.33   2.2131576e-17   5.9343306e-18 
    8747.85    3.395694e-17    5.966297e-18 
   8753.369   2.7395014e-17    6.081564e-18 
   8758.888   1.6551146e-17   6.5879203e-18 
   8764.407   1.8637125e-17   7.2128685e-18 
   8769.927   9.4159326e-18    7.874867e-18 
   8775.445   3.6098902e-18    8.238454e-18 
   8780.965   2.1070509e-17    8.019033e-18 
   8786.484   2.7004871e-17   7.6362485e-18 
   8792.003   2.5438186e-17   7.0352886e-18 
   8797.522   2.3676457e-17   6.4478675e-18 
   8803.042    9.905978e-18    6.159125e-18 
   8808.561   1.1565715e-17    6.163212e-18 
    8814.08   1.5844446e-17    6.164736e-18 
     8819.6  1.25838896e-17    6.951196e-18 
   8825.118   2.7406165e-17    8.059479e-18 
   8830.638    3.492873e-17    8.545293e-18 
   8836.157   2.0078608e-17    8.683693e-18 
   8841.676    6.300583e-18    8.186877e-18 
   8847.195   1.1948173e-17   7.3612804e-18 
   8852.715   1.7758797e-17   6.9087775e-18 
   8858.233   2.1182698e-17   6.6930256e-18 
   8863.753    9.389979e-18    6.684436e-18 
   8869.272    1.678203e-17   6.6248093e-18 
   8874.791   1.9269621e-18   6.7108162e-18 
   8880.311   1.5268923e-18    7.392623e-18 
    8885.83   1.9006109e-17    7.915455e-18 
   8891.349   2.6186308e-17    8.014176e-18 
   8896.868   3.1096178e-17    8.026985e-18 
   8902.388    2.282112e-17    7.431046e-18 
   8907.906  -1.8853062e-20    6.973795e-18 
   8913.426   -9.549669e-19   7.7091695e-18 
   8918.945    2.478211e-18    8.190336e-18 
   8924.464   6.0524677e-18    8.203654e-18 
   8929.983   1.3804086e-17   8.0251665e-18 
   8935.503   2.8557677e-18    7.199449e-18 
   8941.021   -7.806537e-19    6.759937e-18 
   8946.541   3.1131124e-18    6.799813e-18 
   8952.061   2.3366655e-18    7.439076e-18 
   8957.579   2.2565623e-17    7.900648e-18 
   8963.099   1.5729627e-17     7.77796e-18 
   8968.618    9.559604e-18   7.3748115e-18 
   8974.137    9.216607e-18   6.6716885e-18 
   8979.656   3.3559902e-18   6.3083478e-18 
   8985.176   1.2711942e-17   6.5750937e-18 
   8990.694   2.3663392e-17    6.911418e-18 
   8996.214   2.4002783e-17    7.169719e-18 
   9001.733    2.091957e-17    7.151346e-18 
   9007.252   1.9523845e-17   6.9860705e-18 
   9012.771   1.0942057e-17   6.7736195e-18 
   9018.291   -6.973545e-18    6.491546e-18 
    9023.81    9.353917e-18   6.4128517e-18 
   9029.329    1.811005e-17   6.5012107e-18 
   9034.849   1.0001453e-17    6.554164e-18 
   9040.367   1.4710509e-18   6.6308345e-18 
   9045.887   5.3346875e-18   6.8818644e-18 
   9051.406   1.4876832e-17    7.089924e-18 
   9056.925    1.514327e-17    7.092106e-18 
   9062.444    2.145441e-17   6.9265193e-18 
   9067.964  -1.6808848e-18   6.6405634e-18 
   9073.482  -7.9142945e-19   6.5421504e-18 
   9079.002    3.798079e-18   6.5680767e-18 
   9084.521    9.922557e-18   6.6874327e-18 
    9090.04    3.160057e-17    6.906089e-18 
    9095.56   2.8313893e-17   6.9232573e-18 
   9101.079   -2.362929e-18   6.7970614e-18 
   9106.598   -6.507818e-18   6.8669495e-18 
   9112.117   3.5591423e-18   6.9126135e-18 
   9117.637   1.0653476e-17   6.9234285e-18 
   9123.155   2.0864595e-17    6.870481e-18 
   9128.675   2.1933658e-17   6.7646913e-18 
   9134.194  -3.1565258e-18    6.700041e-18 
   9139.713  -1.3793369e-17   6.8683722e-18 
   9145.232     8.68157e-18    7.082628e-18 
   9150.752   1.7767259e-17   7.2187945e-18 
  9156.2705   1.7803843e-17    7.190845e-18 
    9161.79   1.1186916e-17    7.146552e-18 
    9167.31  -1.4470011e-17    7.190518e-18 
   9172.828    4.347013e-18    7.226809e-18 
   9178.348    2.900886e-17    7.358657e-18 
   9183.867   1.9885693e-17    7.313968e-18 
   9189.386   1.7692009e-17    7.234089e-18 
   9194.905  -6.7546713e-18    7.178473e-18 
   9200.425   1.6263754e-18    7.200405e-18 
   9205.943   1.2326745e-17     7.29992e-18 
   9211.463   1.3363966e-18     7.28739e-18 
   9216.982   1.7129082e-17   7.3462125e-18 
   9222.501   2.2857507e-17    7.261007e-18 
  9228.0205   2.1986752e-17    7.023384e-18 
    9233.54   1.6068394e-17   6.7745658e-18 
   9239.059   1.4904581e-18   6.3444302e-18 
