# STATUS =
# OBJECT = 2015bn
# TELESCOPE = ESO-NTT
# INSTRUMENT = EFOSC2-NTT
# DATE-OBS = 2015-02-26 07:17:16.00
# MJD = 57079.303657399956
# EXPTIME = 1800
# AIRMASS = 1.233
# SLIT = 1.0
# DISPERSER = OG530
# SOURCE = --
# FILTER =
# RESOLUTION =
# FLUX_STANDARD =
# EXTINCTION_CORRECTED = --
# PHOTOMETRY_CALIBRATED =
# TELLURIC_CORRECTED =
# FLUX_UNITS = Other
# WAVE_UNITS = Angstrom
# QUALITY = Low
# MIN_WAVE = 5989.1796875
# MAX_WAVE = 10309.9453125
# COMMENT = --
    Wavelength          Flux 
 5993.39918518   4.92627e-16 
 5997.61868286   4.90796e-16 
 6001.83818054   4.85077e-16 
 6006.05767822    4.8986e-16 
  6010.2771759    4.7949e-16 
 6014.49667358   4.81189e-16 
 6018.71617126   4.83448e-16 
 6022.93566895   4.83638e-16 
 6027.15516663   4.75267e-16 
 6031.37466431   4.81152e-16 
 6035.59416199   4.77308e-16 
 6039.81365967   4.70643e-16 
 6044.03315735   4.72974e-16 
 6048.25265503   4.79056e-16 
 6052.47215271   4.82035e-16 
 6056.69165039   4.63152e-16 
 6060.91114807   4.66334e-16 
 6065.13064575   4.57712e-16 
 6069.35014343   4.58752e-16 
 6073.56964111   4.56377e-16 
 6077.78913879   4.52955e-16 
 6082.00863647   4.53985e-16 
 6086.22813416   4.43086e-16 
 6090.44763184   4.55376e-16 
 6094.66712952   4.48762e-16 
  6098.8866272   4.37527e-16 
 6103.10612488   4.30539e-16 
 6107.32562256   4.42444e-16 
 6111.54512024   4.24643e-16 
 6115.76461792   4.27199e-16 
  6119.9841156   4.25655e-16 
 6124.20361328   4.24242e-16 
 6128.42311096   4.24214e-16 
 6132.64260864   4.21437e-16 
 6136.86210632   4.22645e-16 
   6141.081604   4.23063e-16 
 6145.30110168   4.14017e-16 
 6149.52059937   4.14862e-16 
 6153.74009705   4.11241e-16 
 6157.95959473   4.10413e-16 
 6162.17909241   4.03802e-16 
 6166.39859009   4.06339e-16 
 6170.61808777   4.00781e-16 
 6174.83758545   3.99366e-16 
 6179.05708313   4.04492e-16 
 6183.27658081   3.90284e-16 
 6187.49607849   3.91938e-16 
 6191.71557617   3.93982e-16 
 6195.93507385   3.85169e-16 
 6200.15457153   3.93682e-16 
 6204.37406921   3.84419e-16 
 6208.59356689   3.84063e-16 
 6212.81306458   3.80023e-16 
 6217.03256226   3.87294e-16 
 6221.25205994   3.74507e-16 
 6225.47155762   3.80867e-16 
  6229.6910553   3.91424e-16 
 6233.91055298   3.92611e-16 
 6238.13005066   3.89388e-16 
 6242.34954834   3.90489e-16 
 6246.56904602   3.92042e-16 
  6250.7885437    3.9347e-16 
 6255.00804138   3.86407e-16 
 6259.22753906   3.92166e-16 
 6263.44703674   3.91248e-16 
 6267.66653442   4.00184e-16 
  6271.8860321   3.91121e-16 
 6276.10552979   3.77655e-16 
 6280.32502747   3.84213e-16 
 6284.54452515   3.85692e-16 
 6288.76402283   3.91248e-16 
 6292.98352051   3.93562e-16 
 6297.20301819   3.99955e-16 
 6301.42251587   3.82604e-16 
 6305.64201355   3.86961e-16 
 6309.86151123    3.8477e-16 
 6314.08100891    3.9588e-16 
 6318.30050659   4.00762e-16 
 6322.52000427   3.92315e-16 
 6326.73950195    3.9641e-16 
 6330.95899963   3.91944e-16 
 6335.17849731   3.98384e-16 
   6339.397995    3.9615e-16 
 6343.61749268   3.96494e-16 
 6347.83699036   3.98867e-16 
 6352.05648804   3.86802e-16 
 6356.27598572   3.93697e-16 
  6360.4954834   3.90936e-16 
 6364.71498108   3.93361e-16 
 6368.93447876   3.93014e-16 
 6373.15397644   3.97513e-16 
 6377.37347412   3.98389e-16 
  6381.5929718   3.98854e-16 
 6385.81246948   3.85898e-16 
 6390.03196716   3.80516e-16 
 6394.25146484   3.88211e-16 
 6398.47096252   3.79632e-16 
 6402.69046021   3.79874e-16 
 6406.90995789   3.74678e-16 
 6411.12945557   3.87933e-16 
 6415.34895325   3.76432e-16 
 6419.56845093   3.83387e-16 
 6423.78794861   3.79958e-16 
 6428.00744629   3.79487e-16 
 6432.22694397   3.77411e-16 
 6436.44644165   3.69332e-16 
 6440.66593933   3.70849e-16 
 6444.88543701   3.66833e-16 
 6449.10493469   3.80684e-16 
 6453.32443237   3.73257e-16 
 6457.54393005   3.59153e-16 
 6461.76342773   3.69549e-16 
 6465.98292542   3.79058e-16 
  6470.2024231   3.65043e-16 
 6474.42192078   3.64598e-16 
 6478.64141846   3.73453e-16 
 6482.86091614   3.74535e-16 
 6487.08041382   3.67247e-16 
  6491.2999115   3.66875e-16 
 6495.51940918   3.77807e-16 
 6499.73890686   3.67374e-16 
 6503.95840454   3.66709e-16 
 6508.17790222   3.68571e-16 
  6512.3973999   3.75293e-16 
 6516.61689758   3.72566e-16 
 6520.83639526   3.73256e-16 
 6525.05589294    3.7095e-16 
 6529.27539063    3.7011e-16 
 6533.49488831   3.60544e-16 
 6537.71438599   3.69008e-16 
 6541.93388367   3.60676e-16 
 6546.15338135   3.54416e-16 
 6550.37287903   3.68807e-16 
 6554.59237671   3.54832e-16 
 6558.81187439   3.67648e-16 
 6563.03137207   3.49593e-16 
 6567.25086975   3.53531e-16 
 6571.47036743   3.53967e-16 
 6575.68986511   3.52227e-16 
 6579.90936279   3.51596e-16 
 6584.12886047   3.49009e-16 
 6588.34835815   3.32574e-16 
 6592.56785583   3.10058e-16 
 6596.78735352   3.57236e-16 
  6601.0068512   3.54109e-16 
 6605.22634888   3.49821e-16 
 6609.44584656    3.5475e-16 
 6613.66534424   3.49684e-16 
 6617.88484192   3.51832e-16 
  6622.1043396   3.53459e-16 
 6626.32383728   3.34735e-16 
 6630.54333496   3.36613e-16 
 6634.76283264   3.44644e-16 
 6638.98233032   3.34519e-16 
   6643.201828   3.51322e-16 
 6647.42132568   3.40541e-16 
 6651.64082336   3.43985e-16 
 6655.86032104   3.37789e-16 
 6660.07981873   3.36164e-16 
 6664.29931641   3.40181e-16 
 6668.51881409   3.42835e-16 
 6672.73831177   3.43409e-16 
 6676.95780945   3.48703e-16 
 6681.17730713   3.35525e-16 
 6685.39680481     3.424e-16 
 6689.61630249   3.41069e-16 
 6693.83580017   3.40971e-16 
 6698.05529785   3.45689e-16 
 6702.27479553   3.41181e-16 
 6706.49429321   3.38176e-16 
 6710.71379089   3.32915e-16 
 6714.93328857   3.40345e-16 
 6719.15278625   3.45606e-16 
 6723.37228394     3.409e-16 
 6727.59178162   3.43221e-16 
  6731.8112793   3.43856e-16 
 6736.03077698   3.41109e-16 
 6740.25027466   3.46369e-16 
 6744.46977234   3.39318e-16 
 6748.68927002   3.32534e-16 
  6752.9087677   3.33786e-16 
 6757.12826538   3.36714e-16 
 6761.34776306    3.2733e-16 
 6765.56726074   3.37718e-16 
 6769.78675842   3.27959e-16 
  6774.0062561    3.3995e-16 
 6778.22575378   3.26026e-16 
 6782.44525146   3.24072e-16 
 6786.66474915   3.24391e-16 
 6790.88424683   3.17571e-16 
 6795.10374451   3.11477e-16 
 6799.32324219   3.12478e-16 
 6803.54273987   3.12137e-16 
 6807.76223755   3.13333e-16 
 6811.98173523   3.10684e-16 
 6816.20123291   3.15019e-16 
 6820.42073059   3.10802e-16 
 6824.64022827   3.12828e-16 
 6828.85972595   3.03155e-16 
 6833.07922363   3.13827e-16 
 6837.29872131   3.10076e-16 
 6841.51821899   3.07286e-16 
 6845.73771667   3.09863e-16 
 6849.95721436   3.02946e-16 
 6854.17671204   2.98997e-16 
 6858.39620972   2.93424e-16 
  6862.6157074   2.64756e-16 
 6866.83520508   2.40409e-16 
 6871.05470276   2.39921e-16 
 6875.27420044   2.47725e-16 
 6879.49369812   2.64761e-16 
  6883.7131958   2.66661e-16 
 6887.93269348   2.52376e-16 
 6892.15219116   2.62821e-16 
 6896.37168884   2.73027e-16 
 6900.59118652   2.69219e-16 
  6904.8106842   2.65811e-16 
 6909.03018188   2.89875e-16 
 6913.24967957   2.78721e-16 
 6917.46917725   2.81754e-16 
 6921.68867493   2.82009e-16 
 6925.90817261   2.89718e-16 
 6930.12767029   3.03698e-16 
 6934.34716797   3.00155e-16 
 6938.56666565   3.01781e-16 
 6942.78616333   2.99142e-16 
 6947.00566101   3.03558e-16 
 6951.22515869   3.11231e-16 
 6955.44465637   3.02132e-16 
 6959.66415405   3.17046e-16 
 6963.88365173    3.2483e-16 
 6968.10314941   3.15125e-16 
 6972.32264709   3.08118e-16 
 6976.54214478   3.10522e-16 
 6980.76164246   3.22718e-16 
 6984.98114014   3.17552e-16 
 6989.20063782   3.10292e-16 
  6993.4201355   3.20342e-16 
 6997.63963318   3.14151e-16 
 7001.85913086   3.08564e-16 
 7006.07862854   3.15995e-16 
 7010.29812622   3.19686e-16 
  7014.5176239   3.17888e-16 
 7018.73712158   3.16244e-16 
 7022.95661926   3.25675e-16 
 7027.17611694   3.11858e-16 
 7031.39561462   3.03679e-16 
  7035.6151123   3.15881e-16 
 7039.83460999   3.22698e-16 
 7044.05410767   3.20069e-16 
 7048.27360535   3.13328e-16 
 7052.49310303   3.11928e-16 
 7056.71260071   3.09298e-16 
 7060.93209839   3.08344e-16 
 7065.15159607   3.05921e-16 
 7069.37109375   3.07898e-16 
 7073.59059143   3.18683e-16 
 7077.81008911   3.03708e-16 
 7082.02958679   3.01084e-16 
 7086.24908447   3.06228e-16 
 7090.46858215   3.00538e-16 
 7094.68807983   3.07804e-16 
 7098.90757751   2.99493e-16 
  7103.1270752   3.05273e-16 
 7107.34657288   2.93398e-16 
 7111.56607056   3.05968e-16 
 7115.78556824   2.90871e-16 
 7120.00506592   3.04094e-16 
  7124.2245636   2.97464e-16 
 7128.44406128   3.15157e-16 
 7132.66355896   3.07318e-16 
 7136.88305664   3.03766e-16 
 7141.10255432    2.9495e-16 
   7145.322052   3.08305e-16 
 7149.54154968   3.12131e-16 
 7153.76104736   3.14078e-16 
 7157.98054504   3.20817e-16 
 7162.20004272   3.14224e-16 
 7166.41954041   3.11791e-16 
 7170.63903809   3.00795e-16 
 7174.85853577   2.97832e-16 
 7179.07803345   2.98238e-16 
 7183.29753113   3.06515e-16 
 7187.51702881   3.06171e-16 
 7191.73652649   3.09003e-16 
 7195.95602417   3.06481e-16 
 7200.17552185   2.84106e-16 
 7204.39501953   2.96521e-16 
 7208.61451721   3.04072e-16 
 7212.83401489   3.09945e-16 
 7217.05351257   3.18746e-16 
 7221.27301025   3.06762e-16 
 7225.49250793   2.95268e-16 
 7229.71200562    2.9679e-16 
  7233.9315033   3.01256e-16 
 7238.15100098   3.07918e-16 
 7242.37049866   3.09846e-16 
 7246.58999634   2.79284e-16 
 7250.80949402   2.79667e-16 
  7255.0289917    2.9664e-16 
 7259.24848938    2.9007e-16 
 7263.46798706   2.94563e-16 
 7267.68748474   3.07966e-16 
 7271.90698242   3.12918e-16 
  7276.1264801   3.12751e-16 
 7280.34597778   3.00117e-16 
 7284.56547546   2.97855e-16 
 7288.78497314   2.99516e-16 
 7293.00447083   2.87377e-16 
 7297.22396851   2.97252e-16 
 7301.44346619     3.098e-16 
 7305.66296387   3.19532e-16 
 7309.88246155    3.1284e-16 
 7314.10195923   3.08804e-16 
 7318.32145691   2.84695e-16 
 7322.54095459   2.86146e-16 
 7326.76045227   2.95641e-16 
 7330.97994995   3.02923e-16 
 7335.19944763   3.15336e-16 
 7339.41894531    3.1062e-16 
 7343.63844299    3.0822e-16 
 7347.85794067   3.04207e-16 
 7352.07743835   2.88966e-16 
 7356.29693604   2.92968e-16 
 7360.51643372   3.02317e-16 
  7364.7359314   3.03624e-16 
 7368.95542908   3.15985e-16 
 7373.17492676   2.97457e-16 
 7377.39442444   2.90443e-16 
 7381.61392212   2.82547e-16 
  7385.8334198   2.86451e-16 
 7390.05291748   2.92021e-16 
 7394.27241516    3.0473e-16 
 7398.49191284   3.07122e-16 
 7402.71141052   2.86391e-16 
  7406.9309082   2.83264e-16 
 7411.15040588   2.75281e-16 
 7415.36990356   2.89099e-16 
 7419.58940125   2.80123e-16 
 7423.80889893   2.80322e-16 
 7428.02839661   2.85155e-16 
 7432.24789429   2.81829e-16 
 7436.46739197   2.71333e-16 
 7440.68688965   2.75058e-16 
 7444.90638733   2.76642e-16 
 7449.12588501   2.78248e-16 
 7453.34538269   2.83268e-16 
 7457.56488037   2.71114e-16 
 7461.78437805   2.77683e-16 
 7466.00387573   2.59066e-16 
 7470.22337341   2.60792e-16 
 7474.44287109   2.68384e-16 
 7478.66236877   2.81924e-16 
 7482.88186646   2.83606e-16 
 7487.10136414   2.76101e-16 
 7491.32086182   2.64461e-16 
  7495.5403595   2.49722e-16 
 7499.75985718   2.58777e-16 
 7503.97935486   2.64572e-16 
 7508.19885254   2.72611e-16 
 7512.41835022   2.70003e-16 
  7516.6378479   2.60976e-16 
 7520.85734558   2.52073e-16 
 7525.07684326    2.4974e-16 
 7529.29634094   2.50392e-16 
 7533.51583862   2.59311e-16 
  7537.7353363   2.56206e-16 
 7541.95483398    2.7355e-16 
 7546.17433167   2.76158e-16 
 7550.39382935   2.64452e-16 
 7554.61332703   2.59565e-16 
 7558.83282471   2.46154e-16 
 7563.05232239    2.4738e-16 
 7567.27182007   2.43363e-16 
 7571.49131775   2.51578e-16 
 7575.71081543   2.56767e-16 
 7579.93031311   2.61854e-16 
 7584.14981079   2.57262e-16 
 7588.36930847   2.18325e-16 
 7592.58880615   1.61422e-16 
 7596.80830383    1.1129e-16 
 7601.02780151   7.67708e-17 
 7605.24729919   7.17179e-17 
 7609.46679688   1.08039e-16 
 7613.68629456   1.51377e-16 
 7617.90579224   1.72733e-16 
 7622.12528992   1.66016e-16 
  7626.3447876   1.29102e-16 
 7630.56428528   1.27868e-16 
 7634.78378296   1.30418e-16 
 7639.00328064   1.47598e-16 
 7643.22277832   1.63451e-16 
   7647.442276   1.78112e-16 
 7651.66177368   2.02371e-16 
 7655.88127136   2.10993e-16 
 7660.10076904    2.2193e-16 
 7664.32026672   2.17807e-16 
  7668.5397644   2.20581e-16 
 7672.75926208   2.13806e-16 
 7676.97875977     2.206e-16 
 7681.19825745   2.35605e-16 
 7685.41775513   2.48869e-16 
 7689.63725281   2.54458e-16 
 7693.85675049   2.57529e-16 
 7698.07624817   2.48117e-16 
 7702.29574585    2.3465e-16 
 7706.51524353   2.20332e-16 
 7710.73474121   2.14192e-16 
 7714.95423889   2.23565e-16 
 7719.17373657   2.38427e-16 
 7723.39323425   2.55179e-16 
 7727.61273193   2.56854e-16 
 7731.83222961   2.39378e-16 
 7736.05172729   2.34782e-16 
 7740.27122498   2.19923e-16 
 7744.49072266   2.13587e-16 
 7748.71022034   2.30291e-16 
 7752.92971802   2.37692e-16 
  7757.1492157   2.59222e-16 
 7761.36871338   2.58068e-16 
 7765.58821106   2.42632e-16 
 7769.80770874   2.28921e-16 
 7774.02720642   2.16628e-16 
  7778.2467041   2.13125e-16 
 7782.46620178   2.31989e-16 
 7786.68569946   2.53333e-16 
 7790.90519714   2.52669e-16 
 7795.12469482   2.54536e-16 
  7799.3441925   2.42299e-16 
 7803.56369019   2.28677e-16 
 7807.78318787   2.21174e-16 
 7812.00268555   2.19749e-16 
 7816.22218323   2.29283e-16 
 7820.44168091   2.31108e-16 
 7824.66117859   2.37452e-16 
 7828.88067627   2.36299e-16 
 7833.10017395   2.33971e-16 
 7837.31967163   2.17133e-16 
 7841.53916931    2.1004e-16 
 7845.75866699   2.19929e-16 
 7849.97816467   2.41326e-16 
 7854.19766235   2.49998e-16 
 7858.41716003   2.48911e-16 
 7862.63665771     2.448e-16 
  7866.8561554   2.31048e-16 
 7871.07565308   2.16485e-16 
 7875.29515076   2.23062e-16 
 7879.51464844    2.3932e-16 
 7883.73414612   2.48218e-16 
  7887.9536438   2.61127e-16 
 7892.17314148   2.45334e-16 
 7896.39263916   2.24757e-16 
 7900.61213684   2.28757e-16 
 7904.83163452   2.30564e-16 
  7909.0511322   2.43601e-16 
 7913.27062988   2.60178e-16 
 7917.49012756   2.65006e-16 
 7921.70962524   2.37597e-16 
 7925.92912292   2.24322e-16 
 7930.14862061   2.36924e-16 
 7934.36811829    2.3082e-16 
 7938.58761597   2.57182e-16 
 7942.80711365   2.61752e-16 
 7947.02661133   2.51485e-16 
 7951.24610901   2.49172e-16 
 7955.46560669     2.443e-16 
 7959.68510437   2.31428e-16 
 7963.90460205   2.41494e-16 
 7968.12409973   2.57447e-16 
 7972.34359741   2.51451e-16 
 7976.56309509   2.56612e-16 
 7980.78259277   2.59236e-16 
 7985.00209045    2.3813e-16 
 7989.22158813   2.38759e-16 
 7993.44108582   2.49038e-16 
  7997.6605835   2.56677e-16 
 8001.88008118   2.57495e-16 
 8006.09957886   2.56142e-16 
 8010.31907654   2.60837e-16 
 8014.53857422   2.58681e-16 
  8018.7580719   2.57153e-16 
 8022.97756958   2.49738e-16 
 8027.19706726   2.48904e-16 
 8031.41656494   2.50167e-16 
 8035.63606262   2.50997e-16 
  8039.8555603   2.64137e-16 
 8044.07505798   2.55779e-16 
 8048.29455566   2.57288e-16 
 8052.51405334   2.63537e-16 
 8056.73355103   2.65453e-16 
 8060.95304871   2.61526e-16 
 8065.17254639   2.58468e-16 
 8069.39204407   2.55181e-16 
 8073.61154175   2.49727e-16 
 8077.83103943     2.499e-16 
 8082.05053711   2.38869e-16 
 8086.27003479   2.33337e-16 
 8090.48953247   2.37584e-16 
 8094.70903015   2.39666e-16 
 8098.92852783   2.43448e-16 
 8103.14802551    2.5071e-16 
 8107.36752319   2.62706e-16 
 8111.58702087    2.5596e-16 
 8115.80651855   2.39505e-16 
 8120.02601624   2.39444e-16 
 8124.24551392   2.28395e-16 
  8128.4650116   2.13985e-16 
 8132.68450928   2.20371e-16 
 8136.90400696   2.21553e-16 
 8141.12350464   2.29576e-16 
 8145.34300232   2.40197e-16 
     8149.5625   2.45182e-16 
 8153.78199768   2.31311e-16 
 8158.00149536   2.23673e-16 
 8162.22099304   2.07721e-16 
 8166.44049072   2.13378e-16 
  8170.6599884   2.01928e-16 
 8174.87948608   2.22166e-16 
 8179.09898376   2.11677e-16 
 8183.31848145   2.24054e-16 
 8187.53797913   2.32492e-16 
 8191.75747681   2.37088e-16 
 8195.97697449   2.23634e-16 
 8200.19647217   2.18487e-16 
 8204.41596985   2.12763e-16 
 8208.63546753   2.02861e-16 
 8212.85496521   1.98943e-16 
 8217.07446289    2.0592e-16 
 8221.29396057   2.03159e-16 
 8225.51345825   2.06201e-16 
 8229.73295593   2.05894e-16 
 8233.95245361   2.09496e-16 
 8238.17195129   2.26839e-16 
 8242.39144897   2.06863e-16 
 8246.61094666   1.94492e-16 
 8250.83044434   1.92711e-16 
 8255.04994202   1.90644e-16 
  8259.2694397   1.84127e-16 
 8263.48893738   1.94466e-16 
 8267.70843506    2.0869e-16 
 8271.92793274   2.06677e-16 
 8276.14743042   2.03882e-16 
  8280.3669281   1.92428e-16 
 8284.58642578   1.92563e-16 
 8288.80592346    1.8974e-16 
 8293.02542114   1.73619e-16 
 8297.24491882   1.72599e-16 
  8301.4644165    1.7428e-16 
 8305.68391418   1.71925e-16 
 8309.90341187   1.79949e-16 
 8314.12290955   1.86876e-16 
 8318.34240723   1.86236e-16 
 8322.56190491   1.83725e-16 
 8326.78140259   1.71732e-16 
 8331.00090027   1.77122e-16 
 8335.22039795   1.78827e-16 
 8339.43989563   1.60097e-16 
 8343.65939331   1.49193e-16 
 8347.87889099   1.60915e-16 
 8352.09838867   1.73526e-16 
 8356.31788635   1.65381e-16 
 8360.53738403   1.71005e-16 
 8364.75688171   1.72856e-16 
 8368.97637939   1.76403e-16 
 8373.19587708   1.68439e-16 
 8377.41537476   1.60725e-16 
 8381.63487244   1.52213e-16 
 8385.85437012   1.44153e-16 
  8390.0738678   1.50191e-16 
 8394.29336548    1.4796e-16 
 8398.51286316   1.67464e-16 
 8402.73236084   1.62029e-16 
 8406.95185852   1.64929e-16 
  8411.1713562   1.81909e-16 
 8415.39085388   1.76874e-16 
 8419.61035156   1.57971e-16 
 8423.82984924   1.55051e-16 
 8428.04934692   1.43666e-16 
  8432.2688446   1.42918e-16 
 8436.48834229   1.54618e-16 
 8440.70783997   1.71141e-16 
 8444.92733765   1.71355e-16 
 8449.14683533   1.87095e-16 
 8453.36633301    1.7323e-16 
 8457.58583069   1.69605e-16 
 8461.80532837    1.6408e-16 
 8466.02482605   1.54158e-16 
 8470.24432373   1.62187e-16 
 8474.46382141   1.61161e-16 
 8478.68331909   1.54674e-16 
 8482.90281677   1.68163e-16 
 8487.12231445   1.65464e-16 
 8491.34181213   1.73829e-16 
 8495.56130981   1.89991e-16 
  8499.7808075   1.97178e-16 
 8504.00030518   1.98478e-16 
 8508.21980286   1.83905e-16 
 8512.43930054   1.62479e-16 
 8516.65879822   1.62276e-16 
  8520.8782959   1.64831e-16 
 8525.09779358   1.69408e-16 
 8529.31729126   1.71607e-16 
 8533.53678894    1.7563e-16 
 8537.75628662   1.92313e-16 
  8541.9757843   1.92869e-16 
 8546.19528198    2.0489e-16 
 8550.41477966   2.06256e-16 
 8554.63427734   1.91139e-16 
 8558.85377502   1.63844e-16 
 8563.07327271   1.57726e-16 
 8567.29277039   1.71484e-16 
 8571.51226807   1.72533e-16 
 8575.73176575   1.81839e-16 
 8579.95126343   2.01461e-16 
 8584.17076111   2.14509e-16 
 8588.39025879    2.0759e-16 
 8592.60975647   2.09576e-16 
 8596.82925415   1.88715e-16 
 8601.04875183    1.7496e-16 
 8605.26824951    1.7332e-16 
 8609.48774719   1.81775e-16 
 8613.70724487   1.81068e-16 
 8617.92674255   1.91858e-16 
 8622.14624023   2.06608e-16 
 8626.36573792   2.27401e-16 
  8630.5852356   2.24363e-16 
 8634.80473328   2.09018e-16 
 8639.02423096   1.99577e-16 
 8643.24372864   1.78748e-16 
 8647.46322632   1.67616e-16 
   8651.682724   1.73006e-16 
 8655.90222168    1.7184e-16 
 8660.12171936   1.78943e-16 
 8664.34121704   1.97054e-16 
 8668.56071472   2.12052e-16 
  8672.7802124   2.19569e-16 
 8676.99971008   2.09314e-16 
 8681.21920776   2.01632e-16 
 8685.43870544   1.90751e-16 
 8689.65820313   1.82382e-16 
 8693.87770081   1.72032e-16 
 8698.09719849   1.67568e-16 
 8702.31669617   1.89254e-16 
 8706.53619385   2.01253e-16 
 8710.75569153   2.08782e-16 
 8714.97518921   2.15006e-16 
 8719.19468689   2.09404e-16 
 8723.41418457   1.98112e-16 
 8727.63368225   1.73189e-16 
 8731.85317993   1.73916e-16 
 8736.07267761   1.78597e-16 
 8740.29217529   1.81696e-16 
 8744.51167297   1.96573e-16 
 8748.73117065   2.05412e-16 
 8752.95066833    2.1934e-16 
 8757.17016602   2.07667e-16 
  8761.3896637   1.88205e-16 
 8765.60916138   1.72126e-16 
 8769.82865906   1.58268e-16 
 8774.04815674   1.68913e-16 
 8778.26765442   1.44484e-16 
  8782.4871521   1.75793e-16 
 8786.70664978   1.81688e-16 
 8790.92614746   1.95529e-16 
 8795.14564514   1.96773e-16 
 8799.36514282   1.99672e-16 
  8803.5846405   2.03378e-16 
 8807.80413818   1.88875e-16 
 8812.02363586   1.78194e-16 
 8816.24313354     1.642e-16 
 8820.46263123   1.47206e-16 
 8824.68212891   1.49496e-16 
 8828.90162659   1.60897e-16 
 8833.12112427   1.72805e-16 
 8837.34062195   1.84333e-16 
 8841.56011963   1.95073e-16 
 8845.77961731   1.92039e-16 
 8849.99911499    1.9806e-16 
 8854.21861267   1.81284e-16 
 8858.43811035   1.53415e-16 
 8862.65760803   1.51034e-16 
 8866.87710571   1.47234e-16 
 8871.09660339   1.55772e-16 
 8875.31610107   1.77181e-16 
 8879.53559875   1.88265e-16 
 8883.75509644    2.0061e-16 
 8887.97459412   2.04321e-16 
  8892.1940918   1.97204e-16 
 8896.41358948   1.83295e-16 
 8900.63308716   1.69252e-16 
 8904.85258484   1.60261e-16 
 8909.07208252   1.52126e-16 
  8913.2915802   1.29697e-16 
 8917.51107788   1.25562e-16 
 8921.73057556   1.27927e-16 
 8925.95007324   2.78273e-17 
 8930.16957092  -1.80518e-16 
  8934.3890686  -3.19106e-18 
 8938.60856628   1.67334e-16 
 8942.82806396   1.71034e-16 
 8947.04756165   1.69516e-16 
 8951.26705933   1.67704e-16 
 8955.48655701   1.74136e-16 
 8959.70605469    1.6779e-16 
 8963.92555237   1.43403e-16 
 8968.14505005   1.31865e-16 
 8972.36454773    1.4431e-16 
 8976.58404541   1.33911e-16 
 8980.80354309   1.33745e-16 
 8985.02304077   1.33222e-16 
 8989.24253845   1.45565e-16 
 8993.46203613   1.69893e-16 
 8997.68153381   1.76027e-16 
 9001.90103149   1.80545e-16 
 9006.12052917   1.71115e-16 
 9010.34002686   1.46951e-16 
 9014.55952454   1.39416e-16 
 9018.77902222   1.36424e-16 
  9022.9985199   1.25552e-16 
 9027.21801758    1.2907e-16 
 9031.43751526   1.42014e-16 
 9035.65701294   1.48081e-16 
 9039.87651062   1.50039e-16 
  9044.0960083   1.64177e-16 
 9048.31550598   1.68184e-16 
 9052.53500366   1.68505e-16 
 9056.75450134   1.67532e-16 
 9060.97399902   1.56795e-16 
  9065.1934967   1.51429e-16 
 9069.41299438    1.3985e-16 
 9073.63249207   1.23961e-16 
 9077.85198975   1.25111e-16 
 9082.07148743   1.26382e-16 
 9086.29098511   1.37315e-16 
 9090.51048279   1.29275e-16 
 9094.72998047   1.44115e-16 
 9098.94947815    1.5172e-16 
 9103.16897583   1.36683e-16 
 9107.38847351   1.49394e-16 
 9111.60797119   1.51418e-16 
 9115.82746887   1.47259e-16 
 9120.04696655   1.42137e-16 
 9124.26646423   1.40359e-16 
 9128.48596191   1.34261e-16 
 9132.70545959   1.22392e-16 
 9136.92495728   1.30726e-16 
 9141.14445496   1.36915e-16 
 9145.36395264   1.37493e-16 
 9149.58345032   1.41692e-16 
   9153.802948   1.42439e-16 
 9158.02244568   1.51707e-16 
 9162.24194336   1.60772e-16 
 9166.46144104    1.6648e-16 
 9170.68093872   1.64888e-16 
  9174.9004364   1.51203e-16 
 9179.11993408   1.47869e-16 
 9183.33943176   1.42012e-16 
 9187.55892944    1.3464e-16 
 9191.77842712    1.3513e-16 
  9195.9979248   1.26599e-16 
 9200.21742249   1.39833e-16 
 9204.43692017   1.48656e-16 
 9208.65641785   1.41645e-16 
 9212.87591553    1.4748e-16 
 9217.09541321   1.62158e-16 
 9221.31491089    1.5927e-16 
 9225.53440857   1.66262e-16 
 9229.75390625     1.466e-16 
 9233.97340393   1.48212e-16 
 9238.19290161   1.30957e-16 
 9242.41239929   1.26931e-16 
 9246.63189697   1.37693e-16 
 9250.85139465   1.38776e-16 
 9255.07089233   1.44434e-16 
 9259.29039001   1.48334e-16 
  9263.5098877   1.63702e-16 
 9267.72938538   1.58556e-16 
 9271.94888306   1.56275e-16 
 9276.16838074   1.66363e-16 
 9280.38787842   1.45767e-16 
  9284.6073761   1.30167e-16 
 9288.82687378   1.23395e-16 
 9293.04637146   1.24012e-16 
 9297.26586914   1.25557e-16 
 9301.48536682   1.33736e-16 
  9305.7048645   1.22569e-16 
 9309.92436218   1.20203e-16 
 9314.14385986   1.35326e-16 
 9318.36335754    1.2556e-16 
 9322.58285522   1.29449e-16 
 9326.80235291   1.30705e-16 
 9331.02185059    1.1221e-16 
 9335.24134827    1.1046e-16 
 9339.46084595   8.96103e-17 
 9343.68034363   8.90909e-17 
 9347.89984131   1.05816e-16 
 9352.11933899   1.10018e-16 
 9356.33883667   1.03691e-16 
 9360.55833435   1.12643e-16 
 9364.77783203   1.15259e-16 
 9368.99732971   9.02809e-17 
 9373.21682739    1.3035e-16 
 9377.43632507     1.273e-16 
 9381.65582275   1.21022e-16 
 9385.87532043   1.26371e-16 
 9390.09481812   1.25399e-16 
  9394.3143158   1.28266e-16 
 9398.53381348   1.21498e-16 
 9402.75331116   1.26336e-16 
 9406.97280884   1.35267e-16 
 9411.19230652   1.53578e-16 
  9415.4118042   1.32811e-16 
 9419.63130188   1.37025e-16 
 9423.85079956   1.33624e-16 
 9428.07029724   1.23259e-16 
 9432.28979492   1.11991e-16 
  9436.5092926   1.12481e-16 
 9440.72879028   1.04461e-16 
 9444.94828796   1.03463e-16 
 9449.16778564   1.12774e-16 
 9453.38728333   1.16626e-16 
 9457.60678101   1.35602e-16 
 9461.82627869   1.27226e-16 
 9466.04577637   1.33146e-16 
 9470.26527405   1.33762e-16 
 9474.48477173   1.33736e-16 
 9478.70426941   1.43101e-16 
 9482.92376709   1.21726e-16 
 9487.14326477   1.06947e-16 
 9491.36276245   3.95174e-17 
 9495.58226013   9.74125e-17 
 9499.80175781   1.18511e-16 
 9504.02125549   1.22384e-16 
 9508.24075317    1.2894e-16 
 9512.46025085   1.37104e-16 
 9516.67974854   1.56333e-16 
 9520.89924622   1.52757e-16 
  9525.1187439   1.32567e-16 
 9529.33824158   1.34295e-16 
 9533.55773926   1.21892e-16 
 9537.77723694   1.20322e-16 
 9541.99673462   1.12849e-16 
  9546.2162323   9.85084e-17 
 9550.43572998   1.12148e-16 
 9554.65522766   1.23557e-16 
 9558.87472534   1.14365e-16 
 9563.09422302   1.33534e-16 
  9567.3137207   1.37896e-16 
 9571.53321838    1.3376e-16 
 9575.75271606   1.46289e-16 
 9579.97221375   1.40606e-16 
 9584.19171143   1.20851e-16 
 9588.41120911   1.18289e-16 
 9592.63070679    1.2898e-16 
 9596.85020447   1.31445e-16 
 9601.06970215   1.28145e-16 
 9605.28919983   1.39376e-16 
 9609.50869751   1.52598e-16 
 9613.72819519   1.47672e-16 
 9617.94769287   1.26632e-16 
 9622.16719055   1.32892e-16 
 9626.38668823   1.31556e-16 
 9630.60618591   1.21752e-16 
 9634.82568359   1.15955e-16 
 9639.04518127    1.2097e-16 
 9643.26467896   1.17516e-16 
 9647.48417664    1.3017e-16 
 9651.70367432   1.21545e-16 
   9655.923172   1.12477e-16 
 9660.14266968   1.42745e-16 
 9664.36216736   1.32755e-16 
 9668.58166504   1.38808e-16 
 9672.80116272   1.41823e-16 
  9677.0206604   1.47668e-16 
 9681.24015808   1.58049e-16 
 9685.45965576   1.30322e-16 
 9689.67915344   1.20005e-16 
 9693.89865112   1.14435e-16 
  9698.1181488   1.35792e-16 
 9702.33764648   1.29435e-16 
 9706.55714417   1.28171e-16 
 9710.77664185   1.36432e-16 
 9714.99613953   1.31688e-16 
 9719.21563721   1.30051e-16 
 9723.43513489     1.387e-16 
 9727.65463257   1.36665e-16 
 9731.87413025   1.19864e-16 
 9736.09362793    1.2115e-16 
 9740.31312561   1.08364e-16 
 9744.53262329   1.05969e-16 
 9748.75212097   1.06145e-16 
 9752.97161865   9.66207e-17 
 9757.19111633   1.17063e-16 
 9761.41061401   1.40834e-16 
 9765.63011169   1.41765e-16 
 9769.84960938   1.18864e-16 
 9774.06910706   1.35377e-16 
 9778.28860474    1.0427e-16 
 9782.50810242   1.15295e-16 
  9786.7276001   1.11113e-16 
 9790.94709778   1.15718e-16 
 9795.16659546   8.63987e-17 
 9799.38609314   1.02688e-16 
 9803.60559082   1.30675e-16 
  9807.8250885   1.17726e-16 
 9812.04458618   1.20413e-16 
 9816.26408386   1.28429e-16 
 9820.48358154   1.09365e-16 
 9824.70307922   9.10791e-17 
  9828.9225769   8.70654e-17 
 9833.14207458    8.8609e-17 
 9837.36157227   1.07339e-16 
 9841.58106995   1.21422e-16 
 9845.80056763   1.10438e-16 
 9850.02006531   9.99045e-17 
 9854.23956299   1.21044e-16 
 9858.45906067   1.06939e-16 
 9862.67855835   1.22057e-16 
 9866.89805603   1.41799e-16 
 9871.11755371   1.16058e-16 
 9875.33705139   1.17835e-16 
 9879.55654907   9.78442e-17 
 9883.77604675   7.60513e-17 
 9887.99554443   1.05855e-16 
 9892.21504211   1.00735e-16 
 9896.43453979   9.25805e-17 
 9900.65403748   9.94502e-17 
 9904.87353516   1.35239e-16 
 9909.09303284    6.1282e-17 
 9913.31253052   9.39845e-17 
  9917.5320282   9.38099e-17 
 9921.75152588   8.82477e-17 
 9925.97102356   7.17118e-17 
 9930.19052124   7.05777e-17 
 9934.41001892   7.55745e-17 
  9938.6295166   9.33137e-17 
 9942.84901428   1.17228e-16 
 9947.06851196   1.04933e-16 
 9951.28800964   7.88594e-17 
 9955.50750732   8.62912e-17 
   9959.727005   8.51355e-17 
 9963.94650269   8.30909e-17 
 9968.16600037   1.09677e-16 
 9972.38549805   8.26093e-17 
 9976.60499573   7.40986e-17 
 9980.82449341   9.42036e-17 
 9985.04399109   9.47464e-17 
 9989.26348877   9.52829e-17 
 9993.48298645    9.5844e-17 
 9997.70248413   9.63028e-17 
 10001.9219818   9.63966e-17 
 10006.1414795   9.63875e-17 
 10010.3609772   9.63733e-17 
 10014.5804749   9.63517e-17 
 10018.7999725   9.63263e-17 
 10023.0194702   9.62957e-17 
 10027.2389679   9.62621e-17 
 10031.4584656   9.62256e-17 
 10035.6779633    9.6186e-17 
 10039.8974609   9.61425e-17 
 10044.1169586   9.60967e-17 
 10048.3364563   9.60478e-17 
  10052.555954   9.59961e-17 
 10056.7754517    9.5946e-17 
 10060.9949493   9.58938e-17 
  10065.214447   9.58402e-17 
 10069.4339447   9.57838e-17 
 10073.6534424   9.57252e-17 
 10077.8729401   9.56653e-17 
 10082.0924377   9.56037e-17 
 10086.3119354   9.55389e-17 
 10090.5314331   9.54634e-17 
 10094.7509308   9.53877e-17 
 10098.9704285   9.53076e-17 
 10103.1899261   9.52264e-17 
 10107.4094238   9.51463e-17 
 10111.6289215    9.5065e-17 
 10115.8484192   9.49848e-17 
 10120.0679169   9.49059e-17 
 10124.2874146   9.48266e-17 
 10128.5069122   9.47483e-17 
 10132.7264099    9.4672e-17 
 10136.9459076   9.45973e-17 
 10141.1654053   9.45257e-17 
  10145.384903   9.44575e-17 
 10149.6044006   9.43926e-17 
 10153.8238983   9.43285e-17 
  10158.043396   9.42687e-17 
 10162.2628937   9.42106e-17 
 10166.4823914   9.41554e-17 
  10170.701889   9.41031e-17 
 10174.9213867   9.40554e-17 
 10179.1408844   9.40102e-17 
 10183.3603821   9.39666e-17 
 10187.5798798   9.39254e-17 
 10191.7993774   9.38888e-17 
 10196.0188751   9.38562e-17 
 10200.2383728   9.38283e-17 
 10204.4578705   9.38047e-17 
 10208.6773682   9.37844e-17 
 10212.8968658   9.37697e-17 
 10217.1163635   9.37583e-17 
 10221.3358612   9.37528e-17 
 10225.5553589   9.37514e-17 
 10229.7748566   9.37592e-17 
 10233.9943542   9.37706e-17 
 10238.2138519    9.3787e-17 
 10242.4333496   9.38073e-17 
 10246.6528473   9.38334e-17 
  10250.872345   9.38629e-17 
 10255.0918427   9.38979e-17 
 10259.3113403   9.39358e-17 
  10263.530838   9.39789e-17 
 10267.7503357   9.40255e-17 
 10271.9698334   9.40734e-17 
 10276.1893311   9.41236e-17 
 10280.4088287   9.41775e-17 
 10284.6283264   9.42344e-17 
 10288.8478241    9.4292e-17 
 10293.0673218   9.43702e-17 
 10297.2868195   9.44496e-17 
 10301.5063171   9.45298e-17 
 10305.7258148   9.46107e-17 
 10309.9453125   9.46905e-17 
