# STATUS =
# OBJECT = PTF10bfz
# TELESCOPE = Keck1
# INSTRUMENT = LRIS
# DATE-OBS = 2010-02-11 00:00:00.00
# MJD = 55238.0
# EXPTIME = 0
# AIRMASS = --
# SLIT = 0
# DISPERSER = --
# SOURCE = 2018ApJ...855....2Q
# FILTER =
# RESOLUTION =
# FLUX_STANDARD =
# EXTINCTION_CORRECTED = --
# PHOTOMETRY_CALIBRATED =
# TELLURIC_CORRECTED =
# FLUX_UNITS = Other
# WAVE_UNITS = Angstrom
# QUALITY = --
# MIN_WAVE = 3131.3778751
# MAX_WAVE = 10256.7360837
# COMMENT = Spectrum is the smoothed version. For the unbinned versions check the related files - clipped or raw.  [Data obtained from:R. Quimby] [Prev. spec info - createdby: ofer-UploadSet; modifiedby: ofer-UploadSet]
    Wavelength       Flux      Error 
  3134.5014167  2.2835028  0.0896812 
  3137.6366687  2.2929308  0.0862766 
  3140.7836312  2.3345137  0.0830569 
  3143.9191688  2.3621771  0.0799897 
  3147.0661313  2.3591979  0.0769972 
  3150.2130937   2.356039  0.0743316 
  3153.3600562  2.3809836  0.0718671 
  3156.5190146   2.403161  0.0695441 
  3159.6776876  2.4030745  0.0673222 
  3162.8363605  2.4420433  0.0644349 
  3165.9950333  2.4600253   0.062427 
  3169.1654166  2.4819033  0.0605481 
  3172.3243751  2.4671621  0.0587829 
  3175.5064688  2.4949436  0.0571155 
  3178.6768521  2.5184062  0.0555157 
  3181.8589458  2.5732443  0.0540196 
  3185.0410395  2.6039383  0.0526052 
  3188.2231333      2.632   0.051268 
  3191.4169374   2.657336  0.0500442 
  3194.5990312  2.6494651  0.0484346 
  3197.7928354  2.6271074  0.0473331 
  3200.9983499  2.5923221   0.046354 
  3204.1924396  2.5784614  0.0453893 
  3207.3979543  2.5537705  0.0444695 
  3210.6034688  2.5374172    0.04363 
  3213.8206938  2.5218911  0.0427649 
  3217.0379188   2.535017  0.0419245 
  3220.2551438  2.5193088  0.0412098 
  3223.4723688  2.5166485  0.0401295 
  3226.6895938  2.5276425  0.0393963 
  3229.9185293  2.5342455  0.0387802 
  3233.1474646  2.5464885  0.0381115 
  3236.3878249  2.5323262  0.0374436 
  3239.6167604  2.5289495   0.036865 
  3242.8574062  2.5133123  0.0362242 
  3246.1097624  2.5423465  0.0355658 
  3249.3504083  2.5765209  0.0346712 
  3252.6027645  2.6028655  0.0340134 
  3255.8551208  2.6220617  0.0334568 
  3259.1074771  2.6673293  0.0328555 
  3262.3715438  2.6963389  0.0322901 
  3265.6353249   2.719924   0.031792 
  3268.8993916  2.7602262  0.0312398 
  3272.1634583  2.7731719  0.0307037 
  3275.4392355  2.8034976  0.0300087 
  3278.7150126  2.8413041  0.0295037 
  3281.9907896  2.8697331   0.029086 
  3285.2779916   2.878314  0.0286138 
  3288.5654792  2.8965707  0.0281588 
  3291.8529667  2.9082215  0.0277772 
  3295.1404543  2.8968527  0.0271306 
  3298.4393666  2.8879218  0.0266979 
  3301.7385645   2.860863  0.0263428 
  3305.0377626  2.8535244  0.0259191 
  3308.3366749  2.8481884  0.0255618 
  3311.6475833  2.8559234   0.025139 
  3314.9584917   2.850517  0.0247323 
  3318.2808249  2.8494618  0.0242058 
  3321.5917333   2.840543  0.0238145 
  3324.9143521  2.8530664  0.0234432 
  3328.2483957  2.8613408  0.0230196 
  3331.5710145  2.8684702  0.0226249 
  3334.9053438  2.8577268  0.0221359 
  3338.2393874  2.8425288   0.021792 
  3341.5737167  2.8504863  0.0215329 
  3344.9194707  2.8576763  0.0212452 
  3348.2655105  2.8778331  0.0210305 
  3351.6115501   2.890152   0.020779 
  3354.9690145  2.9045763  0.0204007 
  3358.3150543  2.9068737  0.0202501 
  3361.6725187  2.9139204  0.0200415 
  3365.0419793   2.905452  0.0199056 
  3368.3994437  2.8990779  0.0197086 
  3371.7689043  2.8756666  0.0194347 
  3375.1497895  2.8688281  0.0192185 
  3378.5192501  2.8623049  0.0190534 
  3381.9001355  2.8447814  0.0188207 
  3385.2810207  2.8385417    0.01858 
  3388.6621917  2.8323443   0.018273 
  3392.0547874  2.8119915   0.018036 
  3395.4476688  2.8061481  0.0178589 
  3398.8402645  2.7906249  0.0176366 
  3402.2445707  2.7819862  0.0174814 
  3405.6491626   2.786144  0.0171749 
  3409.0534687  2.7803669  0.0170505 
  3412.4577749  2.7775085  0.0168862 
  3415.8740771  2.7765415  0.0167984 
  3419.2900937  2.7708373   0.016651 
  3422.7061104  2.7713766   0.016455 
   3426.134123  2.7609832  0.0163189 
    3429.56185  2.7528999  0.0161946 
   3432.989577  2.7433505  0.0161492 
  3436.4175896  2.7444403   0.015931 
  3439.8570271  2.7495506  0.0158686 
  3443.2964645  2.7539735  0.0157306 
   3446.735902  2.7524078  0.0156592 
  3450.1870499  2.7461669  0.0154176 
  3453.6384834  2.7373459  0.0153528 
  3457.0896313  2.7361188  0.0152295 
  3460.5524895  2.7367692  0.0151716 
  3464.0036374  2.7433007  0.0149614 
  3467.4664957   2.739845  0.0149127 
  3470.9413501  2.7483931  0.0147919 
  3474.4159188  2.7538171  0.0147353 
  3477.8904876  2.7502575  0.0145119 
  3481.3650563  2.7505262  0.0144485 
  3484.8513355   2.759274  0.0143789 
  3488.3259042  2.7600143  0.0142469 
  3491.8238937  2.7691371  0.0140883 
  3495.3101729  2.7754314  0.0139719 
  3498.8081624  2.7788494  0.0139186 
   3502.306152  2.7851219   0.013794 
  3505.8041416  2.7974572  0.0136212 
  3509.3138416  2.8065038  0.0134979 
  3512.8235416  2.8023942  0.0134413 
  3516.3332416   2.793792  0.0133417 
   3519.854652  2.7873056  0.0132469 
  3523.3760624      2.786  0.0131963 
  3526.8974729  2.7877383   0.013217 
  3530.4188833  2.7836244  0.0131705 
  3533.9520042  2.7742412  0.0131425 
   3537.485125  2.7756064  0.0131941 
  3541.0299563  2.7804265  0.0131663 
  3544.5630771   2.793201  0.0131326 
  3548.1079084  2.8024161  0.0131021 
  3551.6644501  2.8004727  0.0131418 
  3555.2089957  2.7924778  0.0130136 
  3558.7655374  2.7850957  0.0130281 
  3562.3220792  2.7649014  0.0130303 
  3565.8903313   2.747865  0.0129553 
  3569.4585834  2.7370026  0.0128511 
  3573.0265499  2.7215106  0.0127717 
   3576.594802   2.711045  0.0127622 
  3580.1747645  2.6906693  0.0126724 
  3583.7547271  2.6742556  0.0126073 
  3587.3346896  2.6734395  0.0125975 
   3590.926077  2.6642053  0.0124434 
    3594.51775  2.6485515  0.0124466 
   3598.109423  2.6193509  0.0124518 
  3601.7125207  2.6052909  0.0123067 
  3605.3159042  2.5976441  0.0123185 
  3608.9192876  2.5970819  0.0122714 
  3612.5223854   2.597219  0.0122185 
  3616.1374792  2.5962033  0.0122581 
   3619.752573  2.6059391   0.012225 
  3623.3790916  2.6132276  0.0121838 
  3626.9941855  2.6198761  0.0122199 
  3630.6209896  2.6230185  0.0121841 
  3634.2592187  2.6159692  0.0121275 
  3637.8977334  2.6179874  0.0120801 
   3641.524252   2.608619  0.0120974 
  3645.1744771  2.6054747  0.0120247 
  3648.8127062  2.5895412  0.0119662 
  3652.4629313  2.5878239  0.0119747 
  3656.1128707  2.5681946  0.0118948 
  3659.7748063  2.5571098  0.0118306 
  3663.4364562  2.5484619  0.0118291 
  3667.0983917  2.5456448  0.0117321 
  3670.7600416  2.5352299  0.0116597 
  3674.4336876  2.5230052  0.0116635 
  3678.1070479  2.5123072  0.0115784 
  3681.7924043  2.5134544  0.0115134 
  3685.4657645  2.5086517  0.0114398 
  3689.1508354  2.5030842  0.0114645 
  3692.8479021  2.5033214  0.0114183 
  3696.5329729  2.4894006   0.011356 
  3700.2300396  2.4785526  0.0113746 
  3703.9385313  2.4754853  0.0113189 
  3707.6353124  2.4617896   0.011231 
  3711.3440896  2.4452469  0.0112253 
  3715.0642917  2.4394064  0.0110728 
  3718.7727833  2.4266315   0.011074 
  3722.4929854  2.4008493  0.0110823 
   3726.213473   2.393873   0.011002 
  3729.9453855   2.376636  0.0109483 
  3733.6772979  2.3709538  0.0108803 
  3737.4092104  2.3713634  0.0108313 
  3741.1414084  2.3859525  0.0107502 
  3744.8850313  2.3925796  0.0106007 
  3748.6286542  2.3958764  0.0105949 
  3752.3839874  2.4000027  0.0104323 
  3756.1276104  2.4025512  0.0104253 
  3759.8832293  2.4090545   0.010278 
   3763.650273  2.4079182  0.0102887 
  3767.4056063  2.4145191  0.0102193 
  3771.1843605  2.4160874  0.0100968 
  3774.9514042  2.4234483  0.0101205 
  3778.7301583  2.4212945  0.0100071 
  3782.5089124   2.435617  0.0099505 
  3786.2876666  2.4490094  0.0099109 
  3790.0781312  2.4672799   0.009873 
  3793.8685957  2.4814951  0.0098401 
  3797.6590604  2.4993172  0.0097983 
  3801.4612354   2.519032  0.0097515 
  3805.2634104  2.5379002  0.0097163 
  3809.0655854  2.5655322  0.0096806 
  3812.8677604  2.5933738  0.0096517 
  3816.6816457  2.6130888  0.0098521 
  3820.5072416  2.6187761   0.009661 
   3824.321127  2.6310689  0.0095567 
  3828.1467229  2.6383545  0.0095145 
  3831.9723187  2.6409719  0.0095284 
   3835.809625   2.635278   0.009673 
  3839.6469313  2.6376898  0.0097232 
  3843.4842376  2.6296446  0.0098021 
  3847.3332543  2.6227403  0.0099153 
  3851.1702749  2.6153836  0.0098427 
   3855.031002  2.6253779  0.0097435 
  3858.8800187  2.6292553  0.0096085 
  3862.7407458   2.630368  0.0094284 
   3866.601473  2.6276376  0.0092266 
  3870.4736249  2.6221778  0.0090422 
  3874.3460624  2.6247466  0.0088396 
     3878.2185  2.6307678  0.0086834 
  3882.0909376   2.638818  0.0085838 
  3885.9747999  2.6472006   0.008603 
  3889.8589479  2.6583121  0.0086806 
  3893.7548063  2.6686404  0.0086238 
  3897.6506646  2.6766651  0.0084944 
  3901.5462374  2.6777203  0.0084321 
  3905.4420958  2.6839247  0.0084171 
  3909.3496646  2.6926043  0.0084431 
  3913.2569479  2.7057459  0.0083467 
  3917.1762271  2.7204404  0.0083068 
  3921.0952207  2.7405736  0.0083301 
     3925.0145  2.7581336  0.0082229 
  3928.9337793   2.771733  0.0081695 
  3932.8644833  2.7762225  0.0081829 
   3936.795473  2.7730198  0.0080958 
  3940.7378874  2.7705898  0.0080669 
  3944.6805876  2.7717559  0.0080391 
   3948.623002  2.7749872   0.008015 
  3952.5774126  2.7672215  0.0079899 
  3956.5315374  2.7533314  0.0079682 
   3960.485948  2.7457123  0.0079028 
  3964.4400729  2.7319381   0.007946 
  3968.4061938  2.7130976  0.0079428 
  3972.3720292  2.7002203  0.0078953 
  3976.3495749  2.6890082  0.0079105 
  3980.3274063  2.6848736  0.0079768 
   3984.304952  2.6827743  0.0079295 
  3988.2944938  2.6923952  0.0079309 
  3992.2720395  2.6997001  0.0079403 
  3996.2730062  2.7111936  0.0080055 
   4000.262548  2.7107637  0.0079484 
  4004.2635145  2.7186344  0.0079917 
  4008.2761916  2.7257497  0.0082276 
  4012.2774438  2.7366905  0.0079968 
  4016.2901208  2.7524168  0.0078996 
  4020.3027979  2.7671034   0.007919 
  4024.3271854  2.7743118  0.0079947 
  4028.3518584  2.7700405  0.0080274 
  4032.3879563  2.7684915  0.0081748 
  4036.4123437  2.7777135  0.0082481 
  4040.4484416  2.7651441  0.0082972 
  4044.4962499  2.7651508  0.0082379 
  4048.5326334  2.7658789  0.0081904 
  4052.5804417  2.7629497  0.0081462 
  4056.6399605  2.7522373  0.0080129 
  4060.6994792  2.7421198  0.0078267 
  4064.7589979  2.7302961  0.0076704 
  4068.8185166   2.712728  0.0075306 
  4072.8897457  2.7011423  0.0074634 
  4076.9609749  2.6798337  0.0073591 
  4081.0442001  2.6617839  0.0073935 
  4085.1271396  2.6381342  0.0074987 
  4089.2100793  2.6288817  0.0072559 
  4093.2930188  2.6179454  0.0073346 
  4097.3876688   2.604707  0.0074013 
  4101.4823188  2.5995381  0.0071913 
  4105.5886793  2.5885742  0.0071581 
  4109.6950396  2.5777929  0.0072092 
  4113.8014001  2.5754912  0.0072625 
  4117.9191854  2.5686302  0.0073696 
  4122.0372562  2.5748229  0.0074722 
   4126.155327  2.5758252  0.0075979 
  4130.2851083  2.5806181   0.007652 
  4134.4148895  2.5892835  0.0075965 
  4138.5563813  2.5900469  0.0075541 
  4142.6861626  2.5905149  0.0074772 
  4146.8276543  2.5844023  0.0073804 
  4150.9805707  2.5820606   0.007367 
  4155.1337729  2.5727088   0.007291 
   4159.286975  2.5679488  0.0071212 
  4163.4401771  2.5605042  0.0070241 
  4167.6050896  2.5524225  0.0070616 
  4171.7697166  2.5387852  0.0072682 
  4175.9463395  2.5339563  0.0072796 
  4180.1229626   2.529155  0.0071888 
  4184.3110104  2.5192733  0.0072315 
  4188.4876333  2.5063455  0.0072502 
  4192.6759667  2.5054371  0.0072337 
  4196.8757249  2.4943249  0.0071736 
  4201.0640583  2.4839213  0.0071277 
  4205.2641021  2.4770074  0.0070104 
  4209.4755707  2.4724159  0.0068527 
   4213.687325  2.4684963  0.0067252 
  4217.8990793  2.4575634  0.0066161 
  4222.1222583  2.4482479  0.0065405 
  4226.3340126  2.4383206  0.0065183 
   4230.568902  2.4297051  0.0066042 
  4234.7923667  2.4272122  0.0066205 
  4239.0272562  2.4217584  0.0064395 
  4243.2741417  2.4148955  0.0064314 
  4247.5090312  2.4125016  0.0064232 
  4251.7559167  2.4140594  0.0064147 
   4256.014227  2.4186988  0.0064022 
   4260.272823  2.4269938  0.0063879 
  4264.5311333  2.4326835  0.0063726 
  4268.8014396  2.4371746  0.0063614 
    4273.05975  2.4447827  0.0063524 
  4277.3414812  2.4439933   0.006343 
  4281.6117876  2.4516327  0.0063279 
  4285.8935187  2.4552712    0.00641 
  4290.1869604  2.4606593  0.0063745 
  4294.4689771  2.4685004   0.006323 
  4298.7741292  2.4718311  0.0064048 
  4303.0675707     2.4719   0.006523 
  4307.3730084  2.4699781  0.0064519 
  4311.6781605  2.4714129  0.0065348 
  4315.9950229  2.4736195  0.0066644 
  4320.3001749   2.473325  0.0068467 
  4324.6290334  2.4750607  0.0070101 
  4328.9458958  2.4765563  0.0071388 
  4333.2861792  2.4807458  0.0072924 
   4337.614752  2.4797337   0.007284 
  4341.9550354  2.4854326  0.0071284 
  4346.2956043  2.4856522  0.0069875 
  4350.6358876  2.4856522   0.006825 
  4354.9878813   2.489161  0.0066596 
  4359.3515855  2.4871294  0.0065189 
  4363.7035792  2.4902411  0.0064341 
  4368.0672833  2.4928839  0.0063896 
  4372.4426979  2.5032687  0.0063766 
   4376.806402  2.5047729  0.0062252 
   4381.193527  2.5064223  0.0063102 
  4385.5689416  2.5068345  0.0063387 
  4389.9560666  2.5152173  0.0062146 
  4394.3431916  2.5184424  0.0062209 
   4398.742027  2.5231268  0.0062368 
  4403.1408624  2.5274389  0.0062556 
  4407.5396979  2.5343969  0.0062637 
  4411.9502437   2.538871  0.0062299 
  4416.3607895  2.5405064  0.0062749 
  4420.7830458  2.5381837  0.0062792 
  4425.1935917  2.5444164  0.0062745 
  4429.6275584  2.5448179  0.0062681 
  4434.0498146    2.54334  0.0062584 
  4438.4834957  2.5449686  0.0062434 
  4442.9291729  2.5458679  0.0062304 
    4447.37485  2.5423098  0.0062174 
  4451.8205271  2.5430393  0.0062059 
  4456.2662043  2.5451155  0.0061555 
  4460.7233062    2.54281  0.0061472 
  4465.1924042  2.5428462  0.0061404 
  4469.6497917  2.5405259  0.0061344 
  4474.1188896  2.5414336  0.0061291 
  4478.5994124  2.5356259  0.0061292 
  4483.0802208  2.5348957  0.0061292 
  4487.5610293  2.5347455  0.0060928 
   4492.041552  2.5412521  0.0060913 
  4496.5340708  2.5413973  0.0060896 
  4501.0383001   2.542037  0.0061235 
  4505.5422437  2.5334194   0.006122 
   4510.046473  2.5334287  0.0061163 
  4514.5504166  2.5294816  0.0060769 
  4519.0663563  2.5208099  0.0060748 
  4523.5820104   2.511075  0.0060706 
  4528.1096605  2.5011034  0.0060664 
  4532.6370249  2.4817786  0.0060628 
  4537.1763855  2.4694819  0.0060575 
  4541.7037499  2.4569516  0.0060119 
  4546.2548208  2.4404275  0.0060398 
  4550.7938957  2.4226639  0.0060325 
  4555.3449667  2.4053113  0.0060226 
  4559.9074624  2.3927629  0.0060144 
  4564.4702438  2.3819034  0.0059718 
  4569.0327395  2.3751788   0.005965 
  4573.5952354  2.3696501  0.0059587 
  4578.1697271  2.3706908  0.0059899 
  4582.7556437  2.3658009  0.0059872 
  4587.3298499  2.3651469  0.0059439 
  4591.9277626  2.3635564  0.0059394 
  4596.5136792  2.3733852  0.0059342 
  4601.1113062  2.3755932  0.0059314 
  4605.7092188  2.3797872  0.0058946 
  4610.3185563  2.3790514  0.0059303 
  4614.9278937   2.380964  0.0059293 
  4619.5489416  2.3780482   0.005927 
  4624.1585646  2.3790383  0.0059983 
   4628.791323  2.3791504  0.0059796 
  4633.4123708  2.3751833  0.0059231 
  4638.0451292  2.3728724  0.0059209 
  4642.6895979  2.3723917  0.0059379 
  4647.3340666  2.3714657  0.0060074 
  4651.9785354  2.3691752   0.006086 
  4656.6350001   2.371882  0.0061667 
  4661.2911793  2.3674896  0.0062301 
  4665.9473584  2.3663323  0.0062734 
   4670.615248  2.3651206  0.0062762 
  4675.2831376  2.3589382    0.00621 
  4679.9627376  2.3555195  0.0061848 
  4684.6423376  2.3499825  0.0061052 
  4689.3219376  2.3399255  0.0059859 
   4694.013248  2.3358881  0.0059014 
  4698.7045584  2.3348291  0.0058526 
  4703.4075793  2.3376055   0.005779 
  4708.1106001  2.3288865  0.0057756 
  4712.8250457  2.3214176  0.0058498 
  4717.5280666  2.3119671  0.0058339 
  4722.2545083  2.3049748  0.0057569 
    4726.98095  2.2988429  0.0057526 
  4731.7073917  2.2881107  0.0057169 
  4736.4338334   2.278857   0.005745 
  4741.1716999  2.2665277  0.0057361 
   4745.909852  2.2578158   0.005694 
  4750.6597145  2.2402494   0.005719 
  4755.4095771  2.2225757  0.0056784 
  4760.1594396  2.2082977  0.0056706 
   4764.920727  2.1932909  0.0056642 
  4769.6940105   2.174968  0.0056589 
  4774.4555834   2.156867  0.0056551 
  4779.2402916  2.1409655  0.0056519 
   4784.013575  2.1309497  0.0056482 
  4788.7985688   2.118855  0.0056453 
  4793.5835627   2.101335  0.0056105 
  4798.3796957  2.0793612   0.005642 
  4803.1763999  2.0622518  0.0056077 
  4807.9851002  2.0473895  0.0056059 
  4812.7932293   2.036864   0.005637 
  4817.6013583  2.0248952  0.0056063 
  4822.4214834  2.0115006  0.0056075 
  4827.2416085  2.0044034   0.005604 
  4832.0731584  1.9923294  0.0055996 
  4836.9047083  1.9868649  0.0055614 
  4841.7362583  1.9782645   0.005582 
  4846.5798042   1.973151  0.0055698 
  4851.4347749    1.96559   0.005554 
  4856.2783208  1.9559071  0.0055411 
  4861.1452877  1.9420041  0.0055012 
  4866.0002584  1.9349209   0.005524 
  4870.8672252  1.9290355  0.0054881 
  4875.7336207  1.9252212   0.005487 
  4880.6120123  1.9164933  0.0054905 
  4885.4909752  1.9183187  0.0054936 
  4890.3807916  1.9164115  0.0054991 
  4895.2711793   1.911347   0.005504 
  4900.1729917  1.9112701  0.0054773 
  4905.0633793   1.920626  0.0055114 
  4909.9766166  1.9253197  0.0054847 
  4914.8784291  1.9294297  0.0055218 
  4919.7922376  1.9360555   0.005496 
  4924.7174708  1.9357601  0.0055348 
  4929.6427042  1.9410169  0.0055081 
  4934.5679374  1.9419078  0.0055445 
  4939.5051667  1.9389704  0.0055201 
  4944.4418249  1.9345772  0.0055273 
  4949.3904791  1.9308856  0.0055357 
  4954.3391333  1.9345964  0.0055086 
  4959.2997834  1.9338125  0.0055432 
  4964.2598623   1.936237  0.0055139 
  4969.2205126  1.9393218  0.0055473 
  4974.1925876  1.9381936  0.0055212 
  4979.1646626  1.9410918  0.0055532 
  4984.1481623  1.9333121  0.0055267 
  4989.1322334  1.9252208  0.0055605 
  4994.1157333  1.9264363  0.0055315 
  4999.1112291  1.9220912  0.0055341 
  5004.1067249  1.9185694  0.0055326 
  5009.1142167   1.913745  0.0055355 
  5014.1211374  1.9141338  0.0055377 
  5019.1400542  1.9084411  0.0055405 
  5024.1589708  1.9124061  0.0055108 
  5029.1778876  1.9116696   0.005544 
  5034.2082291  1.9121492   0.005517 
  5039.2505666   1.909833  0.0055262 
  5044.2814793  1.9146028  0.0055296 
  5049.3352417  1.9227439  0.0055348 
  5054.3775793  1.9275558  0.0056688 
  5059.4313416  1.9366066  0.0055804 
     5064.4971  1.9402518  0.0055442 
  5069.5628584  1.9455383  0.0055706 
  5074.6286167  1.9477654  0.0056249 
     5079.7058  1.9494798  0.0056702 
  5084.7829833  1.9488933  0.0057688 
  5089.8721624  1.9511787  0.0058074 
  5094.9613417  1.9501722  0.0058613 
  5100.0505209  1.9529655  0.0059245 
   5105.151125  1.9537736  0.0059268 
  5110.2637251  1.9537503  0.0060084 
  5115.3643292   1.950065  0.0058141 
  5120.4883541  1.9518237  0.0057881 
  5125.6009542  1.9498394  0.0057607 
  5130.7249791  1.9452564  0.0057303 
      5135.861  1.9438289  0.0057687 
  5140.9970209  1.9446143  0.0057762 
  5146.1444667  1.9459797  0.0058603 
  5151.2804877  1.9493918   0.006061 
  5156.4393583  1.9474219  0.0059196 
     5161.5988  1.9449209  0.0058735 
  5166.7582417  1.9469523  0.0059132 
  5171.9171123  1.9463965  0.0058708 
   5177.099975  1.9490484  0.0057767 
  5182.2708416  1.9470246  0.0057223 
  5187.4537043  1.9434161  0.0056924 
  5192.6479917  1.9449095  0.0057182 
  5197.8308543  1.9372911  0.0058114 
  5203.0365666  1.9324839  0.0058938 
  5208.2308541  1.9272088  0.0060683 
  5213.4485623  1.9241486  0.0059557 
  5218.6548458  1.9145906  0.0059418 
  5223.8845502  1.9094822  0.0059634 
  5229.1022585  1.9018257  0.0059309 
  5234.3313916   1.905207  0.0058787 
  5239.5725207  1.9019893  0.0057971 
  5244.8022251  1.9071935  0.0057626 
  5250.0547791  1.9083434  0.0058699 
  5255.2959083  1.9047614  0.0057013 
  5260.5604583  1.9060597  0.0056523 
  5265.8135834  1.9096789  0.0057507 
  5271.0781334  1.9104385  0.0058527 
  5276.3541083  1.9061394   0.005798 
  5281.6306543  1.9010016  0.0059027 
  5286.9186251  1.8939203  0.0059829 
  5292.1945999  1.8899558  0.0060464 
  5297.4945667  1.8785551  0.0060906 
  5302.7939624  1.8719209  0.0060655 
  5308.0939293   1.857357  0.0060503 
  5313.4047498  1.8409884  0.0060071 
  5318.7161415  1.8249114   0.005954 
  5324.0395293  1.8149852  0.0058743 
  5329.3623457  1.8051931  0.0058424 
  5334.6857335  1.8038311  0.0057992 
  5340.0199748  1.7943743  0.0057935 
  5345.3667834  1.7895823  0.0058514 
  5350.7130207  1.7814327  0.0059526 
  5356.0598293  1.7735485  0.0057956 
  5361.4174915  1.7701666   0.005808 
  5366.7757249  1.7654682    0.00588 
  5372.1459543  1.7570046  0.0058655 
  5377.5156126  1.7512259  0.0058455 
  5382.8972667  1.7464728  0.0058686 
  5388.2783498  1.7452159  0.0058829 
  5393.6720001  1.7386429  0.0059398 
  5399.0650792  1.7308366  0.0060007 
  5404.4581583  1.7260907  0.0060576 
  5409.8632333  1.7140611  0.0061081 
  5415.2797333  1.7021129  0.0061425 
  5420.6968043  1.6907256  0.0061617 
  5426.1133043  1.6849389  0.0061645 
  5431.5418002  1.6752934  0.0061509 
  5436.9697249  1.6630772  0.0060983 
  5442.4096457  1.6528829  0.0060653 
  5447.8501377  1.6408756  0.0060283 
  5453.3014833  1.6351604  0.0059945 
     5458.7534  1.6235408  0.0059762 
  5464.2167416  1.6116174  0.0059854 
  5469.6686584  1.5963213  0.0060453 
  5475.1434248  1.5897592  0.0060356 
  5480.6187624  1.5805354  0.0060142 
  5486.1055249  1.5711697  0.0060278 
  5491.5922873  1.5638996  0.0060418 
  5497.0790498  1.5555859  0.0060543 
  5502.5778083  1.5471174  0.0060681 
  5508.0765667  1.5370858  0.0060839 
  5513.5867501  1.5265214  0.0061016 
  5519.0969334  1.5173049   0.006158 
  5524.6185415  1.5110278  0.0062303 
  5530.1521457  1.5103021  0.0061894 
   5535.674325  1.5031494  0.0062003 
  5541.2079292  1.4950794  0.0062722 
  5546.7535293  1.4940325   0.006384 
  5552.2985583   1.482838  0.0065209 
  5557.8555833  1.4808383    0.00667 
  5563.4126083  1.4699543  0.0068275 
  5568.9816293   1.459141  0.0069447 
  5574.5386543  1.4585894  0.0070056 
  5580.1191002  1.4584723  0.0070537 
  5585.6989748   1.453281  0.0070763 
  5591.2914167  1.4460779  0.0070677 
  5596.8832873  1.4417557  0.0070258 
  5602.4757293  1.4415272  0.0069538 
  5608.0795959  1.4316694  0.0068734 
  5613.6834627  1.4237297  0.0067976 
  5619.2987542   1.420391  0.0067438 
  5624.9140457  1.4148343  0.0067514 
  5630.5413333  1.4097683  0.0067365 
  5636.1806167  1.4070936  0.0066356 
  5641.8193292   1.399714  0.0065336 
  5647.4580415  1.3959433  0.0064362 
  5653.0973251  1.3941569  0.0063405 
  5658.7594583  1.3865999  0.0062514 
  5664.4101667  1.3884169   0.006169 
  5670.0722999  1.3825248  0.0060985 
  5675.7464292  1.3793721  0.0059985 
  5681.4205584  1.3757982  0.0058823 
  5687.1061124  1.3674476  0.0057792 
  5692.7916665  1.3614689   0.005676 
  5698.4892166  1.3547955   0.005575 
  5704.1867667  1.3575699  0.0054365 
  5709.8843167  1.3558224  0.0053409 
  5715.6047165  1.3552295  0.0052506 
  5721.3142627  1.3517441  0.0051692 
  5727.0346623  1.3490669  0.0050923 
  5732.7676293   1.350998  0.0050191 
  5738.5000251  1.3463162  0.0049558 
  5744.2324208  1.3415802  0.0048805 
  5749.9882374  1.3358811  0.0048275 
  5755.7326293  1.3335514  0.0048991 
  5761.4884458  1.3254702  0.0047648 
  5767.2562585   1.320098  0.0046827 
  5773.0120751  1.3189065  0.0046549 
  5778.7913126  1.3153738  0.0046568 
    5784.57055  1.3119009  0.0046723 
  5790.3497874  1.3075976  0.0046908 
  5796.1410209  1.3099159  0.0047053 
  5801.9436793  1.3084155  0.0046912 
  5807.7463376  1.3096963   0.004776 
  5813.5489958  1.3142588  0.0048782 
  5819.3636502   1.315431   0.004613 
  5825.1897293  1.3227394  0.0045638 
  5831.0158085   1.325017  0.0045644 
  5836.8418877  1.3281507  0.0045867 
  5842.6793916  1.3315969   0.004601 
  5848.5174667  1.3279555  0.0046175 
  5854.3669667  1.3254435   0.004637 
  5860.2278916  1.3221036  0.0047147 
  5866.0893877  1.3190236  0.0048811 
  5871.9503124  1.3178743  0.0047761 
  5877.8232333  1.3132215  0.0047156 
  5883.6961542   1.312503  0.0046502 
  5889.5804998   1.306614  0.0045645 
  5895.4768415  1.2983365  0.0044461 
  5901.3731833  1.2952583  0.0043475 
  5907.2815209  1.2949363  0.0042642 
  5913.1778627  1.2917215  0.0042225 
  5919.0976252  1.2895854  0.0043036 
  5925.0168165  1.2856258  0.0042162 
  5930.9365791  1.2819617   0.004102 
  5936.8683377  1.2809793  0.0040714 
  5942.8109498  1.2789388  0.0040651 
  5948.7541333  1.2771769  0.0040664 
  5954.6973166  1.2798405  0.0040426 
  5960.6519248  1.2734767  0.0039906 
  5966.6185291  1.2706826  0.0039674 
  5972.5851333  1.2726671  0.0039687 
  5978.5517376  1.2696905  0.0039519 
  5984.5297666  1.2650414  0.0039154 
  5990.5197917  1.2605611   0.003902 
  5996.5098167  1.2558795  0.0038892 
  6002.5112667  1.2481869  0.0038804 
  6008.5127166  1.2414888  0.0038553 
  6014.5141665  1.2415794  0.0038658 
  6020.5396085  1.2377309  0.0038588 
  6026.5524833  1.2343048  0.0038537 
  6032.5779252  1.2281333  0.0038308 
  6038.6142207      1.222  0.0038263 
  6044.6510876  1.2162873  0.0038212 
  6050.6993792  1.2120529  0.0038352 
  6056.7476707  1.2095037  0.0038136 
  6062.8079584  1.2067972  0.0038087 
  6068.8676748  1.2028062  0.0038025 
  6074.9399585  1.1999182   0.003798 
  6081.0116709  1.1993506  0.0037938 
  6087.0948083  1.2000002  0.0037906 
  6093.1785167  1.1964118  0.0037862 
    6099.27365  1.1958882  0.0037642 
  6105.3807793   1.193807  0.0037791 
  6111.4759127  1.1858861  0.0037793 
  6117.5944667  1.1838797  0.0037578 
  6123.7130209  1.1770467  0.0037522 
  6129.8315751   1.176054  0.0037443 
  6135.9615541  1.1723704  0.0037344 
  6142.1035291  1.1709436  0.0037226 
  6148.2455041  1.1676854  0.0037084 
  6154.3874791  1.1639388  0.0036746 
  6160.5414501  1.1594476  0.0036914 
  6166.7068459  1.1575288  0.0036997 
  6172.8722417  1.1570982  0.0036766 
  6179.0490624  1.1562393  0.0036788 
  6185.2264543  1.1558621  0.0036692 
  6191.4146998   1.156315  0.0036388 
  6197.6035165  1.1522945  0.0036821 
  6203.8043293  1.1513557   0.003788 
  6210.0045707  1.1469693  0.0038346 
  6216.2168083   1.142934  0.0038822 
  6222.4290458  1.1376776  0.0039638 
  6228.6527083  1.1311048  0.0040339 
  6234.8883666  1.1246949  0.0040689 
   6241.124025  1.1140712  0.0041655 
  6247.3596834  1.1095797  0.0041277 
  6253.6067666  1.1076857  0.0040126 
  6259.8658458  1.1025054  0.0039615 
  6266.1249251  1.0987943  0.0038598 
  6272.3954292  1.0941311  0.0037982 
  6278.6545084  1.0925159  0.0037673 
  6284.9370085   1.089744  0.0037285 
  6291.2309334  1.0869035  0.0036837 
  6297.5134335  1.0834227  0.0036281 
  6303.8187833  1.0795074  0.0035648 
  6310.1132793  1.0757895  0.0034483 
  6316.4306251  1.0707362  0.0034001 
  6322.7479708  1.0660813  0.0033629 
  6329.0653166  1.0634061  0.0033265 
  6335.3946584  1.0586728  0.0032474 
   6341.735425   1.055276  0.0032176 
  6348.0761916   1.051066  0.0031938 
  6354.4289543   1.045518  0.0031894 
  6360.7811457   1.041533  0.0031923 
  6367.1459043  1.0393249  0.0031686 
  6373.5100917  1.0391206  0.0031238 
  6379.8857041  1.0394328  0.0031188 
  6386.2618876  1.0391482  0.0030871 
  6392.6494958  1.0386899  0.0030828 
  6399.0371042  1.0382899  0.0030489 
  6405.4367085  1.0387995  0.0030367 
  6411.8477377  1.0376471  0.0030264 
  6418.2587667  1.0392319  0.0030232 
  6424.6812207  1.0399549  0.0030303 
  6431.1042459  1.0411022  0.0030228 
  6437.5386959  1.0386378  0.0030261 
  6443.9731459  1.0385914  0.0030291 
  6450.4190207  1.0366305    0.00303 
  6456.8654667  1.0340909  0.0030736 
  6463.3233377  1.0303957  0.0030455 
  6469.7812085  1.0282843  0.0030295 
  6476.2505042   1.026119  0.0030562 
  6482.7317958  1.0212771   0.003071 
  6489.2130876  1.0162157  0.0031143 
  6495.7058041  1.0139956  0.0031307 
  6502.1990917  1.0126536  0.0031524 
  6508.7038043   1.007902  0.0031677 
  6515.2199417  1.0069997  0.0031757 
  6521.7246543  1.0048249  0.0031661 
  6528.2527877   1.003424   0.003147 
  6534.7803498  0.9991597  0.0031042 
  6541.3204793  0.9990239  0.0030777 
  6547.8600374  0.9961133   0.003024 
  6554.3995957  0.9912419  0.0029838 
  6560.9631459  0.9856877  0.0029561 
   6567.526125  0.9825639  0.0029317 
  6574.0891041  0.9777334  0.0029237 
  6580.6640792  0.9739769  0.0029608 
  6587.2390543  0.9691263  0.0028677 
  6593.8254542   0.964366  0.0028644 
  6600.4238501  0.9594021  0.0028458 
  6607.0216748  0.9536709  0.0028173 
  6613.6320667  0.9467411  0.0028161 
  6620.2533123  0.9437726  0.0027903 
  6626.8637043  0.9424086  0.0027738 
  6633.4969459   0.941723  0.0027667 
  6640.1301876  0.9419731  0.0027613 
  6646.7634292  0.9444861  0.0027426 
  6653.4200916  0.9433779  0.0027236 
  6660.0653293  0.9431475  0.0027335 
  6666.7334165   0.942696  0.0027277 
   6673.402075  0.9420378  0.0027124 
  6680.0707335  0.9399864  0.0027121 
  6686.7508167  0.9374013  0.0027243 
  6693.4423249  0.9369209  0.0027107 
  6700.1344043  0.9339268  0.0027053 
  6706.8379084  0.9290262  0.0026842 
  6713.5414126  0.9237548   0.002685 
  6720.2563415  0.9178603   0.002669 
  6726.9718417  0.9120597  0.0026393 
  6733.6987667   0.904723  0.0026179 
  6740.4371165  0.8971939  0.0026188 
  6747.1760376  0.8904533  0.0026073 
  6753.9263834  0.8829492  0.0025829 
  6760.6767293   0.876203  0.0025547 
  6767.4384999  0.8706199  0.0025682 
  6774.2008417  0.8655403   0.002559 
  6780.9860333  0.8582771  0.0025796 
     6787.7598   0.854284  0.0026096 
  6794.5569876  0.8505272    0.00263 
  6801.3421791  0.8461933  0.0026806 
  6808.1513627  0.8412566   0.002704 
   6814.959975  0.8341123  0.0026872 
  6821.7685873  0.8337356  0.0026927 
  6828.5891957   0.830723   0.002702 
  6835.4218002  0.8271641  0.0027075 
  6842.2538334   0.826339  0.0026738 
  6849.0978627  0.8253211  0.0026666 
  6855.9533167  0.8240694  0.0026776 
  6862.8087707   0.821363  0.0026981 
  6869.6642248  0.8188484  0.0027204 
  6876.5436709   0.813116  0.0027779 
  6883.4105498  0.8131385  0.0027912 
  6890.3014207  0.8117713  0.0027658 
  6897.1922917  0.8124569  0.0027697 
  6904.0831627  0.8112171  0.0027257 
  6910.9968833  0.8094175  0.0026832 
  6917.8997502  0.8097497  0.0026308 
  6924.8254667  0.8062818  0.0025838 
  6931.7511834  0.8025813  0.0025507 
     6938.6769  0.7967392  0.0025017 
  6945.6146127  0.7939942  0.0024608 
  6952.5637501  0.7927318  0.0024353 
  6959.5128876   0.790606   0.002428 
  6966.4734498  0.7886779   0.002411 
  6973.4465793  0.7861411  0.0023706 
  6980.4191377   0.782392  0.0023589 
  6987.3916959  0.7788912  0.0023422 
  6994.3876751  0.7752386  0.0023258 
  7001.3836543  0.7729967  0.0023106 
  7008.3796334  0.7712221  0.0023041 
  7015.3870373  0.7713184  0.0022979 
  7022.4064373  0.7699516  0.0022848 
  7029.4258373  0.7725554  0.0022876 
  7036.4572334  0.7731346  0.0022871 
  7043.5000543  0.7711423  0.0022594 
  7050.5428751  0.7709513  0.0022526 
  7057.5971207  0.7713398  0.0022574 
  7064.6519377  0.7743772  0.0022702 
  7071.7181793  0.7760859  0.0022859 
  7078.7838498   0.779928  0.0023005 
  7085.8620876  0.7833217   0.002306 
  7092.9517501  0.7877247  0.0023085 
  7100.0414127   0.788272  0.0023072 
     7107.1425  0.7884179  0.0022951 
  7114.2555834  0.7884009  0.0022604 
  7121.3686667  0.7895559  0.0022385 
   7128.493175  0.7900782  0.0022157 
  7135.6176833  0.7923164  0.0021961 
  7142.7541874  0.7943042  0.0021794 
  7149.8906917  0.7953966  0.0021716 
  7157.0506167  0.7971599  0.0021761 
  7164.2099707  0.7979468  0.0022002 
  7171.3698957  0.7959311  0.0022299 
  7178.5412457  0.7945178   0.002204 
  7185.7245916  0.7953637  0.0021927 
  7192.9079376  0.7983361  0.0021893 
  7200.1027083  0.7998561  0.0021945 
  7207.2974791  0.8003957  0.0022257 
  7214.5042458  0.8013631  0.0022432 
  7221.7224374  0.8029475  0.0022553 
  7228.9406291  0.8023892  0.0022792 
  7236.1708167  0.8012344  0.0023117 
  7243.4124292   0.800373  0.0023459 
  7250.6540416  0.7999759  0.0023732 
  7257.9076501   0.798467  0.0023787 
  7265.1606873  0.7982572  0.0023961 
  7272.4257207  0.7988241   0.002409 
    7279.70275  0.8003909  0.0023874 
  7286.9797793  0.7997313  0.0023814 
  7294.2682335  0.7992675   0.002377 
  7301.5681124  0.7985953  0.0023765 
  7308.8565666   0.798401  0.0023803 
  7316.1684416   0.797752  0.0023724 
  7323.4923127  0.7975416  0.0023592 
  7330.8156124  0.7974891  0.0023535 
  7338.1509083  0.7944217  0.0023535 
  7345.4862042  0.7954965  0.0023657 
  7352.8329248  0.7935316  0.0023232 
  7360.1802167  0.7907124  0.0023057 
  7367.5389334  0.7878849  0.0022975 
  7374.9090749  0.7862468  0.0022967 
  7382.2912124  0.7834111   0.002299 
    7389.67335  0.7807808  0.0023068 
  7397.0554876  0.7767232  0.0022905 
  7404.4610459  0.7737671  0.0022992 
  7411.8666043  0.7709277  0.0022955 
  7419.2715915  0.7693799   0.002252 
  7426.6891459  0.7662347  0.0022183 
  7434.1181252  0.7645886  0.0021976 
  7441.5585293  0.7636514    0.00218 
  7448.9989333  0.7601654  0.0021538 
  7456.4393373  0.7585858  0.0021382 
  7463.9037335  0.7598374  0.0021216 
  7471.3675584  0.7568234  0.0021094 
  7478.8433793  0.7562425  0.0021216 
  7486.3186291  0.7554656  0.0021286 
  7493.8058748  0.7530868  0.0021043 
  7501.3051166  0.7510322  0.0021138 
  7508.7923623  0.7484339  0.0021043 
  7516.3036002  0.7479827  0.0020959 
  7523.8256916  0.7485185  0.0021118 
  7531.3483543   0.748626  0.0021608 
  7538.8824417  0.7506268   0.002142 
  7546.4165292  0.7481335  0.0021208 
  7553.9740374   0.748314  0.0021366 
  7561.5201209  0.7477264   0.002164 
  7569.0776293  0.7475824  0.0022113 
  7576.6585584  0.7454692   0.002288 
  7584.2274915  0.7439569  0.0023792 
  7591.8084207  0.7411696  0.0024907 
  7599.4013458  0.7428968  0.0026093 
  7607.0056958  0.7408874  0.0026964 
  7614.6100458  0.7385203  0.0027121 
  7622.2258207  0.7373321  0.0027244 
  7629.8535915  0.7322091  0.0026681 
  7637.4813623  0.7281088  0.0026189 
  7645.1211293  0.7229472  0.0025372 
  7652.7603249  0.7221546  0.0024164 
  7660.4115166  0.7220044  0.0023163 
  7668.0747043  0.7225966  0.0023444 
  7675.7487457  0.7207865  0.0023238 
  7683.4233583  0.7194375  0.0022439 
  7691.1099667  0.7164918  0.0022157 
  7698.7960042  0.7154984  0.0022358 
  7706.4940376  0.7150981  0.0022694 
  7714.2034957   0.712992   0.002297 
    7721.92495  0.7076567  0.0023358 
  7729.6464043  0.7040456  0.0023413 
  7737.3678585  0.7007006  0.0023514 
  7745.1121623   0.699021  0.0023436 
  7752.8570374  0.6955703  0.0023215 
  7760.6133373  0.6932608  0.0022844 
  7768.3702085  0.6881105  0.0022613 
  7776.1379333  0.6849309  0.0022495 
  7783.9182252  0.6796023  0.0022436 
  7791.6979459  0.6802125   0.002226 
  7799.4890915  0.6769097   0.002194 
  7807.2928043  0.6741657  0.0021857 
  7815.0959459  0.6697323  0.0022357 
  7822.9105123   0.665923  0.0022158 
  7830.7370748  0.6636479  0.0022247 
  7838.5642085  0.6610888  0.0022513 
  7846.4021957  0.6574537  0.0022441 
  7854.2521791  0.6571006   0.002255 
  7862.1021623  0.6521934  0.0022372 
  7869.9755665  0.6475126   0.002262 
  7877.8375458  0.6446141  0.0022378 
  7885.7223748  0.6423655   0.002253 
   7893.607775  0.6393194  0.0022433 
     7901.5046  0.6380699  0.0022292 
   7909.401425  0.6345153  0.0022074 
  7917.3096748  0.6345997  0.0022015 
  7925.2299207  0.6338008  0.0021612 
  7933.1501665  0.6316791  0.0021551 
  7941.0938333  0.6316141  0.0021652 
  7949.0260751  0.6264977   0.002185 
  7956.9811666  0.6241367   0.002177 
  7964.9368293  0.6197808  0.0021746 
  7972.9033457  0.6153535  0.0021718 
  7980.8824293  0.6115252  0.0022048 
  7988.8609416  0.6073195  0.0022249 
    7996.85145  0.6036025  0.0021952 
  8004.8419584   0.599674   0.002125 
  8012.8438916  0.5940062  0.0021066 
  8020.8578208  0.5893396  0.0021021 
  8028.8831749  0.5853543  0.0021034 
  8036.9091002  0.5825335   0.002107 
  8044.9458791  0.5807663  0.0021234 
  8052.9952252  0.5791647  0.0021198 
  8061.0440001  0.5764039  0.0021526 
  8069.1161958  0.5757959  0.0021097 
  8077.1769667  0.5740768  0.0020546 
  8085.2605873  0.5735846  0.0020156 
  8093.3447792  0.5738623  0.0019799 
  8101.4289709  0.5724914  0.0019477 
  8109.5360123  0.5715215  0.0019054 
   8117.643625  0.5694414  0.0018722 
  8125.7626624  0.5660824  0.0018508 
  8133.8936959  0.5651515  0.0018681 
  8142.0241583  0.5653118  0.0018635 
  8150.1666165  0.5633343  0.0018489 
  8158.3210708  0.5635457  0.0018261 
  8166.4755252  0.5624511  0.0018223 
  8174.6414043  0.5617037  0.0018195 
  8182.8187083  0.5609819  0.0018125 
  8191.0080083  0.5595617  0.0017967 
  8199.1973083  0.5554744  0.0018037 
  8207.3866083  0.5525405   0.001811 
  8215.5993292  0.5498352  0.0018068 
  8223.8234748  0.5472239  0.0017871 
  8232.0361957  0.5455469  0.0017936 
  8240.2723373  0.5420846  0.0018053 
  8248.5204751   0.539125  0.0018315 
  8256.7566167   0.535116  0.0018697 
  8265.0161793  0.5314671  0.0019209 
  8273.2871667   0.527225  0.0019579 
  8281.5581541  0.5235927  0.0019669 
  8289.8411374  0.5236642  0.0019814 
  8298.1355457  0.5227082  0.0020046 
  8306.4305251  0.5209147  0.0020235 
  8314.7369293  0.5232565  0.0020218 
  8323.0547584   0.520705  0.0020258 
  8331.3725874  0.5202954  0.0020056 
  8339.7024126  0.5179875  0.0019883 
  8348.0436624  0.5155615  0.0019958 
  8356.3969084  0.5116467  0.0019977 
  8364.7501543  0.5122335  0.0020056 
  8373.1148251  0.5110332  0.0020209 
  8381.4909207  0.5083218  0.0020236 
  8389.8675874  0.5067027  0.0019969 
  8398.2676751  0.5062144   0.001969 
  8406.6671915  0.5020494  0.0019562 
  8415.0672792   0.498805  0.0019645 
  8423.4787916  0.4949673  0.0019982 
  8431.9137249  0.4920776  0.0019503 
  8440.3372334  0.4914806  0.0019122 
  8448.7835915  0.4913377   0.001889 
  8457.2305208  0.4879683  0.0018722 
   8465.688875  0.4853341   0.001861 
  8474.1592252  0.4834313  0.0018285 
  8482.6290042  0.4791828  0.0018107 
  8491.1107792  0.4767681  0.0017748 
  8499.6045502  0.4759237  0.0017519 
  8508.1091748  0.4741073   0.001737 
  8516.6143707  0.4736917  0.0017142 
  8525.1315626  0.4730134  0.0016856 
  8533.6601793   0.471698  0.0016855 
  8542.1887959  0.4705724  0.0016792 
  8550.7288374  0.4710169  0.0016689 
   8559.280875  0.4695296  0.0016392 
  8567.8443373  0.4645323  0.0016414 
  8576.4083709  0.4632183   0.001662 
  8584.9838293  0.4603573  0.0016738 
  8593.5707126  0.4593553  0.0016773 
  8602.1695917  0.4586728  0.0017046 
  8610.7678998  0.4576501  0.0017394 
  8619.3787751  0.4544213  0.0017856 
  8628.0010752  0.4522839  0.0018195 
  8636.6348001  0.4513541  0.0018391 
   8645.268525  0.4493449  0.0018457 
  8653.9142459  0.4478565  0.0018422 
  8662.5593957  0.4493193  0.0018137 
  8671.2285374  0.4497592  0.0017926 
  8679.8976793  0.4513059  0.0017794 
  8688.5782458  0.4524859  0.0017277 
  8697.2708085  0.4524201  0.0016789 
  8705.9627999  0.4527448   0.001641 
  8714.6667873  0.4542384  0.0016173 
  8723.3827708  0.4540709  0.0016284 
  8732.1101792  0.4524015  0.0016606 
  8740.8495835  0.4531235  0.0017214 
  8749.5884166  0.4522904  0.0017663 
  8758.3392457  0.4522201  0.0017788 
  8767.0900749   0.449229  0.0017798 
  8775.8643249  0.4485193  0.0017881 
  8784.6385749  0.4467399   0.001816 
  8793.4248209  0.4444556  0.0018186 
  8802.2224917  0.4429186  0.0018575 
  8811.0201627  0.4408593   0.001828 
  8819.8292583  0.4390485   0.001835 
    8828.65035  0.4374662  0.0018165 
  8837.4828665  0.4382635  0.0018464 
  8846.3159543  0.4390408  0.0018771 
  8855.1604667  0.4395625  0.0018742 
  8864.0164042  0.4371766  0.0018651 
  8872.8843376  0.4383688  0.0018528 
  8881.7522709   0.439707  0.0018156 
  8890.6436252  0.4394513  0.0018154 
  8899.5344083  0.4395103  0.0018052 
  8908.4377585  0.4401797  0.0018149 
  8917.3405376  0.4406571  0.0018669 
  8926.2553127  0.4400263   0.001839 
  8935.1815126  0.4395266  0.0018279 
  8944.1197085  0.4400973  0.0018326 
  8953.0693293  0.4405583  0.0018594 
    8962.01895  0.4391337  0.0018484 
  8970.9805667  0.4368224  0.0018456 
  8979.9536084  0.4353222  0.0018016 
    8988.92665  0.4334213   0.001782 
  8997.9231124  0.4321428  0.0017374 
  9006.9195749  0.4322132  0.0017159 
  9015.9280334  0.4289286  0.0016643 
  9024.9479167  0.4277116  0.0016168 
     9033.9678  0.4252429  0.0015913 
  9043.0111042  0.4235788  0.0015813 
  9052.0429835  0.4214029  0.0015562 
  9061.0977124  0.4205811  0.0015619 
  9070.1644374   0.419279  0.0015446 
  9079.2311624  0.4171855  0.0015301 
  9088.3098835  0.4154029  0.0015263 
  9097.4000293  0.4140261  0.0014939 
     9106.5016  0.4127674  0.0014851 
  9115.6031707  0.4108728  0.0014798 
  9124.7167373  0.4092321  0.0014814 
  9133.8423001  0.4066248  0.0014736 
  9142.9792877  0.4037126  0.0014618 
  9152.1162752  0.4016109  0.0014524 
  9161.2761123  0.4004948  0.0014471 
  9170.4365207  0.3984391  0.0014424 
  9179.6089252  0.3965384   0.001442 
  9188.7921833  0.3934493  0.0014475 
  9197.9760124  0.3920797  0.0014439 
  9207.1712665  0.3884064  0.0014437 
  9216.3905127  0.3863244  0.0014548 
  9225.5971915  0.3853195   0.001474 
  9234.8278624  0.3834888  0.0014847 
  9244.0585334  0.3821955  0.0014934 
  9253.3126252  0.3806894  0.0015403 
  9262.5661457  0.3796492  0.0016147 
  9271.8202376  0.3807368  0.0016947 
  9281.0977502  0.3807008   0.001805 
  9290.3746916  0.3806571    0.00193 
  9299.6636291  0.3827362  0.0020231 
  9308.9645626  0.3844955  0.0021415 
  9318.2769208  0.3851028  0.0022321 
  9327.5892792  0.3872724  0.0023115 
  9336.9250583  0.3898654  0.0023419 
  9346.2608374  0.3892006   0.002339 
  9355.6086127  0.3911333   0.002332 
  9364.9678127  0.3898642  0.0022546 
  9374.3270127  0.3891226  0.0021824 
  9383.7096335  0.3878615  0.0021927 
  9393.0922543  0.3869331  0.0021742 
  9402.4748752  0.3857172  0.0021652 
  9411.8803457  0.3853953  0.0021832 
  9421.2983834   0.385398  0.0021631 
  9430.7158499  0.3850022  0.0022172 
  9440.1573085  0.3846909  0.0022008 
  9449.5861998   0.384803  0.0022248 
  9459.0390833  0.3861908  0.0022925 
  9468.5039627  0.3867646  0.0023502 
  9477.9682708  0.3881598  0.0022835 
  9487.4445751  0.3878415   0.002227 
  9496.9323042  0.3860629  0.0021947 
  9506.4320293  0.3843938  0.0021404 
  9515.9431792  0.3845103  0.0021315 
  9525.4543291   0.382884  0.0021427 
   9534.977475  0.3828076  0.0021582 
  9544.5240417  0.3800096  0.0020989 
  9554.0586126  0.3766378  0.0021193 
  9563.6166042  0.3744907  0.0021137 
  9573.1865917  0.3715934  0.0021491 
  9582.7560083  0.3694413  0.0020932 
  9592.3379919  0.3683469  0.0020468 
  9601.9314004  0.3661664  0.0020211 
  9611.5362337   0.364767  0.0019769 
  9621.1524917  0.3637849  0.0019415 
  9630.7687499  0.3604565  0.0019082 
  9640.3975753  0.3579851  0.0018773 
   9650.036683  0.3567777  0.0018549 
   9659.688358   0.354428  0.0018593 
  9669.3526003   0.351825  0.0018717 
  9679.0157001  0.3512291  0.0019299 
   9688.702792  0.3490224  0.0019208 
  9698.3887414  0.3468389  0.0019101 
  9708.0872581  0.3441618  0.0018918 
  9717.7971996  0.3412858   0.001886 
  9727.5197084  0.3396046  0.0019215 
  9737.2410747  0.3377111  0.0019199 
  9746.9750083  0.3360205  0.0018972 
  9756.7317915  0.3327019  0.0018787 
  9766.4771499  0.3308156  0.0018709 
  9776.2465004  0.3285877  0.0018634 
  9786.0261333    0.32663  0.0018797 
  9795.8183333  0.3240018  0.0018773 
  9805.6105334  0.3229176  0.0018773 
  9815.4141583  0.3207475  0.0019059 
   9825.229208  0.3193533   0.001918 
   9835.056825   0.317251  0.0019355 
  9844.8958667  0.3153525  0.0019362 
  9854.7349086  0.3117758  0.0019753 
     9864.5968  0.3089193   0.002009 
  9874.4586914  0.3054851   0.002064 
  9884.3331501  0.3035781  0.0021014 
  9894.2190336  0.3023046  0.0021031 
  9904.1163419  0.2996061  0.0021424 
   9914.025075  0.2984635  0.0021932 
  9923.9338081  0.2967182    0.00226 
  9933.8551085  0.2951687  0.0023497 
  9943.7878337  0.2926148  0.0024252 
  9953.7319837  0.2899846  0.0024288 
  9963.6875585  0.2882566  0.0024478 
  9973.6545581  0.2860921  0.0024764 
   9983.634125  0.2853542  0.0024996 
  9993.6136919  0.2822539  0.0025435 
 10003.6046836  0.2817016  0.0025859 
 10013.6071001  0.2797582  0.0026224 
 10023.6209414  0.2783563  0.0026484 
   10033.64735  0.2756418  0.0027037 
 10043.6851834  0.2732266  0.0027327 
 10053.7230167  0.2716181  0.0027649 
 10063.7836998  0.2697246  0.0028297 
 10073.8455253  0.2674378  0.0028818 
 10083.9176331  0.2666034  0.0029789 
 10094.0023083  0.2629876  0.0030423 
 10104.0984081   0.262311  0.0030931 
 10114.2070753  0.2605436  0.0032421 
    10124.3146  0.2572665  0.0034418 
 10134.4461167  0.2551745  0.0035448 
 10144.5776336  0.2519063  0.0036877 
 10154.7205752  0.2484364  0.0038503 
 10164.8749416  0.2463065  0.0040847 
 10175.0418753  0.2442831  0.0043968 
 10185.2190913  0.2427478  0.0048144 
 10195.3974498  0.2407853  0.0053863 
 10205.5998004  0.2380037  0.0060949 
 10215.8124333  0.2342562   0.006773 
 10226.0136414  0.2302067  0.0076707 
 10236.2502664  0.2264499  0.0088598 
 10246.4868914  0.2202906  0.0104958 
 10256.7360837  0.2152755  0.0127529 
