# STATUS =
# OBJECT = 2016eay
# TELESCOPE = MMT
# INSTRUMENT = MMT-Blue
# DATE-OBS = 2016-07-10 00:00:00.00
# MJD = 57579.0
# EXPTIME = 1200.0
# AIRMASS = --
# SLIT = 0.0
# DISPERSER = --
# SOURCE = 2017ApJ...835L...8N
# FILTER =
# RESOLUTION =
# FLUX_STANDARD =
# EXTINCTION_CORRECTED = --
# PHOTOMETRY_CALIBRATED =
# TELLURIC_CORRECTED =
# FLUX_UNITS = Other
# WAVE_UNITS = Angstrom
# QUALITY = --
# MIN_WAVE = 3600.0
# MAX_WAVE = 8000.0000240803
# COMMENT = [Data obtained from:Nicholl, M.] [Prev. spec info - createdby: ilanm-UploadSet; modifiedby: ilanm-UploadSet]
       Wavelength          Flux 
  3601.9486271143  1.265794e-16 
 3603.89725422859  1.249456e-16 
 3605.84588134289  1.212705e-16 
 3607.79450845719    1.1824e-16 
 3609.74313557148  1.161367e-16 
 3611.69176268578  1.213432e-16 
 3613.64038980007   1.24056e-16 
 3615.58901691437  1.215545e-16 
 3617.53764402867  1.246592e-16 
 3619.48627114296  1.244656e-16 
 3621.43489825726  1.193325e-16 
 3623.38352537155  1.213884e-16 
 3625.33215248585  1.259391e-16 
 3627.28077960015  1.268192e-16 
 3629.22940671444  1.235974e-16 
 3631.17803382874  1.261057e-16 
 3633.12666094303  1.300822e-16 
 3635.07528805733  1.222029e-16 
 3637.02391517163  1.180415e-16 
 3638.97254228592  1.183317e-16 
 3640.92116940022  1.199072e-16 
 3642.86979651451  1.219495e-16 
 3644.81842362881  1.225174e-16 
 3646.76705074311  1.188834e-16 
  3648.7156778574  1.174826e-16 
  3650.6643049717  1.219539e-16 
 3652.61293208599  1.209583e-16 
 3654.56155920029  1.185768e-16 
 3656.51018631459  1.217119e-16 
 3658.45881342888  1.206304e-16 
 3660.40744054318  1.177583e-16 
 3662.35606765747  1.239986e-16 
 3664.30469477177  1.271879e-16 
 3666.25332188607  1.214524e-16 
 3668.20194900036  1.187049e-16 
 3670.15057611466  1.217873e-16 
 3672.09920322895  1.259155e-16 
 3674.04783034325  1.261857e-16 
 3675.99645745754  1.221861e-16 
 3677.94508457184  1.242609e-16 
 3679.89371168614  1.268448e-16 
 3681.84233880043   1.23735e-16 
 3683.79096591473  1.202034e-16 
 3685.73959302903  1.219944e-16 
 3687.68822014332  1.215285e-16 
 3689.63684725762  1.219299e-16 
 3691.58547437191  1.235253e-16 
 3693.53410148621  1.267702e-16 
  3695.4827286005  1.305657e-16 
  3697.4313557148  1.242919e-16 
  3699.3799828291  1.251566e-16 
 3701.32860994339   1.26275e-16 
 3703.27723705769  1.251713e-16 
 3705.22586417198  1.258459e-16 
 3707.17449128628  1.245262e-16 
 3709.12311840058  1.275917e-16 
 3711.07174551487  1.291478e-16 
 3713.02037262917  1.267485e-16 
 3714.96899974346   1.26361e-16 
 3716.91762685776  1.251194e-16 
 3718.86625397206  1.265359e-16 
 3720.81488108635  1.272573e-16 
 3722.76350820065  1.277757e-16 
 3724.71213531494  1.251039e-16 
 3726.66076242924  1.256493e-16 
 3728.60938954354  1.321815e-16 
 3730.55801665783   1.34586e-16 
 3732.50664377213  1.332969e-16 
 3734.45527088642  1.296571e-16 
 3736.40389800072  1.318652e-16 
 3738.35252511502  1.325627e-16 
 3740.30115222931  1.294038e-16 
 3742.24977934361  1.295346e-16 
  3744.1984064579  1.266189e-16 
  3746.1470335722  1.250355e-16 
  3748.0956606865  1.283772e-16 
 3750.04428780079  1.303111e-16 
 3751.99291491509  1.307083e-16 
 3753.94154202938  1.302511e-16 
 3755.89016914368  1.318443e-16 
 3757.83879625798  1.334473e-16 
 3759.78742337227  1.415671e-16 
 3761.73605048657   1.41383e-16 
 3763.68467760086  1.353317e-16 
 3765.63330471516  1.351736e-16 
 3767.58193182946  1.359826e-16 
 3769.53055894375  1.325878e-16 
 3771.47918605805  1.321808e-16 
 3773.42781317234   1.37197e-16 
 3775.37644028664  1.412948e-16 
 3777.32506740094  1.439395e-16 
 3779.27369451523  1.455002e-16 
 3781.22232162953  1.396716e-16 
 3783.17094874382  1.411093e-16 
 3785.11957585812  1.474676e-16 
 3787.06820297241  1.421436e-16 
 3789.01683008671  1.439382e-16 
 3790.96545720101  1.449437e-16 
  3792.9140843153  1.426345e-16 
  3794.8627114296  1.466241e-16 
 3796.81133854389  1.496485e-16 
 3798.75996565819  1.500718e-16 
 3800.70859277249  1.508498e-16 
 3802.65721988678   1.58384e-16 
 3804.60584700108  1.559428e-16 
 3806.55447411537  1.471927e-16 
 3808.50310122967  1.462998e-16 
 3810.45172834397   1.47064e-16 
 3812.40035545826  1.502025e-16 
 3814.34898257256  1.596268e-16 
 3816.29760968686  1.624969e-16 
 3818.24623680115  1.609247e-16 
 3820.19486391545  1.619531e-16 
 3822.14349102974  1.661006e-16 
 3824.09211814404   1.66133e-16 
 3826.04074525833  1.629213e-16 
 3827.98937237263  1.680986e-16 
 3829.93799948693  1.695161e-16 
 3831.88662660122  1.650839e-16 
 3833.83525371552  1.683658e-16 
 3835.78388082981  1.702571e-16 
 3837.73250794411  1.679232e-16 
 3839.68113505841   1.65377e-16 
  3841.6297621727  1.687977e-16 
   3843.578389287  1.734769e-16 
 3845.52701640129  1.755245e-16 
 3847.47564351559  1.732225e-16 
 3849.42427062989  1.717843e-16 
 3851.37289774418  1.747989e-16 
 3853.32152485848    1.7677e-16 
 3855.27015197277   1.76017e-16 
 3857.21877908707  1.773888e-16 
 3859.16740620137  1.764492e-16 
 3861.11603331566  1.739687e-16 
 3863.06466042996  1.742683e-16 
 3865.01328754425  1.736077e-16 
 3866.96191465855  1.704622e-16 
 3868.91054177285  1.720249e-16 
 3870.85916888714  1.753181e-16 
 3872.80779600144  1.784806e-16 
 3874.75642311573  1.743169e-16 
 3876.70505023003  1.680334e-16 
 3878.65367734433  1.686545e-16 
 3880.60230445862  1.705138e-16 
 3882.55093157292  1.667088e-16 
 3884.49955868721  1.581344e-16 
 3886.44818580151   1.56627e-16 
 3888.39681291581  1.663437e-16 
  3890.3454400301  1.641911e-16 
  3892.2940671444  1.669057e-16 
 3894.24269425869  1.704722e-16 
 3896.19132137299   1.68417e-16 
 3898.13994848729    1.6731e-16 
 3900.08857560158  1.662908e-16 
 3902.03720271588   1.58394e-16 
 3903.98582983017  1.626636e-16 
 3905.93445694447  1.638667e-16 
 3907.88308405876  1.665868e-16 
 3909.83171117306  1.675482e-16 
 3911.78033828736  1.612064e-16 
 3913.72896540165  1.661001e-16 
 3915.67759251595  1.666299e-16 
 3917.62621963024  1.652029e-16 
 3919.57484674454  1.635845e-16 
 3921.52347385884  1.635669e-16 
 3923.47210097313  1.641122e-16 
 3925.42072808743  1.629472e-16 
 3927.36935520172  1.611008e-16 
 3929.31798231602  1.622741e-16 
 3931.26660943032  1.628048e-16 
 3933.21523654461   1.58853e-16 
 3935.16386365891  1.511628e-16 
  3937.1124907732  1.528011e-16 
  3939.0611178875  1.539432e-16 
  3941.0097450018  1.533959e-16 
 3942.95837211609  1.599333e-16 
 3944.90699923039  1.620593e-16 
 3946.85562634468  1.635625e-16 
 3948.80425345898   1.63148e-16 
 3950.75288057328  1.576891e-16 
 3952.70150768757  1.592437e-16 
 3954.65013480187  1.635007e-16 
 3956.59876191616  1.664672e-16 
 3958.54738903046  1.681357e-16 
 3960.49601614476   1.64576e-16 
 3962.44464325905  1.625502e-16 
 3964.39327037335  1.628735e-16 
 3966.34189748764  1.669434e-16 
 3968.29052460194   1.68539e-16 
 3970.23915171624  1.641087e-16 
 3972.18777883053  1.697438e-16 
 3974.13640594483  1.716817e-16 
 3976.08503305912  1.687126e-16 
 3978.03366017342  1.704593e-16 
 3979.98228728772  1.721766e-16 
 3981.93091440201  1.732841e-16 
 3983.87954151631  1.742778e-16 
  3985.8281686306  1.728077e-16 
  3987.7767957449  1.770918e-16 
  3989.7254228592  1.791076e-16 
 3991.67404997349  1.788499e-16 
 3993.62267708779  1.832562e-16 
 3995.57130420208  1.824299e-16 
 3997.51993131638  1.792389e-16 
 3999.46855843068  1.788288e-16 
 4001.41718554497   1.80613e-16 
 4003.36581265927  1.802601e-16 
 4005.31443977356  1.779989e-16 
 4007.26306688786  1.808587e-16 
 4009.21169400216   1.84893e-16 
 4011.16032111645   1.83689e-16 
 4013.10894823075  1.776987e-16 
 4015.05757534504   1.75734e-16 
 4017.00620245934  1.799511e-16 
 4018.95482957363    1.8149e-16 
 4020.90345668793  1.795508e-16 
 4022.85208380223  1.769712e-16 
 4024.80071091652  1.772993e-16 
 4026.74933803082  1.774517e-16 
 4028.69796514511  1.690457e-16 
 4030.64659225941  1.686623e-16 
 4032.59521937371  1.684265e-16 
   4034.543846488  1.700868e-16 
  4036.4924736023   1.68376e-16 
  4038.4411007166  1.667994e-16 
 4040.38972783089  1.668883e-16 
 4042.33835494519  1.673591e-16 
 4044.28698205948  1.686188e-16 
 4046.23560917378  1.681725e-16 
 4048.18423628807  1.619237e-16 
 4050.13286340237  1.586629e-16 
 4052.08149051667  1.597387e-16 
 4054.03011763096  1.636335e-16 
 4055.97874474526  1.637575e-16 
 4057.92737185955  1.645754e-16 
 4059.87599897385  1.642804e-16 
 4061.82462608815  1.577567e-16 
 4063.77325320244   1.58986e-16 
 4065.72188031674  1.617562e-16 
 4067.67050743103  1.592592e-16 
 4069.61913454533  1.565716e-16 
 4071.56776165963  1.564684e-16 
 4073.51638877392   1.54144e-16 
 4075.46501588822  1.571885e-16 
 4077.41364300251  1.563228e-16 
 4079.36227011681  1.560163e-16 
 4081.31089723111  1.559471e-16 
  4083.2595243454  1.617858e-16 
  4085.2081514597  1.596521e-16 
 4087.15677857399  1.539414e-16 
 4089.10540568829  1.508141e-16 
 4091.05403280259  1.521172e-16 
 4093.00265991688  1.560714e-16 
 4094.95128703118  1.566174e-16 
 4096.89991414547   1.52581e-16 
 4098.84854125977  1.532805e-16 
 4100.79716837407  1.563499e-16 
 4102.74579548836  1.542647e-16 
 4104.69442260266  1.526218e-16 
 4106.64304971695  1.591947e-16 
 4108.59167683125  1.667078e-16 
 4110.54030394555  1.680925e-16 
 4112.48893105984  1.611174e-16 
 4114.43755817414  1.541012e-16 
 4116.38618528843  1.513965e-16 
 4118.33481240273  1.497182e-16 
 4120.28343951703  1.419253e-16 
 4122.23206663132  1.381814e-16 
 4124.18069374562  1.415131e-16 
 4126.12932085991  1.385873e-16 
 4128.07794797421  1.381341e-16 
  4130.0265750885   1.41945e-16 
  4131.9752022028  1.447906e-16 
  4133.9238293171  1.407337e-16 
 4135.87245643139   1.38827e-16 
 4137.82108354569  1.424109e-16 
 4139.76971065998  1.432164e-16 
 4141.71833777428  1.422401e-16 
 4143.66696488858  1.455344e-16 
 4145.61559200287  1.427889e-16 
 4147.56421911717  1.429688e-16 
 4149.51284623146  1.444754e-16 
 4151.46147334576  1.427571e-16 
 4153.41010046006  1.483738e-16 
 4155.35872757435  1.515235e-16 
 4157.30735468865  1.439849e-16 
 4159.25598180294  1.447564e-16 
 4161.20460891724  1.486929e-16 
 4163.15323603154  1.483036e-16 
 4165.10186314583  1.473125e-16 
 4167.05049026013  1.523664e-16 
 4168.99911737442   1.54749e-16 
 4170.94774448872  1.507783e-16 
 4172.89637160302   1.51517e-16 
 4174.84499871731  1.519575e-16 
 4176.79362583161  1.514406e-16 
  4178.7422529459  1.514696e-16 
  4180.6908800602  1.550503e-16 
  4182.6395071745  1.562029e-16 
 4184.58813428879   1.54029e-16 
 4186.53676140309  1.558333e-16 
 4188.48538851738  1.574598e-16 
 4190.43401563168  1.584644e-16 
 4192.38264274598  1.608373e-16 
 4194.33126986027  1.614624e-16 
 4196.27989697457  1.637751e-16 
 4198.22852408886  1.669986e-16 
 4200.17715120316  1.649446e-16 
 4202.12577831746  1.636937e-16 
 4204.07440543175  1.631703e-16 
 4206.02303254605  1.666798e-16 
 4207.97165966034  1.717299e-16 
 4209.92028677464  1.718252e-16 
 4211.86891388894  1.706437e-16 
 4213.81754100323   1.71787e-16 
 4215.76616811753   1.73683e-16 
 4217.71479523182  1.719838e-16 
 4219.66342234612  1.731617e-16 
 4221.61204946042  1.727831e-16 
 4223.56067657471   1.71168e-16 
 4225.50930368901  1.762538e-16 
  4227.4579308033  1.743253e-16 
  4229.4065579176  1.736132e-16 
 4231.35518503189  1.788836e-16 
 4233.30381214619  1.738475e-16 
 4235.25243926049  1.705294e-16 
 4237.20106637478  1.758717e-16 
 4239.14969348908  1.746286e-16 
 4241.09832060337  1.749187e-16 
 4243.04694771767  1.741181e-16 
 4244.99557483197  1.736368e-16 
 4246.94420194626  1.734233e-16 
 4248.89282906056  1.757511e-16 
 4250.84145617485  1.792734e-16 
 4252.79008328915  1.814212e-16 
 4254.73871040345  1.794023e-16 
 4256.68733751774  1.787217e-16 
 4258.63596463204  1.790776e-16 
 4260.58459174633  1.815274e-16 
 4262.53321886063  1.843541e-16 
 4264.48184597493  1.814059e-16 
 4266.43047308922  1.812607e-16 
 4268.37910020352  1.758635e-16 
 4270.32772731781   1.71761e-16 
 4272.27635443211  1.731651e-16 
  4274.2249815464  1.737107e-16 
  4276.1736086607  1.765561e-16 
   4278.122235775  1.725908e-16 
 4280.07086288929   1.72263e-16 
 4282.01949000359  1.767609e-16 
 4283.96811711789  1.812871e-16 
 4285.91674423218  1.794869e-16 
 4287.86537134648  1.832187e-16 
 4289.81399846077  1.804367e-16 
 4291.76262557507  1.770419e-16 
 4293.71125268936   1.74812e-16 
 4295.65987980366  1.775318e-16 
 4297.60850691796  1.835705e-16 
 4299.55713403225  1.825798e-16 
 4301.50576114655  1.846816e-16 
 4303.45438826084  1.828045e-16 
 4305.40301537514  1.753935e-16 
 4307.35164248944  1.650244e-16 
 4309.30026960373  1.703158e-16 
 4311.24889671803  1.841161e-16 
 4313.19752383233  1.872638e-16 
 4315.14615094662  1.855463e-16 
 4317.09477806092  1.877613e-16 
 4319.04340517521  1.906641e-16 
 4320.99203228951  1.859312e-16 
  4322.9406594038  1.841772e-16 
  4324.8892865181  1.865426e-16 
  4326.8379136324  1.856129e-16 
 4328.78654074669  1.863084e-16 
 4330.73516786099    1.8217e-16 
 4332.68379497528  1.823169e-16 
 4334.63242208958  1.859503e-16 
 4336.58104920388  1.797575e-16 
 4338.52967631817  1.767895e-16 
 4340.47830343247  1.793815e-16 
 4342.42693054676  1.785658e-16 
 4344.37555766106  1.768197e-16 
 4346.32418477536  1.751399e-16 
 4348.27281188965  1.754318e-16 
 4350.22143900395  1.752671e-16 
 4352.17006611824  1.749005e-16 
 4354.11869323254     1.737e-16 
 4356.06732034684  1.725551e-16 
 4358.01594746113  1.710347e-16 
 4359.96457457543  1.691042e-16 
 4361.91320168972  1.676845e-16 
 4363.86182880402  1.675264e-16 
 4365.81045591832   1.66235e-16 
 4367.75908303261  1.628954e-16 
 4369.70771014691  1.612002e-16 
  4371.6563372612    1.6226e-16 
  4373.6049643755  1.626628e-16 
  4375.5535914898  1.621969e-16 
 4377.50221860409  1.592881e-16 
 4379.45084571839   1.56112e-16 
 4381.39947283268  1.565711e-16 
 4383.34809994698  1.579203e-16 
 4385.29672706127   1.56964e-16 
 4387.24535417557  1.558729e-16 
 4389.19398128987    1.5626e-16 
 4391.14260840416   1.53629e-16 
 4393.09123551846  1.528692e-16 
 4395.03986263276  1.534723e-16 
 4396.98848974705  1.512104e-16 
 4398.93711686135  1.512089e-16 
 4400.88574397564  1.491504e-16 
 4402.83437108994  1.426152e-16 
 4404.78299820424  1.408028e-16 
 4406.73162531853  1.402057e-16 
 4408.68025243283  1.407356e-16 
 4410.62887954712  1.426757e-16 
 4412.57750666142  1.438456e-16 
 4414.52613377571  1.435311e-16 
 4416.47476089001  1.468867e-16 
 4418.42338800431  1.500609e-16 
  4420.3720151186  1.516357e-16 
  4422.3206422329  1.520848e-16 
 4424.26926934719  1.556883e-16 
 4426.21789646149  1.584924e-16 
 4428.16652357579  1.584136e-16 
 4430.11515069008  1.585784e-16 
 4432.06377780438  1.590024e-16 
 4434.01240491867  1.518602e-16 
 4435.96103203297  1.521096e-16 
 4437.90965914727  1.551794e-16 
 4439.85828626156   1.54337e-16 
 4441.80691337586  1.532134e-16 
 4443.75554049015  1.549813e-16 
 4445.70416760445  1.528523e-16 
 4447.65279471875  1.534634e-16 
 4449.60142183304  1.520533e-16 
 4451.55004894734  1.575562e-16 
 4453.49867606163  1.568053e-16 
 4455.44730317593  1.527883e-16 
 4457.39593029023  1.580656e-16 
 4459.34455740452  1.600406e-16 
 4461.29318451882  1.603015e-16 
 4463.24181163311  1.560764e-16 
 4465.19043874741  1.538505e-16 
 4467.13906586171   1.55963e-16 
   4469.087692976  1.496989e-16 
  4471.0363200903  1.524736e-16 
 4472.98494720459  1.585321e-16 
 4474.93357431889   1.55944e-16 
 4476.88220143319  1.536457e-16 
 4478.83082854748  1.551168e-16 
 4480.77945566178  1.586607e-16 
 4482.72808277607  1.598737e-16 
 4484.67670989037  1.597315e-16 
 4486.62533700467  1.519192e-16 
 4488.57396411896   1.49381e-16 
 4490.52259123326  1.532396e-16 
 4492.47121834755  1.593509e-16 
 4494.41984546185  1.601032e-16 
 4496.36847257615  1.589463e-16 
 4498.31709969044  1.581537e-16 
 4500.26572680474  1.572401e-16 
 4502.21435391903  1.557067e-16 
 4504.16298103333  1.527251e-16 
 4506.11160814763  1.536853e-16 
 4508.06023526192  1.539618e-16 
 4510.00886237622  1.505577e-16 
 4511.95748949051  1.519437e-16 
 4513.90611660481  1.550614e-16 
 4515.85474371911  1.539995e-16 
  4517.8033708334  1.535956e-16 
  4519.7519979477  1.571338e-16 
 4521.70062506199   1.54563e-16 
 4523.64925217629   1.50338e-16 
 4525.59787929058   1.47463e-16 
 4527.54650640488  1.499619e-16 
 4529.49513351918  1.514294e-16 
 4531.44376063347  1.515383e-16 
 4533.39238774777  1.515426e-16 
 4535.34101486207  1.509988e-16 
 4537.28964197636  1.536007e-16 
 4539.23826909066  1.508711e-16 
 4541.18689620495  1.521304e-16 
 4543.13552331925  1.456024e-16 
 4545.08415043355  1.392755e-16 
 4547.03277754784  1.419163e-16 
 4548.98140466214   1.47112e-16 
 4550.93003177643  1.537465e-16 
 4552.87865889073  1.521569e-16 
 4554.82728600502  1.529157e-16 
 4556.77591311932  1.535975e-16 
 4558.72454023362  1.524302e-16 
 4560.67316734791  1.529732e-16 
 4562.62179446221  1.542948e-16 
  4564.5704215765   1.52693e-16 
  4566.5190486908  1.529718e-16 
  4568.4676758051  1.534264e-16 
 4570.41630291939  1.520669e-16 
 4572.36493003369  1.507095e-16 
 4574.31355714798  1.507382e-16 
 4576.26218426228  1.509072e-16 
 4578.21081137658  1.489752e-16 
 4580.15943849087  1.460317e-16 
 4582.10806560517  1.447696e-16 
 4584.05669271946  1.449763e-16 
 4586.00531983376  1.440458e-16 
 4587.95394694806  1.429208e-16 
 4589.90257406235  1.442096e-16 
 4591.85120117665  1.452495e-16 
 4593.79982829094  1.416315e-16 
 4595.74845540524  1.365311e-16 
 4597.69708251954  1.381818e-16 
 4599.64570963383  1.404471e-16 
 4601.59433674813  1.352535e-16 
 4603.54296386242  1.297329e-16 
 4605.49159097672  1.327848e-16 
 4607.44021809102  1.367623e-16 
 4609.38884520531  1.377941e-16 
 4611.33747231961  1.341583e-16 
  4613.2860994339  1.322777e-16 
  4615.2347265482  1.343969e-16 
  4617.1833536625  1.345171e-16 
 4619.13198077679  1.346127e-16 
 4621.08060789109  1.320364e-16 
 4623.02923500538  1.297971e-16 
 4624.97786211968  1.291875e-16 
 4626.92648923398  1.267746e-16 
 4628.87511634827   1.24622e-16 
 4630.82374346257   1.24871e-16 
 4632.77237057686  1.251236e-16 
 4634.72099769116  1.269568e-16 
 4636.66962480546  1.329274e-16 
 4638.61825191975  1.352216e-16 
 4640.56687903405  1.341147e-16 
 4642.51550614834  1.336708e-16 
 4644.46413326264  1.354702e-16 
 4646.41276037693  1.362959e-16 
 4648.36138749123  1.358383e-16 
 4650.31001460553  1.348402e-16 
 4652.25864171982  1.339311e-16 
 4654.20726883412  1.319176e-16 
 4656.15589594841  1.295366e-16 
 4658.10452306271  1.287293e-16 
 4660.05315017701   1.31806e-16 
  4662.0017772913  1.308321e-16 
  4663.9504044056  1.327621e-16 
 4665.89903151989  1.328851e-16 
 4667.84765863419  1.324736e-16 
 4669.79628574849  1.315436e-16 
 4671.74491286278  1.294786e-16 
 4673.69353997708  1.277668e-16 
 4675.64216709137  1.310725e-16 
 4677.59079420567  1.324982e-16 
 4679.53942131997  1.317984e-16 
 4681.48804843426  1.304837e-16 
 4683.43667554856  1.272026e-16 
 4685.38530266285  1.250413e-16 
 4687.33392977715  1.260528e-16 
 4689.28255689145  1.257597e-16 
 4691.23118400574  1.220658e-16 
 4693.17981112004  1.205869e-16 
 4695.12843823433  1.246254e-16 
 4697.07706534863  1.259743e-16 
 4699.02569246293  1.251368e-16 
 4700.97431957722  1.228982e-16 
 4702.92294669152  1.201044e-16 
 4704.87157380581  1.224771e-16 
 4706.82020092011   1.21018e-16 
  4708.7688280344  1.212698e-16 
  4710.7174551487  1.201871e-16 
   4712.666082263  1.170716e-16 
 4714.61470937729  1.175535e-16 
 4716.56333649159  1.214029e-16 
 4718.51196360589  1.190324e-16 
 4720.46059072018   1.17239e-16 
 4722.40921783448  1.159051e-16 
 4724.35784494877  1.152184e-16 
 4726.30647206307  1.134666e-16 
 4728.25509917736  1.151934e-16 
 4730.20372629166  1.137018e-16 
 4732.15235340596  1.144174e-16 
 4734.10098052025  1.144715e-16 
 4736.04960763455  1.134129e-16 
 4737.99823474885  1.124419e-16 
 4739.94686186314  1.137965e-16 
 4741.89548897744  1.143504e-16 
 4743.84411609173  1.150825e-16 
 4745.79274320603  1.127362e-16 
 4747.74137032033  1.124496e-16 
 4749.68999743462  1.152305e-16 
 4751.63862454892  1.147036e-16 
 4753.58725166321  1.121586e-16 
 4755.53587877751  1.139255e-16 
 4757.48450589181  1.162693e-16 
  4759.4331330061  1.161501e-16 
  4761.3817601204  1.157926e-16 
 4763.33038723469   1.13894e-16 
 4765.27901434899  1.135793e-16 
 4767.22764146328  1.132252e-16 
 4769.17626857758  1.150881e-16 
 4771.12489569188  1.134599e-16 
 4773.07352280617  1.126082e-16 
 4775.02214992047  1.157958e-16 
 4776.97077703476  1.213883e-16 
 4778.91940414906  1.198371e-16 
 4780.86803126336  1.214642e-16 
 4782.81665837765    1.2689e-16 
 4784.76528549195  1.266394e-16 
 4786.71391260624  1.236206e-16 
 4788.66253972054  1.204285e-16 
 4790.61116683484   1.20982e-16 
 4792.55979394913   1.23513e-16 
 4794.50842106343   1.22333e-16 
 4796.45704817772  1.260134e-16 
 4798.40567529202   1.24676e-16 
 4800.35430240632  1.219058e-16 
 4802.30292952061  1.215614e-16 
 4804.25155663491  1.192922e-16 
  4806.2001837492   1.21979e-16 
  4808.1488108635  1.217612e-16 
 4810.09743797779   1.22223e-16 
 4812.04606509209  1.252142e-16 
 4813.99469220639  1.266127e-16 
 4815.94331932068  1.300588e-16 
 4817.89194643498  1.306894e-16 
 4819.84057354928    1.3098e-16 
 4821.78920066357  1.319974e-16 
 4823.73782777787  1.335064e-16 
 4825.68645489216  1.346675e-16 
 4827.63508200646  1.380013e-16 
 4829.58370912076  1.372593e-16 
 4831.53233623505  1.372584e-16 
 4833.48096334935  1.380734e-16 
 4835.42959046364  1.356293e-16 
 4837.37821757794  1.378427e-16 
 4839.32684469223  1.388783e-16 
 4841.27547180653  1.395836e-16 
 4843.22409892083  1.433181e-16 
 4845.17272603512  1.441517e-16 
 4847.12135314942  1.464024e-16 
 4849.06998026372  1.469376e-16 
 4851.01860737801  1.471675e-16 
 4852.96723449231  1.485242e-16 
  4854.9158616066  1.450153e-16 
  4856.8644887209  1.442534e-16 
 4858.81311583519  1.499534e-16 
 4860.76174294949   1.53366e-16 
 4862.71037006379  1.561599e-16 
 4864.65899717808  1.554814e-16 
 4866.60762429238  1.516209e-16 
 4868.55625140668  1.523457e-16 
 4870.50487852097  1.544518e-16 
 4872.45350563527  1.543001e-16 
 4874.40213274956  1.535982e-16 
 4876.35075986386  1.545721e-16 
 4878.29938697815  1.521261e-16 
 4880.24801409245  1.517664e-16 
 4882.19664120675  1.576542e-16 
 4884.14526832104  1.568039e-16 
 4886.09389543534  1.527537e-16 
 4888.04252254963  1.591753e-16 
 4889.99114966393  1.620633e-16 
 4891.93977677823  1.582248e-16 
 4893.88840389252  1.592936e-16 
 4895.83703100682  1.614557e-16 
 4897.78565812111  1.633591e-16 
 4899.73428523541  1.650245e-16 
 4901.68291234971  1.638755e-16 
   4903.631539464   1.66663e-16 
  4905.5801665783  1.680107e-16 
 4907.52879369259  1.658359e-16 
 4909.47742080689  1.667306e-16 
 4911.42604792119   1.65193e-16 
 4913.37467503548  1.659312e-16 
 4915.32330214978  1.693791e-16 
 4917.27192926407  1.712096e-16 
 4919.22055637837  1.728922e-16 
 4921.16918349267  1.744743e-16 
 4923.11781060696  1.773324e-16 
 4925.06643772126  1.736077e-16 
 4927.01506483555  1.709284e-16 
 4928.96369194985   1.71893e-16 
 4930.91231906415  1.748663e-16 
 4932.86094617844  1.801426e-16 
 4934.80957329274  1.806022e-16 
 4936.75820040703  1.801808e-16 
 4938.70682752133  1.783925e-16 
 4940.65545463563  1.814684e-16 
 4942.60408174992  1.858472e-16 
 4944.55270886422  1.858475e-16 
 4946.50133597851  1.854364e-16 
 4948.44996309281  1.851556e-16 
  4950.3985902071  1.857104e-16 
  4952.3472173214  1.874716e-16 
  4954.2958444357  1.893381e-16 
 4956.24447154999  1.886411e-16 
 4958.19309866429  1.906287e-16 
 4960.14172577859  1.877986e-16 
 4962.09035289288  1.886791e-16 
 4964.03898000718  1.923305e-16 
 4965.98760712147  1.931111e-16 
 4967.93623423577  1.927795e-16 
 4969.88486135007  1.931702e-16 
 4971.83348846436  1.938745e-16 
 4973.78211557866  1.912338e-16 
 4975.73074269295   1.92064e-16 
 4977.67936980725  1.910026e-16 
 4979.62799692155  1.906886e-16 
 4981.57662403584  1.911697e-16 
 4983.52525115014  1.914555e-16 
 4985.47387826443  1.897169e-16 
 4987.42250537873  1.896937e-16 
 4989.37113249302  1.917428e-16 
 4991.31975960732  1.892532e-16 
 4993.26838672162  1.873799e-16 
 4995.21701383591  1.861645e-16 
 4997.16564095021  1.850134e-16 
  4999.1142680645  1.852097e-16 
  5001.0628951788  1.873763e-16 
  5003.0115222931  1.847766e-16 
 5004.96014940739  1.859913e-16 
 5006.90877652169  1.856585e-16 
 5008.85740363599   1.83359e-16 
 5010.80603075028  1.874307e-16 
 5012.75465786458  1.880906e-16 
 5014.70328497887  1.846409e-16 
 5016.65191209317  1.841806e-16 
 5018.60053920746  1.826305e-16 
 5020.54916632176  1.797924e-16 
 5022.49779343606  1.824044e-16 
 5024.44642055035  1.808877e-16 
 5026.39504766465  1.790905e-16 
 5028.34367477894  1.793631e-16 
 5030.29230189324   1.75457e-16 
 5032.24092900754  1.746023e-16 
 5034.18955612183  1.775184e-16 
 5036.13818323613  1.772319e-16 
 5038.08681035042  1.721979e-16 
 5040.03543746472  1.721535e-16 
 5041.98406457902  1.748736e-16 
 5043.93269169331   1.74164e-16 
 5045.88131880761  1.726477e-16 
  5047.8299459219  1.713366e-16 
  5049.7785730362  1.676545e-16 
  5051.7272001505  1.674579e-16 
 5053.67582726479  1.665809e-16 
 5055.62445437909  1.625477e-16 
 5057.57308149338  1.636492e-16 
 5059.52170860768  1.646024e-16 
 5061.47033572198  1.642635e-16 
 5063.41896283627  1.637025e-16 
 5065.36758995057  1.591444e-16 
 5067.31621706486  1.577576e-16 
 5069.26484417916  1.609927e-16 
 5071.21347129346  1.602119e-16 
 5073.16209840775  1.570375e-16 
 5075.11072552205  1.582556e-16 
 5077.05935263634  1.577814e-16 
 5079.00797975064  1.539096e-16 
 5080.95660686494  1.529067e-16 
 5082.90523397923  1.471856e-16 
 5084.85386109353  1.450426e-16 
 5086.80248820782  1.453631e-16 
 5088.75111532212  1.447381e-16 
 5090.69974243642  1.447526e-16 
 5092.64836955071  1.430913e-16 
 5094.59699666501  1.439017e-16 
  5096.5456237793  1.423303e-16 
  5098.4942508936  1.414421e-16 
  5100.4428780079  1.415564e-16 
 5102.39150512219  1.442048e-16 
 5104.34013223649  1.402682e-16 
 5106.28875935078  1.348215e-16 
 5108.23738646508  1.332218e-16 
 5110.18601357937  1.321687e-16 
 5112.13464069367  1.325128e-16 
 5114.08326780797  1.389198e-16 
 5116.03189492226  1.411002e-16 
 5117.98052203656  1.394561e-16 
 5119.92914915086   1.37138e-16 
 5121.87777626515  1.357718e-16 
 5123.82640337945  1.317118e-16 
 5125.77503049374  1.331009e-16 
 5127.72365760804  1.350553e-16 
 5129.67228472233  1.343816e-16 
 5131.62091183663  1.326565e-16 
 5133.56953895093  1.260853e-16 
 5135.51816606522  1.237894e-16 
 5137.46679317952  1.249604e-16 
 5139.41542029381  1.235959e-16 
 5141.36404740811  1.247093e-16 
 5143.31267452241  1.280099e-16 
  5145.2613016367   1.34133e-16 
   5147.209928751  1.333725e-16 
 5149.15855586529  1.304411e-16 
 5151.10718297959  1.301477e-16 
 5153.05581009389   1.28476e-16 
 5155.00443720818  1.267909e-16 
 5156.95306432248  1.244971e-16 
 5158.90169143677   1.26055e-16 
 5160.85031855107  1.270358e-16 
 5162.79894566537  1.289241e-16 
 5164.74757277966  1.263315e-16 
 5166.69619989396  1.243517e-16 
 5168.64482700825  1.274981e-16 
 5170.59345412255  1.254887e-16 
 5172.54208123685  1.218311e-16 
 5174.49070835114  1.230761e-16 
 5176.43933546544  1.254918e-16 
 5178.38796257973  1.222045e-16 
 5180.33658969403  1.217439e-16 
 5182.28521680833  1.234966e-16 
 5184.23384392262  1.242103e-16 
 5186.18247103692  1.202908e-16 
 5188.13109815121  1.185257e-16 
 5190.07972526551  1.193542e-16 
 5192.02835237981   1.15851e-16 
  5193.9769794941  1.151517e-16 
  5195.9256066084  1.161204e-16 
 5197.87423372269  1.139511e-16 
 5199.82286083699   1.16112e-16 
 5201.77148795128  1.190712e-16 
 5203.72011506558  1.233226e-16 
 5205.66874217988  1.283405e-16 
 5207.61736929417  1.290973e-16 
 5209.56599640847  1.280746e-16 
 5211.51462352276  1.272734e-16 
 5213.46325063706  1.293379e-16 
 5215.41187775136  1.292206e-16 
 5217.36050486565  1.271085e-16 
 5219.30913197995  1.289544e-16 
 5221.25775909425  1.298622e-16 
 5223.20638620854  1.310931e-16 
 5225.15501332284   1.30361e-16 
 5227.10364043713  1.263693e-16 
 5229.05226755143  1.264012e-16 
 5231.00089466573  1.282202e-16 
 5232.94952178002  1.293602e-16 
 5234.89814889432  1.299648e-16 
 5236.84677600861  1.296858e-16 
 5238.79540312291  1.293999e-16 
  5240.7440302372  1.299396e-16 
  5242.6926573515   1.27024e-16 
 5244.64128446579  1.254464e-16 
 5246.58991158009   1.27704e-16 
 5248.53853869439   1.27016e-16 
 5250.48716580868  1.238259e-16 
 5252.43579292298  1.228059e-16 
 5254.38442003728  1.225398e-16 
 5256.33304715157  1.239557e-16 
 5258.28167426587  1.243956e-16 
 5260.23030138016  1.237112e-16 
 5262.17892849446   1.21947e-16 
 5264.12755560875  1.193659e-16 
 5266.07618272305  1.200458e-16 
 5268.02480983735  1.211625e-16 
 5269.97343695164  1.209226e-16 
 5271.92206406594  1.215204e-16 
 5273.87069118023  1.200546e-16 
 5275.81931829453  1.199501e-16 
 5277.76794540883  1.211987e-16 
 5279.71657252312  1.226222e-16 
 5281.66519963742  1.219315e-16 
 5283.61382675171   1.18439e-16 
 5285.56245386601  1.178399e-16 
 5287.51108098031  1.189389e-16 
  5289.4597080946   1.20877e-16 
  5291.4083352089  1.207012e-16 
 5293.35696232319  1.182833e-16 
 5295.30558943749  1.178283e-16 
 5297.25421655179   1.20159e-16 
 5299.20284366608  1.195682e-16 
 5301.15147078038  1.193656e-16 
 5303.10009789467  1.221292e-16 
 5305.04872500897  1.209025e-16 
 5306.99735212327  1.170141e-16 
 5308.94597923756  1.189096e-16 
 5310.89460635186  1.247385e-16 
 5312.84323346615  1.264614e-16 
 5314.79186058045  1.235484e-16 
 5316.74048769475  1.230822e-16 
 5318.68911480904  1.238241e-16 
 5320.63774192334  1.225777e-16 
 5322.58636903763  1.203122e-16 
 5324.53499615193  1.160936e-16 
 5326.48362326623  1.141519e-16 
 5328.43225038052  1.153716e-16 
 5330.38087749482  1.151671e-16 
 5332.32950460911  1.205224e-16 
 5334.27813172341  1.251052e-16 
 5336.22675883771  1.246075e-16 
   5338.175385952  1.234407e-16 
  5340.1240130663  1.225891e-16 
 5342.07264018059  1.219421e-16 
 5344.02126729489  1.213728e-16 
 5345.96989440919  1.200569e-16 
 5347.91852152348  1.187502e-16 
 5349.86714863778  1.174763e-16 
 5351.81577575207  1.205581e-16 
 5353.76440286637  1.285817e-16 
 5355.71302998067  1.347157e-16 
 5357.66165709496  1.354296e-16 
 5359.61028420926  1.264423e-16 
 5361.55891132355  1.179397e-16 
 5363.50753843785  1.138166e-16 
 5365.45616555215  1.115639e-16 
 5367.40479266644  1.114353e-16 
 5369.35341978074  1.100819e-16 
 5371.30204689503  1.105052e-16 
 5373.25067400933  1.107627e-16 
 5375.19930112362  1.113653e-16 
 5377.14792823792  1.108948e-16 
 5379.09655535222  1.126821e-16 
 5381.04518246651   1.11931e-16 
 5382.99380958081   1.10639e-16 
  5384.9424366951  1.083172e-16 
  5386.8910638094  1.046454e-16 
  5388.8396909237  1.068695e-16 
 5390.78831803799  1.082344e-16 
 5392.73694515229  1.084453e-16 
 5394.68557226658  1.080652e-16 
 5396.63419938088  1.080024e-16 
 5398.58282649518  1.061092e-16 
 5400.53145360947   1.06179e-16 
 5402.48008072377  1.052863e-16 
 5404.42870783806  1.023122e-16 
 5406.37733495236    1.0505e-16 
 5408.32596206666  1.041591e-16 
 5410.27458918095  1.029451e-16 
 5412.22321629525  1.062796e-16 
 5414.17184340954  1.045875e-16 
 5416.12047052384  1.020119e-16 
 5418.06909763814  1.013778e-16 
 5420.01772475243  1.039494e-16 
 5421.96635186673  9.955105e-17 
 5423.91497898102  1.021402e-16 
 5425.86360609532  1.038842e-16 
 5427.81223320962  1.037195e-16 
 5429.76086032391  1.016055e-16 
 5431.70948743821  9.948121e-17 
  5433.6581145525  1.012857e-16 
  5435.6067416668    1.0247e-16 
  5437.5553687811  9.955579e-17 
 5439.50399589539  9.875726e-17 
 5441.45262300969  9.844034e-17 
 5443.40125012398  1.019632e-16 
 5445.34987723828   1.02865e-16 
 5447.29850435258  9.930979e-17 
 5449.24713146687  1.003748e-16 
 5451.19575858117  1.001224e-16 
 5453.14438569546  9.993686e-17 
 5455.09301280976  9.961458e-17 
 5457.04163992406    1.0174e-16 
 5458.99026703835  1.076575e-16 
 5460.93889415265  1.149376e-16 
 5462.88752126694  1.279336e-16 
 5464.83614838124  1.306147e-16 
 5466.78477549554  1.212516e-16 
 5468.73340260983   1.10228e-16 
 5470.68202972413  1.048194e-16 
 5472.63065683842  1.052091e-16 
 5474.57928395272  1.063514e-16 
 5476.52791106702  1.041936e-16 
 5478.47653818131  1.032377e-16 
 5480.42516529561  1.033327e-16 
  5482.3737924099  9.947662e-17 
  5484.3224195242  1.034812e-16 
 5486.27104663849  1.050879e-16 
 5488.21967375279  1.034676e-16 
 5490.16830086709  1.068882e-16 
 5492.11692798138  1.068523e-16 
 5494.06555509568  1.070043e-16 
 5496.01418220997  1.062947e-16 
 5497.96280932427  1.049277e-16 
 5499.91143643857  1.083706e-16 
 5501.86006355286   1.09459e-16 
 5503.80869066716   1.05038e-16 
 5505.75731778145  1.095053e-16 
 5507.70594489575  1.118352e-16 
 5509.65457201005  1.152462e-16 
 5511.60319912434  1.273098e-16 
 5513.55182623864  1.631788e-16 
 5515.50045335293  2.088202e-16 
 5517.44908046723  2.174012e-16 
 5519.39770758153  1.755223e-16 
 5521.34633469582  1.328287e-16 
 5523.29496181012  1.146535e-16 
 5525.24358892441  1.116477e-16 
 5527.19221603871  1.110674e-16 
 5529.14084315301  1.094102e-16 
  5531.0894702673  1.104458e-16 
  5533.0380973816  1.100132e-16 
 5534.98672449589  1.076892e-16 
 5536.93535161019  1.075376e-16 
 5538.88397872449  1.098154e-16 
 5540.83260583878  1.111013e-16 
 5542.78123295308  1.117407e-16 
 5544.72986006738  1.081416e-16 
 5546.67848718167  1.104463e-16 
 5548.62711429597   1.08712e-16 
 5550.57574141026  1.063668e-16 
 5552.52436852456  1.088637e-16 
 5554.47299563885  1.119597e-16 
 5556.42162275315  1.105168e-16 
 5558.37024986745  1.107619e-16 
 5560.31887698174  1.090115e-16 
 5562.26750409604  1.110848e-16 
 5564.21613121034  1.106867e-16 
 5566.16475832463  1.098792e-16 
 5568.11338543893  1.126739e-16 
 5570.06201255322  1.107598e-16 
 5572.01063966752  1.092391e-16 
 5573.95926678181  1.141592e-16 
 5575.90789389611  1.171238e-16 
 5577.85652101041  1.083376e-16 
  5579.8051481247  1.106046e-16 
   5581.753775239  1.149683e-16 
 5583.70240235329  1.138399e-16 
 5585.65102946759  1.136411e-16 
 5587.59965658189  1.147668e-16 
 5589.54828369618   1.15346e-16 
 5591.49691081048  1.104322e-16 
 5593.44553792477  1.120919e-16 
 5595.39416503907  1.123614e-16 
 5597.34279215337  1.150393e-16 
 5599.29141926766  1.166443e-16 
 5601.24004638196  1.160123e-16 
 5603.18867349625  1.148272e-16 
 5605.13730061055  1.190937e-16 
 5607.08592772485  1.178825e-16 
 5609.03455483914   1.14589e-16 
 5610.98318195344  1.137472e-16 
 5612.93180906773  1.186959e-16 
 5614.88043618203  1.224869e-16 
 5616.82906329633  1.200481e-16 
 5618.77769041062  1.197451e-16 
 5620.72631752492   1.23198e-16 
 5622.67494463921  1.209902e-16 
 5624.62357175351  1.174229e-16 
  5626.5721988678   1.20158e-16 
  5628.5208259821  1.248938e-16 
  5630.4694530964  1.257898e-16 
 5632.41808021069  1.238853e-16 
 5634.36670732499  1.236924e-16 
 5636.31533443928  1.242511e-16 
 5638.26396155358  1.186595e-16 
 5640.21258866788  1.212983e-16 
 5642.16121578217  1.248244e-16 
 5644.10984289647  1.265856e-16 
 5646.05847001076   1.24966e-16 
 5648.00709712506   1.21942e-16 
 5649.95572423936   1.25933e-16 
 5651.90435135365  1.268398e-16 
 5653.85297846795  1.300483e-16 
 5655.80160558225  1.319244e-16 
 5657.75023269654  1.364058e-16 
 5659.69885981084  1.340826e-16 
 5661.64748692513  1.269936e-16 
 5663.59611403943  1.268234e-16 
 5665.54474115372  1.221847e-16 
 5667.49336826802  1.236928e-16 
 5669.44199538232  1.275948e-16 
 5671.39062249661   1.31477e-16 
 5673.33924961091  1.342536e-16 
  5675.2878767252   1.35361e-16 
  5677.2365038395  1.333763e-16 
  5679.1851309538  1.341985e-16 
 5681.13375806809  1.341634e-16 
 5683.08238518239   1.35576e-16 
 5685.03101229668  1.366411e-16 
 5686.97963941098  1.324785e-16 
 5688.92826652528  1.300647e-16 
 5690.87689363957  1.314005e-16 
 5692.82552075387  1.335925e-16 
 5694.77414786816  1.323136e-16 
 5696.72277498246  1.335939e-16 
 5698.67140209676  1.305223e-16 
 5700.62002921105  1.300314e-16 
 5702.56865632535  1.327261e-16 
 5704.51728343964  1.322246e-16 
 5706.46591055394  1.338517e-16 
 5708.41453766824  1.350943e-16 
 5710.36316478253  1.350201e-16 
 5712.31179189683  1.278005e-16 
 5714.26041901112  1.241586e-16 
 5716.20904612542  1.228525e-16 
 5718.15767323971  1.249388e-16 
 5720.10630035401  1.289721e-16 
 5722.05492746831  1.290513e-16 
  5724.0035545826  1.292422e-16 
  5725.9521816969  1.311724e-16 
 5727.90080881119  1.282356e-16 
 5729.84943592549   1.29817e-16 
 5731.79806303979  1.306072e-16 
 5733.74669015408  1.307427e-16 
 5735.69531726838   1.33201e-16 
 5737.64394438267  1.325637e-16 
 5739.59257149697  1.294612e-16 
 5741.54119861127  1.280898e-16 
 5743.48982572556  1.267027e-16 
 5745.43845283986  1.290312e-16 
 5747.38707995415  1.306781e-16 
 5749.33570706845  1.291047e-16 
 5751.28433418275  1.321114e-16 
 5753.23296129704  1.329269e-16 
 5755.18158841134  1.299775e-16 
 5757.13021552563  1.283178e-16 
 5759.07884263993  1.292584e-16 
 5761.02746975423  1.264014e-16 
 5762.97609686852   1.27038e-16 
 5764.92472398282   1.26397e-16 
 5766.87335109711  1.315584e-16 
 5768.82197821141  1.325787e-16 
 5770.77060532571  1.308684e-16 
    5772.71923244  1.316752e-16 
  5774.6678595543  1.290201e-16 
 5776.61648666859  1.283223e-16 
 5778.56511378289  1.289607e-16 
 5780.51374089718  1.293793e-16 
 5782.46236801148  1.272273e-16 
 5784.41099512578  1.239423e-16 
 5786.35962224007   1.24109e-16 
 5788.30824935437   1.25711e-16 
 5790.25687646867   1.27753e-16 
 5792.20550358296  1.248938e-16 
 5794.15413069726  1.265316e-16 
 5796.10275781155  1.272169e-16 
 5798.05138492585  1.281587e-16 
 5800.00001204015   1.25984e-16 
 5801.94863915444  1.260151e-16 
 5803.89726626874  1.256971e-16 
 5805.84589338303  1.242615e-16 
 5807.79452049733  1.256547e-16 
 5809.74314761163  1.218895e-16 
 5811.69177472592   1.23999e-16 
 5813.64040184022  1.265997e-16 
 5815.58902895451  1.273009e-16 
 5817.53765606881  1.261935e-16 
  5819.4862831831  1.208607e-16 
  5821.4349102974  1.226914e-16 
  5823.3835374117  1.241413e-16 
 5825.33216452599  1.243884e-16 
 5827.28079164029  1.219405e-16 
 5829.22941875458  1.214002e-16 
 5831.17804586888  1.260933e-16 
 5833.12667298318  1.251885e-16 
 5835.07530009747  1.268952e-16 
 5837.02392721177  1.257182e-16 
 5838.97255432606  1.243392e-16 
 5840.92118144036  1.214161e-16 
 5842.86980855466   1.20786e-16 
 5844.81843566895  1.186829e-16 
 5846.76706278325    1.2078e-16 
 5848.71568989754  1.211279e-16 
 5850.66431701184  1.212443e-16 
 5852.61294412614  1.250218e-16 
 5854.56157124043  1.249731e-16 
 5856.51019835473    1.2422e-16 
 5858.45882546902  1.248343e-16 
 5860.40745258332  1.255404e-16 
 5862.35607969762   1.25859e-16 
 5864.30470681191  1.268489e-16 
 5866.25333392621  1.279494e-16 
 5868.20196104051  1.290836e-16 
  5870.1505881548  1.298104e-16 
  5872.0992152691  1.306052e-16 
 5874.04784238339  1.291036e-16 
 5875.99646949769  1.259203e-16 
 5877.94509661198  1.255685e-16 
 5879.89372372628  1.279384e-16 
 5881.84235084058  1.281885e-16 
 5883.79097795487  1.228698e-16 
 5885.73960506917  1.215496e-16 
 5887.68823218346  1.239932e-16 
 5889.63685929776  1.242926e-16 
 5891.58548641206  1.233965e-16 
 5893.53411352635   1.22129e-16 
 5895.48274064065  1.180386e-16 
 5897.43136775494    1.2204e-16 
 5899.37999486924  1.237122e-16 
 5901.32862198354  1.260829e-16 
 5903.27724909783  1.272929e-16 
 5905.22587621213  1.266418e-16 
 5907.17450332642  1.277456e-16 
 5909.12313044072  1.284804e-16 
 5911.07175755502  1.253023e-16 
 5913.02038466931  1.273412e-16 
 5914.96901178361  1.258059e-16 
  5916.9176388979  1.235955e-16 
  5918.8662660122  1.234725e-16 
  5920.8148931265  1.215309e-16 
 5922.76352024079  1.236672e-16 
 5924.71214735509  1.279892e-16 
 5926.66077446938  1.297712e-16 
 5928.60940158368  1.278206e-16 
 5930.55802869798  1.282619e-16 
 5932.50665581227  1.296775e-16 
 5934.45528292657  1.255502e-16 
 5936.40391004086  1.248861e-16 
 5938.35253715516  1.261018e-16 
 5940.30116426946  1.280909e-16 
 5942.24979138375  1.259188e-16 
 5944.19841849805  1.227088e-16 
 5946.14704561234  1.173059e-16 
 5948.09567272664  1.142682e-16 
 5950.04429984093  1.181562e-16 
 5951.99292695523  1.206093e-16 
 5953.94155406953  1.194938e-16 
 5955.89018118382  1.229654e-16 
 5957.83880829812  1.237216e-16 
 5959.78743541241  1.213802e-16 
 5961.73606252671   1.19854e-16 
 5963.68468964101   1.23251e-16 
  5965.6333167553  1.246142e-16 
  5967.5819438696  1.216068e-16 
 5969.53057098389  1.190207e-16 
 5971.47919809819  1.168036e-16 
 5973.42782521249  1.164052e-16 
 5975.37645232678  1.201592e-16 
 5977.32507944108  1.197234e-16 
 5979.27370655537  1.185228e-16 
 5981.22233366967  1.223538e-16 
 5983.17096078397  1.225972e-16 
 5985.11958789826   1.19509e-16 
 5987.06821501256   1.17069e-16 
 5989.01684212686  1.180826e-16 
 5990.96546924115  1.194912e-16 
 5992.91409635545  1.194609e-16 
 5994.86272346974  1.178008e-16 
 5996.81135058404  1.154193e-16 
 5998.75997769833  1.182732e-16 
 6000.70860481263  1.196058e-16 
 6002.65723192693  1.184479e-16 
 6004.60585904122  1.162907e-16 
 6006.55448615552  1.166455e-16 
 6008.50311326981  1.183841e-16 
 6010.45174038411  1.149603e-16 
 6012.40036749841  1.142181e-16 
  6014.3489946127  1.179999e-16 
   6016.297621727   1.17641e-16 
 6018.24624884129  1.162687e-16 
 6020.19487595559  1.144218e-16 
 6022.14350306989  1.170103e-16 
 6024.09213018418  1.146945e-16 
 6026.04075729848  1.147931e-16 
 6027.98938441277  1.180178e-16 
 6029.93801152707  1.192255e-16 
 6031.88663864137  1.180896e-16 
 6033.83526575566  1.180797e-16 
 6035.78389286996  1.179023e-16 
 6037.73251998425  1.142748e-16 
 6039.68114709855  1.114088e-16 
 6041.62977421285  1.077169e-16 
 6043.57840132714  1.089753e-16 
 6045.52702844144  1.132519e-16 
 6047.47565555573  1.150064e-16 
 6049.42428267003   1.14217e-16 
 6051.37290978433  1.135568e-16 
 6053.32153689862  1.116687e-16 
 6055.27016401292  1.105144e-16 
 6057.21879112721  1.131106e-16 
 6059.16741824151  1.124023e-16 
  6061.1160453558  1.118231e-16 
  6063.0646724701   1.12005e-16 
  6065.0132995844  1.155402e-16 
 6066.96192669869  1.128388e-16 
 6068.91055381299  1.137863e-16 
 6070.85918092728  1.154216e-16 
 6072.80780804158   1.12468e-16 
 6074.75643515588  1.091242e-16 
 6076.70506227017   1.11776e-16 
 6078.65368938447  1.127242e-16 
 6080.60231649877  1.154299e-16 
 6082.55094361306  1.185115e-16 
 6084.49957072736  1.161875e-16 
 6086.44819784165  1.148259e-16 
 6088.39682495595  1.183584e-16 
 6090.34545207024  1.153408e-16 
 6092.29407918454   1.12354e-16 
 6094.24270629884  1.113754e-16 
 6096.19133341313  1.085121e-16 
 6098.13996052743  1.085911e-16 
 6100.08858764172  1.129644e-16 
 6102.03721475602  1.165855e-16 
 6103.98584187031  1.159946e-16 
 6105.93446898461  1.139818e-16 
 6107.88309609891  1.129916e-16 
  6109.8317232132  1.104757e-16 
  6111.7803503275  1.136815e-16 
  6113.7289774418  1.132476e-16 
 6115.67760455609  1.129118e-16 
 6117.62623167039  1.106928e-16 
 6119.57485878468  1.099961e-16 
 6121.52348589898  1.093445e-16 
 6123.47211301328  1.121059e-16 
 6125.42074012757  1.120841e-16 
 6127.36936724187  1.122166e-16 
 6129.31799435616  1.099548e-16 
 6131.26662147046  1.110366e-16 
 6133.21524858475  1.158924e-16 
 6135.16387569905  1.140761e-16 
 6137.11250281335  1.139867e-16 
 6139.06112992764  1.090969e-16 
 6141.00975704194   1.05195e-16 
 6142.95838415623  1.081785e-16 
 6144.90701127053  1.077127e-16 
 6146.85563838483  1.049178e-16 
 6148.80426549912  1.070117e-16 
 6150.75289261342  1.075835e-16 
 6152.70151972771  1.106145e-16 
 6154.65014684201  1.091742e-16 
 6156.59877395631  1.101002e-16 
  6158.5474010706  1.057496e-16 
  6160.4960281849  1.035832e-16 
 6162.44465529919  1.054234e-16 
 6164.39328241349  1.069338e-16 
 6166.34190952779   1.06612e-16 
 6168.29053664208  1.057212e-16 
 6170.23916375638  1.057885e-16 
 6172.18779087067  1.050747e-16 
 6174.13641798497  1.050234e-16 
 6176.08504509927   1.02804e-16 
 6178.03367221356  1.026415e-16 
 6179.98229932786  1.011447e-16 
 6181.93092644215  1.014925e-16 
 6183.87955355645  1.033971e-16 
 6185.82818067075   1.04264e-16 
 6187.77680778504   1.01826e-16 
 6189.72543489934  1.012345e-16 
 6191.67406201363  1.018197e-16 
 6193.62268912793  1.027433e-16 
 6195.57131624222  1.010497e-16 
 6197.51994335652  1.014718e-16 
 6199.46857047082  1.033261e-16 
 6201.41719758511  1.030314e-16 
 6203.36582469941  9.766868e-17 
  6205.3144518137  9.810263e-17 
   6207.263078928   9.69983e-17 
  6209.2117060423  9.539742e-17 
 6211.16033315659  9.505216e-17 
 6213.10896027089  9.650491e-17 
 6215.05758738519  9.744327e-17 
 6217.00621449948  9.696842e-17 
 6218.95484161378  9.465737e-17 
 6220.90346872807   9.60508e-17 
 6222.85209584237  9.735283e-17 
 6224.80072295667  9.775695e-17 
 6226.74935007096    9.8333e-17 
 6228.69797718526   9.68359e-17 
 6230.64660429955  9.238545e-17 
 6232.59523141385  9.094958e-17 
 6234.54385852815  9.555062e-17 
 6236.49248564244  9.820394e-17 
 6238.44111275674    9.3984e-17 
 6240.38973987103  9.408552e-17 
 6242.33836698533  9.229009e-17 
 6244.28699409962  9.323539e-17 
 6246.23562121392  9.305416e-17 
 6248.18424832822  9.373478e-17 
 6250.13287544251  9.484446e-17 
 6252.08150255681  9.612977e-17 
  6254.0301296711  9.604389e-17 
  6255.9787567854  9.648577e-17 
  6257.9273838997  9.739469e-17 
 6259.87601101399   9.76586e-17 
 6261.82463812829  9.478714e-17 
 6263.77326524258  9.470682e-17 
 6265.72189235688  9.378216e-17 
 6267.67051947118  9.328774e-17 
 6269.61914658547  9.346186e-17 
 6271.56777369977  9.344478e-17 
 6273.51640081406  9.208748e-17 
 6275.46502792836  8.992317e-17 
 6277.41365504266  8.692346e-17 
 6279.36228215695  8.647036e-17 
 6281.31090927125  8.437224e-17 
 6283.25953638554  8.771972e-17 
 6285.20816349984  9.144684e-17 
 6287.15679061414  9.302012e-17 
 6289.10541772843  8.890441e-17 
 6291.05404484273  8.808112e-17 
 6293.00267195702  8.912784e-17 
 6294.95129907132  8.848387e-17 
 6296.89992618562  8.991983e-17 
 6298.84855329991  8.756787e-17 
 6300.79718041421  9.357262e-17 
  6302.7458075285  9.797351e-17 
  6304.6944346428  9.255822e-17 
  6306.6430617571  8.793182e-17 
 6308.59168887139  8.564606e-17 
 6310.54031598569  8.807417e-17 
 6312.48894309998  9.039958e-17 
 6314.43757021428  9.025094e-17 
 6316.38619732857  8.761211e-17 
 6318.33482444287  8.617112e-17 
 6320.28345155717  9.095897e-17 
 6322.23207867146  9.233723e-17 
 6324.18070578576  9.070781e-17 
 6326.12933290006  8.809078e-17 
 6328.07796001435  9.022569e-17 
 6330.02658712865  8.844935e-17 
 6331.97521424294  8.557596e-17 
 6333.92384135724   8.89318e-17 
 6335.87246847153  9.028888e-17 
 6337.82109558583  8.921519e-17 
 6339.76972270013  8.844094e-17 
 6341.71834981442  8.418494e-17 
 6343.66697692872  8.908281e-17 
 6345.61560404302  9.171763e-17 
 6347.56423115731  8.966001e-17 
 6349.51285827161  8.369014e-17 
  6351.4614853859  8.063506e-17 
  6353.4101125002  8.175487e-17 
 6355.35873961449  8.456706e-17 
 6357.30736672879  8.559114e-17 
 6359.25599384309  8.693304e-17 
 6361.20462095738  8.604023e-17 
 6363.15324807168  8.704744e-17 
 6365.10187518597   8.69753e-17 
 6367.05050230027  8.881989e-17 
 6368.99912941457  8.472392e-17 
 6370.94775652886    8.6503e-17 
 6372.89638364316  8.680705e-17 
 6374.84501075745  8.789156e-17 
 6376.79363787175  8.575408e-17 
 6378.74226498605  8.702659e-17 
 6380.69089210034  8.907859e-17 
 6382.63951921464  8.565274e-17 
 6384.58814632893  8.482555e-17 
 6386.53677344323  8.904186e-17 
 6388.48540055753  8.773477e-17 
 6390.43402767182  8.622877e-17 
 6392.38265478612  8.638244e-17 
 6394.33128190041  8.500346e-17 
 6396.27990901471  8.573195e-17 
 6398.22853612901  8.810368e-17 
  6400.1771632433  8.664035e-17 
  6402.1257903576  8.396921e-17 
 6404.07441747189   8.27212e-17 
 6406.02304458619    8.1194e-17 
 6407.97167170049  8.380057e-17 
 6409.92029881478  8.481716e-17 
 6411.86892592908  8.513849e-17 
 6413.81755304337  8.346306e-17 
 6415.76618015767  8.367654e-17 
 6417.71480727197  8.325778e-17 
 6419.66343438626  8.274693e-17 
 6421.61206150056  8.395508e-17 
 6423.56068861485  8.292909e-17 
 6425.50931572915  8.085133e-17 
 6427.45794284344  8.183098e-17 
 6429.40656995774  8.074406e-17 
 6431.35519707204  8.007235e-17 
 6433.30382418633  8.029894e-17 
 6435.25245130063  8.063036e-17 
 6437.20107841493  8.055745e-17 
 6439.14970552922  8.072314e-17 
 6441.09833264352  8.259824e-17 
 6443.04695975781  8.140335e-17 
 6444.99558687211  7.490189e-17 
  6446.9442139864  7.627296e-17 
  6448.8928411007  7.726333e-17 
   6450.841468215  7.665861e-17 
 6452.79009532929  7.534662e-17 
 6454.73872244359  7.545055e-17 
 6456.68734955789  7.480595e-17 
 6458.63597667218  7.754862e-17 
 6460.58460378648  7.785784e-17 
 6462.53323090077  7.705181e-17 
 6464.48185801507  7.381768e-17 
 6466.43048512936  7.702767e-17 
 6468.37911224366  8.083779e-17 
 6470.32773935796  7.989217e-17 
 6472.27636647225  7.918883e-17 
 6474.22499358655  7.613404e-17 
 6476.17362070084  7.440093e-17 
 6478.12224781514  7.453374e-17 
 6480.07087492944  7.449176e-17 
 6482.01950204373  7.597523e-17 
 6483.96812915803  7.810274e-17 
 6485.91675627232  7.650104e-17 
 6487.86538338662  7.144755e-17 
 6489.81401050092  7.274161e-17 
 6491.76263761521  7.435788e-17 
 6493.71126472951  7.599516e-17 
  6495.6598918438  7.574307e-17 
  6497.6085189581  7.502363e-17 
  6499.5571460724  7.740615e-17 
 6501.50577318669  7.849798e-17 
 6503.45440030099  7.730461e-17 
 6505.40302741528  7.666937e-17 
 6507.35165452958   7.46635e-17 
 6509.30028164388  7.623823e-17 
 6511.24890875817  7.985782e-17 
 6513.19753587247  7.626444e-17 
 6515.14616298676  7.492576e-17 
 6517.09479010106  7.758377e-17 
 6519.04341721535  7.736884e-17 
 6520.99204432965  7.739753e-17 
 6522.94067144395  7.668475e-17 
 6524.88929855824   7.76769e-17 
 6526.83792567254  7.928999e-17 
 6528.78655278684  7.953692e-17 
 6530.73517990113  7.618414e-17 
 6532.68380701543  7.550122e-17 
 6534.63243412972  7.897877e-17 
 6536.58106124402  7.844265e-17 
 6538.52968835832  7.712226e-17 
 6540.47831547261  8.067803e-17 
 6542.42694258691  8.100261e-17 
  6544.3755697012  8.252236e-17 
  6546.3241968155  8.287024e-17 
  6548.2728239298  7.927407e-17 
 6550.22145104409  7.595975e-17 
 6552.17007815839  7.440121e-17 
 6554.11870527268  7.544158e-17 
 6556.06733238698  7.551604e-17 
 6558.01595950127  7.641401e-17 
 6559.96458661557  7.707187e-17 
 6561.91321372986  7.778319e-17 
 6563.86184084416  7.694046e-17 
 6565.81046795846  7.757722e-17 
 6567.75909507275  8.135049e-17 
 6569.70772218705   8.12648e-17 
 6571.65634930135  7.880933e-17 
 6573.60497641564  7.921326e-17 
 6575.55360352994  7.838947e-17 
 6577.50223064423  7.759973e-17 
 6579.45085775853  7.988355e-17 
 6581.39948487282  8.016166e-17 
 6583.34811198712  7.652391e-17 
 6585.29673910142  7.862242e-17 
 6587.24536621571  7.944429e-17 
 6589.19399333001  7.889886e-17 
 6591.14262044431  7.971315e-17 
  6593.0912475586   7.90287e-17 
  6595.0398746729  7.906439e-17 
 6596.98850178719  8.101891e-17 
 6598.93712890149  8.097789e-17 
 6600.88575601579  8.239966e-17 
 6602.83438313008  8.099584e-17 
 6604.78301024438  8.105163e-17 
 6606.73163735867  8.355454e-17 
 6608.68026447297  8.129757e-17 
 6610.62889158726  7.966922e-17 
 6612.57751870156  8.038108e-17 
 6614.52614581586  7.951505e-17 
 6616.47477293015  7.685035e-17 
 6618.42340004445  7.857877e-17 
 6620.37202715874  8.051836e-17 
 6622.32065427304  8.090771e-17 
 6624.26928138734  8.349439e-17 
 6626.21790850163  8.305846e-17 
 6628.16653561593  8.277731e-17 
 6630.11516273022  8.187773e-17 
 6632.06378984452  8.248758e-17 
 6634.01241695882  8.373199e-17 
 6635.96104407311  8.159061e-17 
 6637.90967118741  7.970344e-17 
  6639.8582983017  7.675018e-17 
   6641.806925416  7.753067e-17 
  6643.7555525303   7.89674e-17 
 6645.70417964459  7.853909e-17 
 6647.65280675889  7.841224e-17 
 6649.60143387319  7.600147e-17 
 6651.55006098748   7.75464e-17 
 6653.49868810178  8.009643e-17 
 6655.44731521607  7.729471e-17 
 6657.39594233037  7.535313e-17 
 6659.34456944467  7.756635e-17 
 6661.29319655896   8.10948e-17 
 6663.24182367326   8.14708e-17 
 6665.19045078755  7.856569e-17 
 6667.13907790185  7.660595e-17 
 6669.08770501614  7.684145e-17 
 6671.03633213044   7.58197e-17 
 6672.98495924474  7.353387e-17 
 6674.93358635903  7.394021e-17 
 6676.88221347333  7.393215e-17 
 6678.83084058762  7.324974e-17 
 6680.77946770192  7.097149e-17 
 6682.72809481622  6.994935e-17 
 6684.67672193051  7.211957e-17 
 6686.62534904481  7.352957e-17 
  6688.5739761591   7.15647e-17 
  6690.5226032734  6.761542e-17 
  6692.4712303877  6.981883e-17 
 6694.41985750199  7.135793e-17 
 6696.36848461629   7.01484e-17 
 6698.31711173058  6.863409e-17 
 6700.26573884488  6.933486e-17 
 6702.21436595918   6.96601e-17 
 6704.16299307347  6.877724e-17 
 6706.11162018777  6.850204e-17 
 6708.06024730206   6.92815e-17 
 6710.00887441636  6.740978e-17 
 6711.95750153066    6.9349e-17 
 6713.90612864495   7.15255e-17 
 6715.85475575925  7.061231e-17 
 6717.80338287354  6.727897e-17 
 6719.75200998784   6.41481e-17 
 6721.70063710214  6.345977e-17 
 6723.64926421643  6.435146e-17 
 6725.59789133073  6.702879e-17 
 6727.54651844502  6.806714e-17 
 6729.49514555932  6.725518e-17 
 6731.44377267361  6.730324e-17 
 6733.39239978791   6.86253e-17 
 6735.34102690221  6.751463e-17 
  6737.2896540165  6.605205e-17 
  6739.2382811308  6.566698e-17 
  6741.1869082451  6.829617e-17 
 6743.13553535939  7.033014e-17 
 6745.08416247369  6.801947e-17 
 6747.03278958798  6.442192e-17 
 6748.98141670228  6.431491e-17 
 6750.93004381658  6.707841e-17 
 6752.87867093087   6.74535e-17 
 6754.82729804517  6.597812e-17 
 6756.77592515946  6.542592e-17 
 6758.72455227376  6.553351e-17 
 6760.67317938806  6.545527e-17 
 6762.62180650235  6.453704e-17 
 6764.57043361665  6.757485e-17 
 6766.51906073094  6.769704e-17 
 6768.46768784524  6.797807e-17 
 6770.41631495954  7.049949e-17 
 6772.36494207383  6.892969e-17 
 6774.31356918813  6.713538e-17 
 6776.26219630242  6.713194e-17 
 6778.21082341672  6.945305e-17 
 6780.15945053101     6.759e-17 
 6782.10807764531  6.812549e-17 
 6784.05670475961  6.713336e-17 
  6786.0053318739  6.779239e-17 
  6787.9539589882  6.816029e-17 
 6789.90258610249  6.786714e-17 
 6791.85121321679  6.633871e-17 
 6793.79984033109  6.940041e-17 
 6795.74846744538  6.833677e-17 
 6797.69709455968  6.792963e-17 
 6799.64572167397  6.823553e-17 
 6801.59434878827  6.955801e-17 
 6803.54297590257  6.758668e-17 
 6805.49160301686   6.72053e-17 
 6807.44023013116  6.761378e-17 
 6809.38885724545  6.772909e-17 
 6811.33748435975  6.950961e-17 
 6813.28611147405  6.889302e-17 
 6815.23473858834  6.906273e-17 
 6817.18336570264  7.251165e-17 
 6819.13199281693  7.100508e-17 
 6821.08061993123  7.221882e-17 
 6823.02924704553  7.329595e-17 
 6824.97787415982  7.409372e-17 
 6826.92650127412  7.273335e-17 
 6828.87512838841  7.388629e-17 
 6830.82375550271  7.338167e-17 
 6832.77238261701  7.213274e-17 
  6834.7210097313  7.475751e-17 
  6836.6696368456  7.302136e-17 
 6838.61826395989  7.432216e-17 
 6840.56689107419  7.463666e-17 
 6842.51551818849  7.210264e-17 
 6844.46414530278  7.193172e-17 
 6846.41277241708  7.091668e-17 
 6848.36139953137  7.221802e-17 
 6850.31002664567  7.329344e-17 
 6852.25865375997  7.353779e-17 
 6854.20728087426  7.462634e-17 
 6856.15590798856  7.777494e-17 
 6858.10453510285    7.7912e-17 
 6860.05316221715  7.806327e-17 
 6862.00178933145  7.873107e-17 
 6863.95041644574  7.911368e-17 
 6865.89904356004  7.847331e-17 
 6867.84767067433  7.577597e-17 
 6869.79629778863  7.577088e-17 
 6871.74492490293  7.710085e-17 
 6873.69355201722  7.817612e-17 
 6875.64217913152  7.703291e-17 
 6877.59080624581  7.629463e-17 
 6879.53943336011  7.618412e-17 
 6881.48806047441  7.872099e-17 
  6883.4366875887  7.865754e-17 
   6885.385314703  7.831494e-17 
 6887.33394181729  7.504734e-17 
 6889.28256893159  7.698862e-17 
 6891.23119604588   7.94859e-17 
 6893.17982316018  7.806845e-17 
 6895.12845027448  7.881778e-17 
 6897.07707738877  7.855636e-17 
 6899.02570450307  7.689078e-17 
 6900.97433161736  7.912552e-17 
 6902.92295873166    7.8943e-17 
 6904.87158584596  7.951315e-17 
 6906.82021296025  7.906688e-17 
 6908.76884007455    7.9852e-17 
 6910.71746718884  7.960044e-17 
 6912.66609430314  7.937506e-17 
 6914.61472141744  7.920483e-17 
 6916.56334853173  7.915756e-17 
 6918.51197564603  7.901722e-17 
 6920.46060276032  7.841249e-17 
 6922.40922987462  7.965172e-17 
 6924.35785698892  7.948527e-17 
 6926.30648410321  7.826801e-17 
 6928.25511121751   7.86545e-17 
  6930.2037383318  7.971314e-17 
  6932.1523654461  8.233745e-17 
  6934.1009925604    8.2508e-17 
 6936.04961967469  8.090145e-17 
 6937.99824678899  8.057846e-17 
 6939.94687390329  8.050476e-17 
 6941.89550101758    8.1802e-17 
 6943.84412813187  8.041721e-17 
 6945.79275524617  8.256337e-17 
 6947.74138236047  8.563209e-17 
 6949.69000947477  8.719475e-17 
 6951.63863658906  8.617116e-17 
 6953.58726370336  8.520631e-17 
 6955.53589081765  8.678169e-17 
 6957.48451793195  8.890892e-17 
 6959.43314504624  8.794182e-17 
 6961.38177216054  8.328305e-17 
 6963.33039927484  8.446388e-17 
 6965.27902638913  8.607635e-17 
 6967.22765350343  8.619777e-17 
 6969.17628061772  8.880872e-17 
 6971.12490773202  9.020809e-17 
 6973.07353484632  8.779749e-17 
 6975.02216196061  8.677808e-17 
 6976.97078907491  8.920976e-17 
  6978.9194161892  9.298707e-17 
  6980.8680433035   9.43827e-17 
  6982.8166704178  8.895187e-17 
 6984.76529753209  8.455206e-17 
 6986.71392464639  8.579746e-17 
 6988.66255176068  8.557089e-17 
 6990.61117887498  8.275565e-17 
 6992.55980598927  8.126472e-17 
 6994.50843310357   8.31211e-17 
 6996.45706021787  8.478165e-17 
 6998.40568733216  8.250303e-17 
 7000.35431444646  8.264389e-17 
 7002.30294156075  8.514916e-17 
 7004.25156867505   8.84157e-17 
 7006.20019578935  8.616949e-17 
 7008.14882290364  8.026582e-17 
 7010.09745001794  8.288385e-17 
 7012.04607713223  8.372036e-17 
 7013.99470424653  8.413421e-17 
 7015.94333136083  8.877538e-17 
 7017.89195847512  8.481946e-17 
 7019.84058558942  8.300266e-17 
 7021.78921270371  8.349417e-17 
 7023.73783981801   8.12941e-17 
 7025.68646693231  8.303745e-17 
  7027.6350940466  8.506937e-17 
  7029.5837211609  8.759117e-17 
 7031.53234827519   9.00154e-17 
 7033.48097538949  9.228873e-17 
 7035.42960250379  9.231185e-17 
 7037.37822961808  9.025888e-17 
 7039.32685673238  8.761005e-17 
 7041.27548384667   8.84179e-17 
 7043.22411096097  9.100908e-17 
 7045.17273807527  9.047418e-17 
 7047.12136518956  9.027426e-17 
 7049.06999230386  8.820431e-17 
 7051.01861941815   8.79659e-17 
 7052.96724653245  8.701391e-17 
 7054.91587364674    8.3821e-17 
 7056.86450076104  8.359141e-17 
 7058.81312787534  8.466211e-17 
 7060.76175498963  8.681062e-17 
 7062.71038210393  8.823564e-17 
 7064.65900921823  8.467326e-17 
 7066.60763633252  8.599294e-17 
 7068.55626344682  8.415164e-17 
 7070.50489056111  8.022117e-17 
 7072.45351767541  8.346313e-17 
 7074.40214478971   8.72074e-17 
   7076.350771904  8.697411e-17 
  7078.2993990183  8.749281e-17 
 7080.24802613259  8.900815e-17 
 7082.19665324689  8.821745e-17 
 7084.14528036119  8.471758e-17 
 7086.09390747548  8.772625e-17 
 7088.04253458978    8.6882e-17 
 7089.99116170407  8.995272e-17 
 7091.93978881837  8.756219e-17 
 7093.88841593267  8.840716e-17 
 7095.83704304696  8.914846e-17 
 7097.78567016126  8.941108e-17 
 7099.73429727555  8.838562e-17 
 7101.68292438985  9.256557e-17 
 7103.63155150414  9.372885e-17 
 7105.58017861844  8.855432e-17 
 7107.52880573274  8.715164e-17 
 7109.47743284703  8.814867e-17 
 7111.42605996133  8.961583e-17 
 7113.37468707562  9.158945e-17 
 7115.32331418992  9.173205e-17 
 7117.27194130422  8.764883e-17 
 7119.22056841851  8.647407e-17 
 7121.16919553281  8.549277e-17 
  7123.1178226471  8.554578e-17 
  7125.0664497614  8.778833e-17 
  7127.0150768757  8.915862e-17 
 7128.96370398999  8.508608e-17 
 7130.91233110429  8.319655e-17 
 7132.86095821858  8.705404e-17 
 7134.80958533288  9.105719e-17 
 7136.75821244718  8.929898e-17 
 7138.70683956147  8.861356e-17 
 7140.65546667577  9.216853e-17 
 7142.60409379006  9.339766e-17 
 7144.55272090436  8.867305e-17 
 7146.50134801866  9.195828e-17 
 7148.44997513295  9.205686e-17 
 7150.39860224725  8.939199e-17 
 7152.34722936154  8.983376e-17 
 7154.29585647584  9.151675e-17 
 7156.24448359013  9.176717e-17 
 7158.19311070443  9.157454e-17 
 7160.14173781873  8.765523e-17 
 7162.09036493302  8.697816e-17 
 7164.03899204732  8.756328e-17 
 7165.98761916162  8.338573e-17 
 7167.93624627591  8.205172e-17 
 7169.88487339021  8.132412e-17 
  7171.8335005045  8.038591e-17 
  7173.7821276188  8.099344e-17 
  7175.7307547331  7.898024e-17 
 7177.67938184739  7.891632e-17 
 7179.62800896169  8.395329e-17 
 7181.57663607598  8.642263e-17 
 7183.52526319028  8.647358e-17 
 7185.47389030458   8.14494e-17 
 7187.42251741887  8.212686e-17 
 7189.37114453317  8.437228e-17 
 7191.31977164746  8.666184e-17 
 7193.26839876176  8.355231e-17 
 7195.21702587606  8.184845e-17 
 7197.16565299035  8.449958e-17 
 7199.11428010465  8.243233e-17 
 7201.06290721894  7.862025e-17 
 7203.01153433324  7.712813e-17 
 7204.96016144753  7.633168e-17 
 7206.90878856183  7.779777e-17 
 7208.85741567613  8.306887e-17 
 7210.80604279042   8.45302e-17 
 7212.75466990472  8.592372e-17 
 7214.70329701901  8.399013e-17 
 7216.65192413331  8.317666e-17 
 7218.60055124761  7.937159e-17 
  7220.5491783619  7.906528e-17 
  7222.4978054762  8.423382e-17 
 7224.44643259049  8.236883e-17 
 7226.39505970479   9.10358e-17 
 7228.34368681909  1.193689e-16 
 7230.29231393338  1.307676e-16 
 7232.24094104768  1.131468e-16 
 7234.18956816197  9.242843e-17 
 7236.13819527627  7.508881e-17 
 7238.08682239057  6.810283e-17 
 7240.03544950486  7.105212e-17 
 7241.98407661916  7.170469e-17 
 7243.93270373345  6.946095e-17 
 7245.88133084775  7.037767e-17 
 7247.82995796205  7.467099e-17 
 7249.77858507634    7.5435e-17 
 7251.72721219064  7.358274e-17 
 7253.67583930493  7.088586e-17 
 7255.62446641923  7.334425e-17 
 7257.57309353353   7.57864e-17 
 7259.52172064782  7.626926e-17 
 7261.47034776212  7.423497e-17 
 7263.41897487641  7.013371e-17 
 7265.36760199071  6.713217e-17 
   7267.316229105  6.605174e-17 
  7269.2648562193   6.81984e-17 
  7271.2134833336  6.774441e-17 
 7273.16211044789  6.734449e-17 
 7275.11073756219  6.925813e-17 
 7277.05936467649  6.088686e-17 
 7279.00799179078  5.591834e-17 
 7280.95661890508  6.181893e-17 
 7282.90524601937   6.89966e-17 
 7284.85387313367  7.314632e-17 
 7286.80250024796  7.337651e-17 
 7288.75112736226  7.050028e-17 
 7290.69975447656   6.58354e-17 
 7292.64838159085  6.672053e-17 
 7294.59700870515  7.162176e-17 
 7296.54563581945  7.302221e-17 
 7298.49426293374  7.555563e-17 
 7300.44289004804   7.66998e-17 
 7302.39151716233  7.199434e-17 
 7304.34014427663  6.955647e-17 
 7306.28877139093  6.975936e-17 
 7308.23739850522  6.985185e-17 
 7310.18602561952  7.006576e-17 
 7312.13465273381  6.925849e-17 
 7314.08327984811  6.666256e-17 
  7316.0319069624  6.436513e-17 
  7317.9805340767  6.290969e-17 
   7319.929161191  6.454403e-17 
 7321.87778830529  6.964631e-17 
 7323.82641541959  6.919505e-17 
 7325.77504253388  6.903876e-17 
 7327.72366964818  7.218319e-17 
 7329.67229676248  7.218089e-17 
 7331.62092387677  7.281792e-17 
 7333.56955099107  7.433391e-17 
 7335.51817810536  7.335504e-17 
 7337.46680521966  7.198217e-17 
 7339.41543233396  7.296351e-17 
 7341.36405944825   7.90731e-17 
 7343.31268656255  8.696053e-17 
 7345.26131367684  8.399196e-17 
 7347.20994079114  7.512055e-17 
 7349.15856790544  7.275088e-17 
 7351.10719501973  7.335416e-17 
 7353.05582213403  7.420024e-17 
 7355.00444924832  7.229181e-17 
 7356.95307636262  7.200683e-17 
 7358.90170347692  7.045308e-17 
 7360.85033059121  6.773265e-17 
 7362.79895770551  6.581013e-17 
  7364.7475848198  6.644054e-17 
  7366.6962119341  6.609241e-17 
  7368.6448390484  6.635411e-17 
 7370.59346616269  6.786239e-17 
 7372.54209327699  7.162199e-17 
 7374.49072039128  6.876072e-17 
 7376.43934750558  6.907881e-17 
 7378.38797461987  7.525312e-17 
 7380.33660173417  7.549367e-17 
 7382.28522884847   7.40146e-17 
 7384.23385596276  7.502312e-17 
 7386.18248307706  7.568197e-17 
 7388.13111019136  7.473965e-17 
 7390.07973730565  7.691289e-17 
 7392.02836441995  7.572662e-17 
 7393.97699153424  7.314737e-17 
 7395.92561864854  7.075037e-17 
 7397.87424576284  7.245562e-17 
 7399.82287287713  7.258243e-17 
 7401.77149999143   7.09917e-17 
 7403.72012710572  6.813526e-17 
 7405.66875422002  6.855899e-17 
 7407.61738133432  6.943117e-17 
 7409.56600844861  6.868842e-17 
 7411.51463556291  6.849973e-17 
  7413.4632626772  6.939501e-17 
  7415.4118897915  7.192327e-17 
 7417.36051690579   7.03143e-17 
 7419.30914402009  7.164234e-17 
 7421.25777113439  7.533305e-17 
 7423.20639824868  7.470425e-17 
 7425.15502536298  7.007852e-17 
 7427.10365247727  6.980665e-17 
 7429.05227959157  6.908808e-17 
 7431.00090670587  6.802538e-17 
 7432.94953382016  7.064408e-17 
 7434.89816093446  7.329089e-17 
 7436.84678804875  6.962031e-17 
 7438.79541516305  6.663689e-17 
 7440.74404227735   6.37803e-17 
 7442.69266939164   6.57943e-17 
 7444.64129650594  6.760105e-17 
 7446.58992362023   6.80641e-17 
 7448.53855073453  6.855976e-17 
 7450.48717784883  6.609975e-17 
 7452.43580496312  6.527172e-17 
 7454.38443207742  6.903415e-17 
 7456.33305919171  7.048501e-17 
 7458.28168630601  6.961823e-17 
  7460.2303134203  6.690848e-17 
  7462.1789405346  6.750976e-17 
  7464.1275676489  6.767314e-17 
 7466.07619476319  6.925736e-17 
 7468.02482187749  7.241535e-17 
 7469.97344899178  7.170846e-17 
 7471.92207610608  6.992054e-17 
 7473.87070322038  6.797062e-17 
 7475.81933033467  6.961911e-17 
 7477.76795744897   6.48703e-17 
 7479.71658456326  6.270935e-17 
 7481.66521167756  6.482065e-17 
 7483.61383879186  6.363548e-17 
 7485.56246590615  6.222409e-17 
 7487.51109302045  6.139338e-17 
 7489.45972013474   6.31519e-17 
 7491.40834724904   6.42385e-17 
 7493.35697436334  6.427339e-17 
 7495.30560147763  6.486715e-17 
 7497.25422859193  6.376643e-17 
 7499.20285570622  6.435958e-17 
 7501.15148282052  6.635551e-17 
 7503.10010993482  6.688246e-17 
 7505.04873704911  6.890533e-17 
 7506.99736416341  6.974559e-17 
  7508.9459912777  6.815686e-17 
   7510.894618392  6.727975e-17 
 7512.84324550629  6.658389e-17 
 7514.79187262059  6.453475e-17 
 7516.74049973489   6.78227e-17 
 7518.68912684918   7.31713e-17 
 7520.63775396348  7.296073e-17 
 7522.58638107778  6.787491e-17 
 7524.53500819207  6.527081e-17 
 7526.48363530637  6.699662e-17 
 7528.43226242066  6.770708e-17 
 7530.38088953496  6.443762e-17 
 7532.32951664926  6.173829e-17 
 7534.27814376355  6.300798e-17 
 7536.22677087785  6.187457e-17 
 7538.17539799214  5.966132e-17 
 7540.12402510644  6.191776e-17 
 7542.07265222074   6.40168e-17 
 7544.02127933503  6.093285e-17 
 7545.96990644933   5.78755e-17 
 7547.91853356362  5.933492e-17 
 7549.86716067792   6.12917e-17 
 7551.81578779222  6.362258e-17 
 7553.76441490651  6.534663e-17 
 7555.71304202081  6.472945e-17 
  7557.6616691351  6.496727e-17 
  7559.6102962494  6.480675e-17 
 7561.55892336369  6.562938e-17 
 7563.50755047799  6.683787e-17 
 7565.45617759229  6.554854e-17 
 7567.40480470658  6.667677e-17 
 7569.35343182088  6.832091e-17 
 7571.30205893517  6.881041e-17 
 7573.25068604947  7.056518e-17 
 7575.19931316377  6.773047e-17 
 7577.14794027806  6.535553e-17 
 7579.09656739236  6.603755e-17 
 7581.04519450666  6.573072e-17 
 7582.99382162095  6.202072e-17 
 7584.94244873525  5.859332e-17 
 7586.89107584954  6.035726e-17 
 7588.83970296384  6.525019e-17 
 7590.78833007813  6.541694e-17 
 7592.73695719243  6.044174e-17 
 7594.68558430673  5.677715e-17 
 7596.63421142102  5.424019e-17 
 7598.58283853532  5.454045e-17 
 7600.53146564961  5.817886e-17 
 7602.48009276391   5.97011e-17 
 7604.42871987821  6.119481e-17 
  7606.3773469925  6.230855e-17 
  7608.3259741068   5.47773e-17 
 7610.27460122109  5.041115e-17 
 7612.22322833539  5.849862e-17 
 7614.17185544969  6.005076e-17 
 7616.12048256398  6.228064e-17 
 7618.06910967828  6.556272e-17 
 7620.01773679257  6.893288e-17 
 7621.96636390687  6.573694e-17 
 7623.91499102117  6.140262e-17 
 7625.86361813546  5.574885e-17 
 7627.81224524976  5.384507e-17 
 7629.76087236405  5.552024e-17 
 7631.70949947835  5.681184e-17 
 7633.65812659265  5.659502e-17 
 7635.60675370694   5.82376e-17 
 7637.55538082124  5.838703e-17 
 7639.50400793553  6.085052e-17 
 7641.45263504983  6.096761e-17 
 7643.40126216413  6.172232e-17 
 7645.34988927842  6.024645e-17 
 7647.29851639272  6.157894e-17 
 7649.24714350701  6.094401e-17 
 7651.19577062131   5.88567e-17 
 7653.14439773561  6.225529e-17 
  7655.0930248499  6.121814e-17 
  7657.0416519642  6.103299e-17 
 7658.99027907849  6.168416e-17 
 7660.93890619279   5.84877e-17 
 7662.88753330709  5.736004e-17 
 7664.83616042138  6.018322e-17 
 7666.78478753568  5.956554e-17 
 7668.73341464997  5.684696e-17 
 7670.68204176427  5.771812e-17 
 7672.63066887856  5.639556e-17 
 7674.57929599286  5.297941e-17 
 7676.52792310716  5.209425e-17 
 7678.47655022145  5.279594e-17 
 7680.42517733575  5.286664e-17 
 7682.37380445004  5.257346e-17 
 7684.32243156434  5.119388e-17 
 7686.27105867864  5.546215e-17 
 7688.21968579293   5.86409e-17 
 7690.16831290723  5.520909e-17 
 7692.11694002152  5.680726e-17 
 7694.06556713582  6.005185e-17 
 7696.01419425012  5.945934e-17 
 7697.96282136441  6.228978e-17 
 7699.91144847871  6.523535e-17 
 7701.86007559301  6.434811e-17 
  7703.8087027073  6.280401e-17 
  7705.7573298216  6.166727e-17 
 7707.70595693589  6.065598e-17 
 7709.65458405019  6.271667e-17 
 7711.60321116448  6.129596e-17 
 7713.55183827878  5.927102e-17 
 7715.50046539308  5.964615e-17 
 7717.44909250737   5.92522e-17 
 7719.39771962167  5.901077e-17 
 7721.34634673597  6.038219e-17 
 7723.29497385026  5.861188e-17 
 7725.24360096456  5.431683e-17 
 7727.19222807885  5.421818e-17 
 7729.14085519315  5.546365e-17 
 7731.08948230745  5.620774e-17 
 7733.03810942174  5.747991e-17 
 7734.98673653604  5.977025e-17 
 7736.93536365033  6.227604e-17 
 7738.88399076463  6.139353e-17 
 7740.83261787892  5.948033e-17 
 7742.78124499322  6.244463e-17 
 7744.72987210752  6.795692e-17 
 7746.67849922181  6.755713e-17 
 7748.62712633611   6.26305e-17 
  7750.5757534504  6.522782e-17 
  7752.5243805647  7.250601e-17 
   7754.473007679  7.548721e-17 
 7756.42163479329  7.249471e-17 
 7758.37026190759  6.319639e-17 
 7760.31888902188  6.045365e-17 
 7762.26751613618  5.985211e-17 
 7764.21614325048  5.883143e-17 
 7766.16477036477  6.073481e-17 
 7768.11339747907  5.947023e-17 
 7770.06202459336  6.061112e-17 
 7772.01065170766  5.943436e-17 
 7773.95927882196  5.604342e-17 
 7775.90790593625  5.731765e-17 
 7777.85653305055  5.601181e-17 
 7779.80516016484  5.556971e-17 
 7781.75378727914  5.985703e-17 
 7783.70241439344  6.061642e-17 
 7785.65104150773  6.261275e-17 
 7787.59966862203  6.315767e-17 
 7789.54829573632  6.490522e-17 
 7791.49692285062  6.169965e-17 
 7793.44554996492  6.124765e-17 
 7795.39417707921  6.834667e-17 
 7797.34280419351  7.096949e-17 
  7799.2914313078  6.746634e-17 
  7801.2400584221  6.530341e-17 
  7803.1886855364  6.232568e-17 
 7805.13731265069   6.40223e-17 
 7807.08593976499  6.447934e-17 
 7809.03456687928  6.142386e-17 
 7810.98319399358  6.395886e-17 
 7812.93182110788  6.353113e-17 
 7814.88044822217  5.842833e-17 
 7816.82907533647   5.75494e-17 
 7818.77770245076  5.816823e-17 
 7820.72632956506  5.992216e-17 
 7822.67495667935  5.892236e-17 
 7824.62358379365  5.638633e-17 
 7826.57221090795  5.515652e-17 
 7828.52083802224   5.66948e-17 
 7830.46946513654   5.72491e-17 
 7832.41809225084  5.862291e-17 
 7834.36671936513  6.147224e-17 
 7836.31534647943  6.091531e-17 
 7838.26397359372  5.990981e-17 
 7840.21260070802  6.325857e-17 
 7842.16122782232  6.381661e-17 
 7844.10985493661  6.302748e-17 
 7846.05848205091  6.615261e-17 
  7848.0071091652  6.673797e-17 
  7849.9557362795  6.387152e-17 
 7851.90436339379  5.972949e-17 
 7853.85299050809  5.830191e-17 
 7855.80161762239  6.700669e-17 
 7857.75024473668  7.000344e-17 
 7859.69887185098  6.210754e-17 
 7861.64749896527  5.870311e-17 
 7863.59612607957   5.77175e-17 
 7865.54475319387  5.379377e-17 
 7867.49338030816  5.560654e-17 
 7869.44200742246  5.837967e-17 
 7871.39063453675  5.356469e-17 
 7873.33926165105  5.325389e-17 
 7875.28788876535  5.307053e-17 
 7877.23651587964  5.210451e-17 
 7879.18514299394  5.491237e-17 
 7881.13377010823  5.713874e-17 
 7883.08239722253  5.981726e-17 
 7885.03102433682   5.93547e-17 
 7886.97965145112  5.810512e-17 
 7888.92827856542  5.902071e-17 
 7890.87690567971  6.004315e-17 
 7892.82553279401  6.227167e-17 
  7894.7741599083  6.213815e-17 
  7896.7227870226  5.847434e-17 
  7898.6714141369  5.639068e-17 
 7900.62004125119  5.776229e-17 
 7902.56866836549  6.098601e-17 
 7904.51729547978  6.241108e-17 
 7906.46592259408  5.924084e-17 
 7908.41454970838  5.562604e-17 
 7910.36317682267  5.644004e-17 
 7912.31180393697  5.773985e-17 
 7914.26043105126   5.36735e-17 
 7916.20905816556  4.861369e-17 
 7918.15768527986   4.81686e-17 
 7920.10631239415  5.029603e-17 
 7922.05493950845  5.175408e-17 
 7924.00356662274  5.256228e-17 
 7925.95219373704  5.535655e-17 
 7927.90082085134  5.743529e-17 
 7929.84944796563  5.637465e-17 
 7931.79807507993  5.784442e-17 
 7933.74670219422  5.991173e-17 
 7935.69532930852  5.549409e-17 
 7937.64395642282  5.560675e-17 
 7939.59258353711  6.164218e-17 
 7941.54121065141  6.020807e-17 
  7943.4898377657  6.132521e-17 
    7945.43846488   6.54048e-17 
  7947.3870919943  6.308725e-17 
 7949.33571910859  6.221699e-17 
 7951.28434622289  6.347207e-17 
 7953.23297333718  6.170121e-17 
 7955.18160045148  6.200879e-17 
 7957.13022756578  5.913852e-17 
 7959.07885468007  5.796004e-17 
 7961.02748179437  5.764536e-17 
 7962.97610890866  5.539013e-17 
 7964.92473602296  5.580599e-17 
 7966.87336313726  5.526087e-17 
 7968.82199025155    4.9675e-17 
 7970.77061736585  5.180429e-17 
 7972.71924448014  5.974673e-17 
 7974.66787159444  6.051718e-17 
 7976.61649870874  5.819726e-17 
 7978.56512582303  6.211165e-17 
 7980.51375293733  6.232436e-17 
 7982.46238005162  6.270971e-17 
 7984.41100716592  6.111151e-17 
 7986.35963428021  5.791537e-17 
 7988.30826139451   6.07417e-17 
 7990.25688850881   6.30232e-17 
  7992.2055156231  6.250778e-17 
  7994.1541427374  6.656805e-17 
 7996.10276985169  7.082469e-17 
 7998.05139696599   6.86069e-17 
 8000.00002408029   6.86069e-17 
