# STATUS =
# OBJECT = LSQ14bdq
# TELESCOPE = ESO-NTT
# INSTRUMENT = EFOSC2-NTT
# DATE-OBS = 2014-05-04 23:27:07.00
# MJD = 56781.97716439981
# EXPTIME = 1500
# AIRMASS = --
# SLIT = --
# DISPERSER = --
# SOURCE = --
# FILTER =
# RESOLUTION =
# FLUX_STANDARD =
# EXTINCTION_CORRECTED = --
# PHOTOMETRY_CALIBRATED =
# TELLURIC_CORRECTED =
# FLUX_UNITS = erg cm(-2) sec(-1) Ang(-1)
# WAVE_UNITS = Angstrom
# QUALITY = --
# MIN_WAVE = 3674.5225
# MAX_WAVE = 9276.046
# COMMENT = Released as part of DR2
 Wavelength            Flux          Error 
  3674.5225   1.2988072e-16   7.913048e-18 
  3680.0466   1.2984429e-16  7.8969676e-18 
  3685.5708   1.4568383e-16  7.9029555e-18 
   3691.095   1.4114937e-16  7.8533735e-18 
  3696.6191   1.2456746e-16   7.611744e-18 
  3702.1433   1.3051919e-16   7.636016e-18 
  3707.6675    1.417903e-16   7.586002e-18 
  3713.1917   1.4400661e-16   7.447283e-18 
  3718.7158   1.5785973e-16   7.546085e-18 
    3724.24   1.5183951e-16   7.411116e-18 
  3729.7642    1.351173e-16  7.2458424e-18 
  3735.2883   1.5802657e-16   7.377488e-18 
  3740.8125   1.5799953e-16   7.369405e-18 
  3746.3367   1.6589034e-16  7.2046745e-18 
  3751.8608   1.4283869e-16  6.9354685e-18 
  3757.3853   1.3478309e-16   6.745335e-18 
  3762.9094   1.2275466e-16  6.5083427e-18 
  3768.4336   1.4291064e-16  6.6720632e-18 
  3773.9578    1.278559e-16  6.4887985e-18 
   3779.482   1.3786086e-16   6.594275e-18 
   3785.006   1.3453152e-16    6.47856e-18 
  3790.5303   1.4366163e-16   6.432723e-18 
  3796.0544   1.2694734e-16  6.3470305e-18 
  3801.5786   1.1540533e-16   6.053788e-18 
  3807.1028   1.3280233e-16  6.0844817e-18 
   3812.627   1.2901441e-16  6.1109903e-18 
  3818.1511   1.1649203e-16  5.9165723e-18 
  3823.6753   1.3254651e-16   5.984968e-18 
  3829.1995   1.3064285e-16  5.8904367e-18 
  3834.7236   1.1103816e-16  5.7018594e-18 
  3840.2478   1.1742542e-16   5.687087e-18 
   3845.772   1.2802323e-16  5.7743952e-18 
  3851.2964   1.1813723e-16   5.634726e-18 
  3856.8206    1.133425e-16  5.5497735e-18 
  3862.3447   1.1504175e-16   5.451853e-18 
   3867.869    1.235622e-16   5.510104e-18 
   3873.393   1.2440594e-16   5.449512e-18 
  3878.9172   1.2065708e-16   5.419996e-18 
  3884.4414   1.2004148e-16   5.317607e-18 
  3889.9656    1.273982e-16  5.3966272e-18 
  3895.4897   1.3001285e-16  5.4047522e-18 
   3901.014   1.3201685e-16  5.4762243e-18 
   3906.538   1.2169412e-16     5.4295e-18 
  3912.0623   1.2840669e-16  5.4563257e-18 
  3917.5864    1.291466e-16   5.420009e-18 
  3923.1106   1.2495106e-16  5.2251825e-18 
  3928.6348   1.2447312e-16   5.027697e-18 
   3934.159   1.4111546e-16    5.10738e-18 
  3939.6833   1.4262204e-16  5.1317466e-18 
  3945.2075    1.430369e-16  5.1932744e-18 
  3950.7317   1.4395395e-16  5.3223543e-18 
  3956.2559   1.5251074e-16  5.3258255e-18 
    3961.78   1.4888491e-16  5.1650014e-18 
  3967.3042   1.4757357e-16  5.0509857e-18 
  3972.8284   1.5560342e-16   5.120261e-18 
  3978.3525   1.5147576e-16  5.1427217e-18 
  3983.8767   1.4784571e-16  5.1555512e-18 
   3989.401    1.506033e-16   5.219648e-18 
   3994.925   1.4198786e-16  5.1251346e-18 
  4000.4492   1.3860676e-16   5.080501e-18 
  4005.9734   1.4070438e-16  5.0700923e-18 
  4011.4976   1.4346298e-16   5.091105e-18 
  4017.0217   1.2324783e-16  4.9069636e-18 
   4022.546   1.2319889e-16  4.8988196e-18 
    4028.07    1.280447e-16   4.887883e-18 
  4033.5945   1.2964185e-16  4.8877643e-18 
  4039.1187   1.1976769e-16  4.7789876e-18 
  4044.6428   1.2483479e-16  4.8119445e-18 
   4050.167   1.3567778e-16  4.8712865e-18 
  4055.6912   1.3686196e-16   4.847073e-18 
  4061.2153   1.2319292e-16   4.761058e-18 
  4066.7395   1.2926877e-16   4.743278e-18 
  4072.2637   1.3821624e-16   4.842617e-18 
  4077.7878   1.3104995e-16   4.795817e-18 
   4083.312   1.2994376e-16    4.71427e-18 
  4088.8362   1.2692364e-16  4.7060088e-18 
  4094.3604   1.3548182e-16   4.758746e-18 
   4099.885    1.372299e-16  4.6929683e-18 
  4105.4087    1.383494e-16   4.700345e-18 
   4110.933   1.3829146e-16   4.666042e-18 
   4116.457   1.3181042e-16    4.63286e-18 
  4121.9814   1.2910843e-16   4.621229e-18 
  4127.5054    1.367099e-16  4.6201925e-18 
    4133.03   1.2414837e-16  4.5623424e-18 
  4138.5537   1.4056113e-16  4.6400043e-18 
   4144.078   1.2426133e-16  4.5183926e-18 
   4149.602   1.4257338e-16  4.6254252e-18 
  4155.1265    1.390829e-16  4.5931735e-18 
  4160.6504   1.4006844e-16  4.6241315e-18 
   4166.175   1.2470043e-16  4.5304446e-18 
   4171.699   1.3695692e-16   4.612209e-18 
   4177.223   1.3865847e-16   4.565584e-18 
  4182.7476   1.3902806e-16  4.5346897e-18 
  4188.2715   1.3417042e-16  4.4933874e-18 
   4193.796   1.3159055e-16   4.476853e-18 
    4199.32   1.3259602e-16   4.412556e-18 
   4204.844   1.3853412e-16  4.4577537e-18 
   4210.368   1.3381923e-16  4.3939474e-18 
  4215.8926   1.4461601e-16  4.4808825e-18 
  4221.4165   1.3251365e-16   4.378691e-18 
   4226.941   1.2644853e-16  4.3191604e-18 
   4232.465   1.3588567e-16  4.3535608e-18 
  4237.9893   1.2903667e-16  4.2857282e-18 
   4243.513   1.2795186e-16   4.275921e-18 
  4249.0376   1.2406596e-16  4.2555824e-18 
  4254.5615   1.1659679e-16   4.191352e-18 
   4260.086   1.2230546e-16  4.2118548e-18 
  4265.6104   1.1616674e-16  4.1667515e-18 
  4271.1343   1.1868382e-16   4.150271e-18 
  4276.6587   1.1253464e-16   4.117203e-18 
  4282.1826   1.1983201e-16   4.152833e-18 
   4287.707    1.114614e-16   4.072187e-18 
   4293.231   1.1402744e-16  4.0504247e-18 
  4298.7554   1.2359701e-16  4.0461354e-18 
  4304.2793   1.1310127e-16  3.9694656e-18 
  4309.8037   1.1129886e-16  3.9562767e-18 
  4315.3276   1.2076364e-16   4.059417e-18 
   4320.852   1.2260712e-16   4.113635e-18 
   4326.376   1.2551363e-16   4.136395e-18 
  4331.9004   1.1667646e-16   4.050225e-18 
  4337.4243   1.2240396e-16   4.082552e-18 
  4342.9487   1.1796359e-16   4.047243e-18 
  4348.4727   1.2396442e-16  4.0662685e-18 
   4353.997   1.1573965e-16   4.037892e-18 
  4359.5215   1.2320113e-16   4.070244e-18 
  4365.0454   1.1993358e-16   4.071824e-18 
    4370.57   1.1288908e-16  3.9961054e-18 
  4376.0938   1.1150638e-16  3.9810793e-18 
   4381.618   1.1649874e-16   3.969029e-18 
   4387.142    1.145131e-16  3.9672298e-18 
  4392.6665    1.215542e-16  4.0151206e-18 
  4398.1904   1.1857851e-16  3.9843313e-18 
   4403.715   1.2252746e-16  4.0259414e-18 
   4409.239   1.1719611e-16    4.00971e-18 
   4414.763   1.1902616e-16    4.03513e-18 
   4420.287   1.1755552e-16  4.0401677e-18 
  4425.8115   1.2736954e-16   4.110088e-18 
  4431.3354   1.1569778e-16   3.998163e-18 
    4436.86   1.1509114e-16  3.9908938e-18 
   4442.384    1.220859e-16  4.0111787e-18 
   4447.908   1.1941791e-16   4.023059e-18 
  4453.4326   1.2805161e-16  4.0414974e-18 
  4458.9565   1.2488778e-16  4.0168432e-18 
   4464.481   1.2714245e-16  4.0286533e-18 
   4470.005   1.2359496e-16   3.989247e-18 
  4475.5293   1.2278068e-16    3.99876e-18 
   4481.053   1.2936603e-16  4.0362915e-18 
  4486.5776   1.2495848e-16  4.0023812e-18 
  4492.1016   1.3505083e-16    4.05916e-18 
   4497.626   1.2933373e-16  4.0059836e-18 
    4503.15   1.2184226e-16    3.98706e-18 
  4508.6743   1.3194601e-16  4.0440517e-18 
   4514.198   1.1992728e-16  3.9801536e-18 
  4519.7227   1.2976113e-16   4.014851e-18 
  4525.2466    1.296722e-16   3.996037e-18 
   4530.771    1.284575e-16  3.9721887e-18 
  4536.2954   1.1605961e-16  3.8955587e-18 
  4541.8193   1.1766725e-16   3.940947e-18 
  4547.3438   1.2445287e-16  3.9549122e-18 
  4552.8677   1.1053564e-16  3.8473576e-18 
   4558.392   1.1678939e-16  3.8682295e-18 
   4563.916    1.211165e-16    3.88967e-18 
  4569.4404   1.1594585e-16   3.871299e-18 
  4574.9644   1.1726442e-16  3.8740495e-18 
   4580.489   1.1565113e-16   3.875566e-18 
  4586.0127   1.1660131e-16  3.8376403e-18 
   4591.537    1.165643e-16  3.8424368e-18 
   4597.061   1.1677194e-16  3.8455614e-18 
  4602.5854   1.1721411e-16   3.829587e-18 
  4608.1094   1.2811249e-16   3.906752e-18 
   4613.634   1.2287755e-16   3.863532e-18 
  4619.1577   1.2827564e-16   3.897962e-18 
   4624.682   1.2181673e-16  3.8523613e-18 
  4630.2065    1.243646e-16   3.896193e-18 
  4635.7305    1.271678e-16  3.8787905e-18 
   4641.255   1.2195437e-16  3.8448178e-18 
   4646.779   1.3354918e-16  3.9010297e-18 
   4652.303   1.1869604e-16  3.7897487e-18 
   4657.827   1.1512221e-16  3.7846247e-18 
  4663.3516   1.1297356e-16  3.7505978e-18 
  4668.8755   1.1129443e-16  3.7376276e-18 
     4674.4   1.0876131e-16  3.7163298e-18 
   4679.924   1.0844377e-16   3.704521e-18 
   4685.448  1.02207376e-16   3.671896e-18 
   4690.972   1.0360335e-16   3.646565e-18 
  4696.4966   1.1145838e-16   3.694018e-18 
  4702.0205  1.06143214e-16  3.6415055e-18 
   4707.545   1.0890508e-16   3.671727e-18 
   4713.069   1.1196915e-16   3.710196e-18 
  4718.5933  1.10662624e-16   3.702099e-18 
  4724.1177   1.1120756e-16   3.711483e-18 
  4729.6416  1.09829065e-16  3.6842054e-18 
   4735.166   1.1334999e-16  3.6948545e-18 
    4740.69   1.0986225e-16  3.6475307e-18 
  4746.2144   1.1914765e-16   3.716611e-18 
  4751.7383   1.1507079e-16    3.70276e-18 
  4757.2627    1.183082e-16  3.7185975e-18 
  4762.7866   1.1569233e-16   3.714239e-18 
   4768.311   1.1496244e-16  3.6887656e-18 
   4773.835   1.1227129e-16  3.6828256e-18 
  4779.3594   1.1793454e-16  3.7209984e-18 
  4784.8833   1.1286853e-16  3.6599235e-18 
  4790.4077   1.1423391e-16  3.6971172e-18 
  4795.9316   1.1253025e-16    3.68232e-18 
   4801.456    1.176689e-16  3.6991087e-18 
    4806.98   1.1015665e-16  3.6531063e-18 
  4812.5044  1.08074806e-16   3.628425e-18 
   4818.029   1.1408799e-16   3.658044e-18 
  4823.5527   1.1687324e-16   3.724183e-18 
   4829.077  1.10125354e-16   3.669816e-18 
   4834.601  1.09267515e-16  3.6377186e-18 
  4840.1255  1.06282174e-16   3.611357e-18 
  4845.6494   1.0148549e-16   3.589098e-18 
   4851.174   1.0554016e-16   3.578303e-18 
  4856.6978   1.0281323e-16   3.530149e-18 
   4862.222  1.02597355e-16   3.533939e-18 
   4867.746    9.970348e-17   3.497739e-18 
  4873.2705     9.61211e-17  3.4541046e-18 
  4878.7944   9.6687494e-17  3.4872342e-18 
   4884.319   1.0499111e-16  3.5549063e-18 
   4889.843     9.38118e-17   3.479591e-18 
   4895.367   1.0626945e-16   3.576208e-18 
   4900.891   9.4722503e-17  3.4575722e-18 
  4906.4155   1.0592993e-16  3.5638452e-18 
    4911.94    9.551575e-17  3.4568405e-18 
   4917.464   9.5452216e-17  3.4587484e-18 
  4922.9883   1.0216961e-16  3.5209344e-18 
   4928.512   1.0503103e-16  3.5392556e-18 
  4934.0366   1.0370467e-16   3.502948e-18 
  4939.5605   1.0688898e-16   3.540679e-18 
   4945.085   1.0311477e-16   3.498589e-18 
   4950.609   1.0129846e-16  3.5091065e-18 
  4956.1333   9.8685565e-17  3.4543544e-18 
   4961.657   1.0940069e-16   3.571326e-18 
  4967.1816   1.0434764e-16  3.5284923e-18 
  4972.7056    1.070833e-16  3.5529206e-18 
    4978.23   1.0113089e-16  3.5175636e-18 
   4983.754   1.0766833e-16   3.544986e-18 
  4989.2783    9.767304e-17   3.503613e-18 
  4994.8027   1.0032326e-16  3.4787196e-18 
  5000.3267    1.029697e-16  3.4915273e-18 
   5005.851    9.850007e-17  3.4744224e-18 
   5011.375    9.796884e-17  3.4577297e-18 
  5016.8994   1.0435504e-16   3.489584e-18 
  5022.4233   1.0250731e-16  3.4799815e-18 
  5027.9478   1.0846536e-16  3.5037605e-18 
  5033.4717   1.0980677e-16   3.524772e-18 
   5038.996  1.01816504e-16  3.4717986e-18 
    5044.52   1.0394155e-16  3.4842775e-18 
  5050.0444  1.04685596e-16  3.4908043e-18 
  5055.5684   1.0009806e-16  3.4444584e-18 
   5061.093    9.882813e-17  3.4460475e-18 
  5066.6167    9.828718e-17   3.453415e-18 
   5072.141   1.0244122e-16  3.4631374e-18 
   5077.665    9.988273e-17  3.4164772e-18 
  5083.1895   9.8695253e-17  3.4411179e-18 
   5088.714   9.6757957e-17  3.4472113e-18 
   5094.238    9.635902e-17  3.4239404e-18 
   5099.762    9.523216e-17  3.3935157e-18 
   5105.286     9.69654e-17  3.4092828e-18 
  5110.8105    9.329426e-17  3.3758678e-18 
  5116.3345    9.020207e-17  3.3401286e-18 
   5121.859   9.1653465e-17  3.3551953e-18 
   5127.383    9.353752e-17  3.3458008e-18 
   5132.907    9.219442e-17  3.3729857e-18 
   5138.431   9.0600126e-17   3.352993e-18 
  5143.9556   9.1521883e-17  3.3567424e-18 
  5149.4795    8.826797e-17  3.3418517e-18 
   5155.004    8.959434e-17  3.3114598e-18 
   5160.528    9.053684e-17  3.3194605e-18 
  5166.0522   8.7194855e-17  3.2886104e-18 
   5171.576    8.774121e-17  3.2798117e-18 
  5177.1006    8.917279e-17  3.2887642e-18 
   5182.625   9.3233955e-17   3.334258e-18 
   5188.149   9.1438636e-17  3.3438077e-18 
  5193.6733   9.2957704e-17  3.4541145e-18 
  5199.1973    9.862016e-17  3.5156744e-18 
  5204.7217   8.9417596e-17  3.4222728e-18 
  5210.2456   1.0111428e-16    3.49292e-18 
    5215.77    9.288718e-17  3.3646957e-18 
   5221.294    9.439915e-17  3.3681945e-18 
  5226.8184   9.5299717e-17  3.3872231e-18 
  5232.3423   1.0262142e-16  3.4631738e-18 
  5237.8667    9.277805e-17    3.38934e-18 
  5243.3906    9.695321e-17   3.407972e-18 
   5248.915    9.022789e-17  3.3623118e-18 
   5254.439    9.967852e-17  3.4440047e-18 
  5259.9634   9.9901514e-17  3.4009434e-18 
  5265.4873    9.970743e-17  3.3926676e-18 
  5271.0117    9.815232e-17  3.3714362e-18 
   5276.536   1.0443057e-16  3.4208462e-18 
    5282.06   9.4083735e-17   3.365932e-18 
  5287.5845    8.811989e-17   3.304564e-18 
  5293.1084    9.092948e-17  3.3255736e-18 
   5298.633    8.900557e-17  3.3419426e-18 
  5304.1567   9.4153694e-17   3.368882e-18 
   5309.681    8.795603e-17  3.3385977e-18 
   5315.205    8.467134e-17  3.3052295e-18 
  5320.7295    8.524569e-17   3.288044e-18 
  5326.2534    8.598601e-17  3.2975969e-18 
   5331.778      8.7085e-17  3.3128778e-18 
   5337.302   8.6962365e-17  3.3134297e-18 
   5342.826   7.9548126e-17  3.2481968e-18 
    5348.35    7.985082e-17  3.2316838e-18 
  5353.8745    8.275797e-17  3.2691392e-18 
  5359.3984    8.732833e-17  3.3049908e-18 
   5364.923    8.059054e-17  3.2341072e-18 
  5370.4473    7.575707e-17   3.182007e-18 
   5375.971    8.296801e-17   3.269068e-18 
  5381.4956    8.570797e-17  3.2934725e-18 
  5387.0195     8.70272e-17   3.293022e-18 
   5392.544   9.1732126e-17  3.3158906e-18 
   5398.068    8.498297e-17   3.275643e-18 
  5403.5923    8.383096e-17  3.2787806e-18 
   5409.116    8.442356e-17  3.2652936e-18 
  5414.6406   8.6163943e-17  3.2948864e-18 
  5420.1646   9.3162474e-17   3.356299e-18 
   5425.689    9.055632e-17  3.3093031e-18 
   5431.213    9.014609e-17  3.3306103e-18 
  5436.7373     8.37971e-17  3.2939554e-18 
   5442.261    8.589295e-17  3.3065288e-18 
  5447.7856   8.8968516e-17  3.3255736e-18 
    5453.31   8.8194414e-17   3.306403e-18 
   5458.834    8.938115e-17   3.341016e-18 
  5464.3584    9.490439e-17  3.3662998e-18 
  5469.8823    9.507184e-17  3.3748777e-18 
  5475.4067    8.805972e-17  3.3386445e-18 
  5480.9307    9.776283e-17   3.402964e-18 
   5486.455    9.321036e-17  3.3991325e-18 
   5491.979    8.989481e-17  3.3393569e-18 
  5497.5034   8.6606915e-17  3.3353269e-18 
  5503.0273   8.4726046e-17   3.307773e-18 
   5508.552    9.203444e-17  3.3514788e-18 
  5514.0757   9.0911755e-17   3.351779e-18 
     5519.6    8.656041e-17   3.329469e-18 
   5525.124    8.344924e-17  3.3143121e-18 
  5530.6484   8.6367106e-17  3.3245152e-18 
  5536.1724    8.929182e-17  3.3411045e-18 
   5541.697   8.6736697e-17  3.3326668e-18 
   5547.221    7.804471e-17  3.2800354e-18 
   5552.745    8.326446e-17   3.337935e-18 
  5558.2695   8.1625667e-17    3.28622e-18 
  5563.7935     8.11255e-17  3.9089028e-18 
   5569.318    8.403989e-17    5.07871e-18 
   5574.842    7.171299e-17   5.444929e-18 
   5580.366   7.2576926e-17   5.426719e-18 
    5585.89      7.5833e-17  4.7656344e-18 
  5591.4146    7.703777e-17  3.6211755e-18 
  5596.9385   7.3621655e-17  3.2122542e-18 
   5602.463    7.633277e-17  3.2614216e-18 
   5607.987   7.6883295e-17    3.24937e-18 
   5613.511    7.379118e-17   3.224628e-18 
   5619.035    7.710254e-17  3.2393878e-18 
  5624.5596   7.0911415e-17   3.191822e-18 
  5630.0835    7.490493e-17  3.2306323e-18 
   5635.608   6.7999745e-17  3.1733535e-18 
  5641.1323    6.697097e-17  3.1692916e-18 
  5646.6562     6.66261e-17    3.18072e-18 
  5652.1807    6.725146e-17  3.1650532e-18 
  5657.7046    6.803703e-17  3.1601426e-18 
   5663.229     6.23419e-17  3.1185234e-18 
   5668.753    6.366825e-17    3.13803e-18 
  5674.2773   6.3411686e-17  3.1541069e-18 
  5679.8013   6.1125894e-17  3.1415743e-18 
  5685.3257   6.5568106e-17  3.1366937e-18 
  5690.8496   6.4143946e-17  3.1678898e-18 
   5696.374   7.1314735e-17  3.2391218e-18 
   5701.898   6.8943274e-17  3.2170748e-18 
  5707.4224    6.676719e-17  3.2023086e-18 
  5712.9463     6.92188e-17   3.211259e-18 
  5718.4707    6.828016e-17  3.2011613e-18 
  5723.9946    6.447355e-17  3.1851311e-18 
   5729.519    6.787322e-17   3.194532e-18 
  5735.0435    6.902752e-17  3.2035144e-18 
  5740.5674   6.7009346e-17  3.1870297e-18 
   5746.092    6.604405e-17  3.1895733e-18 
  5751.6157    5.761127e-17   3.120088e-18 
    5757.14    6.598213e-17  3.1775347e-18 
   5762.664      7.2797e-17    3.23797e-18 
  5768.1885    7.000473e-17   3.218267e-18 
  5773.7124   6.8023535e-17  3.2017438e-18 
   5779.237     6.88617e-17  3.1882144e-18 
  5784.7607   7.0401607e-17  3.2021094e-18 
   5790.285    7.567785e-17  3.2591816e-18 
   5795.809    7.228193e-17   3.247207e-18 
  5801.3335   6.5692315e-17  3.1954365e-18 
  5806.8574    7.013999e-17  3.2395526e-18 
   5812.382    6.890014e-17  3.2451646e-18 
   5817.906    6.872356e-17  3.2380347e-18 
    5823.43   6.3557216e-17  3.1764662e-18 
  5828.9546   7.4458385e-17  3.2559636e-18 
  5834.4785    7.047718e-17   3.235495e-18 
   5840.003    6.948642e-17   3.242958e-18 
   5845.527    7.122185e-17  3.2160625e-18 
  5851.0513    7.391587e-17  3.2483678e-18 
   5856.575    7.875874e-17  3.3486029e-18 
  5862.0996     7.95603e-17  3.3961304e-18 
  5867.6235    7.222287e-17  3.3325837e-18 
   5873.148    7.288059e-17  3.3636195e-18 
   5878.672    7.441576e-17    3.63364e-18 
  5884.1963   6.6446366e-17   3.928856e-18 
    5889.72    7.454965e-17  4.1158853e-18 
  5895.2446   7.2978294e-17  4.0569938e-18 
  5900.7686   7.4157854e-17  3.7831085e-18 
   5906.293    7.309146e-17  3.4886255e-18 
  5911.8174    7.208236e-17  3.3779515e-18 
  5917.3413    7.541076e-17  3.3712908e-18 
  5922.8657     7.76255e-17   3.391483e-18 
  5928.3896    7.424437e-17  3.3369283e-18 
   5933.914   6.2082995e-17  3.2536637e-18 
   5939.438    6.798766e-17  3.2892736e-18 
  5944.9624   6.7170275e-17  3.2759252e-18 
  5950.4863    6.228971e-17  3.2333599e-18 
  5956.0107   6.8107676e-17  3.2868328e-18 
  5961.5347    6.302697e-17   3.223597e-18 
   5967.059    6.078664e-17  3.1950041e-18 
   5972.583   5.8007854e-17  3.1922523e-18 
  5978.1074   6.5821044e-17  3.2604943e-18 
  5983.6313    6.273891e-17    3.18443e-18 
   5989.156    6.948599e-17  3.1925092e-18 
  5994.6797   6.2389615e-17  3.1575806e-18 
   6000.204    6.126891e-17   3.154375e-18 
  6005.7285    6.418717e-17  3.1621136e-18 
  6011.2524   5.6798813e-17  3.1010298e-18 
   6016.777   5.7961836e-17  3.1143886e-18 
   6022.301   6.0479966e-17  3.1012385e-18 
   6027.825    5.733501e-17  3.0743046e-18 
   6033.349   5.5991154e-17  3.0855553e-18 
  6038.8735    6.236415e-17  3.0961302e-18 
  6044.3975   5.1069274e-17  2.9982148e-18 
   6049.922    5.700545e-17   3.022414e-18 
   6055.446    5.665115e-17   3.026849e-18 
    6060.97    5.710097e-17  3.0454654e-18 
   6066.494    5.556654e-17  2.9957529e-18 
  6072.0186     5.91872e-17  3.0664716e-18 
  6077.5425    6.113586e-17  3.0404316e-18 
   6083.067   5.8483224e-17  3.0364026e-18 
   6088.591    6.412392e-17  3.0815813e-18 
   6094.115    5.916181e-17  3.0369748e-18 
  6099.6396   6.6229725e-17  3.1017976e-18 
  6105.1636   6.3330456e-17  3.0805041e-18 
   6110.688   6.0210947e-17  3.0564098e-18 
   6116.212    6.101508e-17  3.0501648e-18 
  6121.7363    6.372618e-17  3.0581177e-18 
  6127.2603    5.996118e-17  3.0349509e-18 
  6132.7847   5.7607253e-17   3.034164e-18 
  6138.3086   6.2369206e-17   3.084126e-18 
   6143.833     6.64086e-17  3.1167154e-18 
   6149.357    7.275295e-17   3.149984e-18 
  6154.8813    6.593485e-17  3.0761877e-18 
  6160.4053    6.509483e-17  3.0909082e-18 
  6165.9297   6.7837314e-17   3.148483e-18 
  6171.4536    6.242004e-17   3.109244e-18 
   6176.978   6.6750504e-17  3.1088562e-18 
   6182.502    6.310903e-17  3.0702254e-18 
  6188.0264   6.0974825e-17  3.0603772e-18 
   6193.551    6.572484e-17  3.1254385e-18 
  6199.0747   7.5442995e-17  3.1567106e-18 
   6204.599   6.7764204e-17  3.1170196e-18 
   6210.123   6.9908203e-17  3.1449438e-18 
  6215.6475   6.4111097e-17  3.0879763e-18 
  6221.1714    6.449842e-17  3.1358063e-18 
   6226.696    6.434473e-17  3.1827898e-18 
  6232.2197   6.4529716e-17  3.1964418e-18 
   6237.744    6.606587e-17  3.2214284e-18 
   6243.268    6.014493e-17  3.1810134e-18 
  6248.7925    6.671603e-17     3.2077e-18 
  6254.3164   6.4721695e-17  3.1705136e-18 
   6259.841   6.4018294e-17  3.2190902e-18 
  6265.3647     6.27578e-17  3.1739342e-18 
   6270.889    6.364082e-17  3.1296771e-18 
   6276.413    6.348872e-17  3.0969874e-18 
  6281.9375    7.006899e-17  3.2242206e-18 
   6287.462    6.189955e-17  3.6980664e-18 
   6292.986    6.486829e-17  4.4674615e-18 
  6298.5103    5.646293e-17  4.5236738e-18 
   6304.034    5.803395e-17  4.5038657e-18 
  6309.5586   6.1932654e-17  3.9699367e-18 
  6315.0825   5.5227667e-17  3.2152097e-18 
   6320.607   6.0859555e-17   3.089605e-18 
   6326.131    5.590269e-17   3.048555e-18 
  6331.6553    6.010085e-17  3.0948557e-18 
   6337.179    6.057044e-17  3.0680793e-18 
  6342.7036   5.5435243e-17  2.9866156e-18 
  6348.2275    5.889376e-17  3.1171038e-18 
   6353.752    6.009886e-17  3.4364331e-18 
   6359.276   4.8438952e-17   3.509404e-18 
  6364.8003   5.4021736e-17  3.5069873e-18 
  6370.3247   5.2984862e-17   3.422676e-18 
  6375.8486   5.7058826e-17  3.1517786e-18 
   6381.373    5.841323e-17  2.9988891e-18 
   6386.897    5.862588e-17  3.0092913e-18 
  6392.4214    5.730733e-17  2.9458979e-18 
  6397.9453    5.352511e-17  2.8845475e-18 
  6403.4697   5.9589754e-17  2.9409455e-18 
  6408.9937   5.6465076e-17  2.9251336e-18 
   6414.518    5.303311e-17  2.8921667e-18 
   6420.042   5.5766446e-17  2.9340892e-18 
  6425.5664   5.0685244e-17  2.8918189e-18 
  6431.0903   5.7758535e-17  2.9097333e-18 
  6436.6147   5.8139104e-17  2.8985283e-18 
  6442.1387    5.560361e-17  2.8644994e-18 
   6447.663    5.482357e-17  2.8737228e-18 
   6453.187   5.2093946e-17  2.9037065e-18 
  6458.7114   5.3321392e-17  2.9508266e-18 
   6464.236    5.235197e-17  2.9673959e-18 
    6469.76   4.9941817e-17  2.9499618e-18 
   6475.284    5.883117e-17  2.9797467e-18 
   6480.808    5.563603e-17   2.935579e-18 
  6486.3325   5.3857707e-17  2.8705469e-18 
  6491.8564   5.2232528e-17  2.9343213e-18 
   6497.381   4.9315575e-17   2.941967e-18 
   6502.905    5.543707e-17  2.9713953e-18 
   6508.429    5.591016e-17  2.9545076e-18 
   6513.953   5.4942197e-17  2.9108205e-18 
  6519.4775    5.618208e-17  2.9077636e-18 
  6525.0015   5.4436187e-17  2.9324055e-18 
   6530.526   5.7257574e-17  2.9870617e-18 
    6536.05   5.7642816e-17  2.9769597e-18 
   6541.574   5.4798932e-17  2.9727835e-18 
   6547.098    5.326309e-17  2.9508818e-18 
  6552.6226    5.344968e-17     2.9826e-18 
   6558.147   5.3745713e-17    3.01471e-18 
   6563.671     5.30039e-17  2.9797662e-18 
  6569.1953   5.2940343e-17  2.9644722e-18 
   6574.719   4.8297293e-17   2.870551e-18 
  6580.2437   4.6939115e-17   2.842098e-18 
  6585.7676    5.138461e-17  2.8823596e-18 
   6591.292    5.157957e-17   2.842269e-18 
   6596.816   4.4563227e-17  2.8068041e-18 
  6602.3403    4.750762e-17  2.8317761e-18 
  6607.8643   4.9155492e-17  2.8256994e-18 
  6613.3887   4.9900766e-17  2.8292278e-18 
  6618.9126   5.3570986e-17   2.839218e-18 
   6624.437   5.0875287e-17  2.8303558e-18 
   6629.961   5.1520283e-17   2.839869e-18 
  6635.4854   4.7120416e-17   2.785893e-18 
  6641.0093   4.6144062e-17  2.7760061e-18 
  6646.5337   4.3763628e-17   2.734202e-18 
   6652.058    4.283242e-17  2.7489058e-18 
   6657.582   4.9577427e-17  2.8166736e-18 
  6663.1064     6.03975e-17  2.9002187e-18 
  6668.6304   4.6842517e-17   2.740982e-18 
   6674.155    5.085536e-17  2.8077221e-18 
  6679.6787    4.677273e-17   2.755687e-18 
   6685.203    4.619936e-17  2.7623562e-18 
   6690.727   4.1551013e-17   2.717252e-18 
  6696.2515   4.4821787e-17  2.7464148e-18 
  6701.7754   4.1243434e-17  2.7129276e-18 
     6707.3   4.5189294e-17  2.7829805e-18 
  6712.8237   4.8566503e-17  2.7769568e-18 
   6718.348   4.2055427e-17  2.7100054e-18 
   6723.872   5.1535668e-17   2.795543e-18 
  6729.3965   4.5034747e-17  2.7360833e-18 
  6734.9204   4.8946328e-17  2.7941795e-18 
   6740.445    4.773383e-17  2.7960367e-18 
   6745.969   4.9946532e-17  2.8207308e-18 
   6751.493     4.47808e-17   2.770395e-18 
  6757.0176    5.131888e-17  2.8105546e-18 
  6762.5415    4.826492e-17  2.8005029e-18 
   6768.066   4.1587915e-17  2.7204196e-18 
    6773.59    4.428641e-17  2.7387834e-18 
  6779.1143   4.6178258e-17  2.7746053e-18 
   6784.638   4.4961683e-17  2.7620415e-18 
  6790.1626   4.8931462e-17  2.7995605e-18 
  6795.6865    4.927475e-17  2.7964646e-18 
   6801.211   4.5857484e-17  2.7511432e-18 
   6806.735    4.962932e-17  2.7914329e-18 
  6812.2593   4.5318817e-17  2.7701228e-18 
   6817.783    4.776517e-17  2.8497871e-18 
  6823.3076   4.4741286e-17  2.9694822e-18 
   6828.832   3.9730772e-17  3.0273034e-18 
   6834.356   4.9497538e-17  3.1176293e-18 
  6839.8804    5.162537e-17  3.0726294e-18 
  6845.4043   4.5365397e-17   2.878459e-18 
  6850.9287   4.0618466e-17  2.8140474e-18 
  6856.4526   5.3158573e-17  3.0434026e-18 
   6861.977   4.5574244e-17  2.9906167e-18 
   6867.501   4.9278554e-17  3.0100716e-18 
  6873.0254   4.3998716e-17  2.8906679e-18 
  6878.5493   3.9147315e-17   2.738541e-18 
  6884.0737   4.6308873e-17  2.7869876e-18 
  6889.5977   4.9599235e-17  2.8141878e-18 
   6895.122   4.0866805e-17  2.7714273e-18 
   6900.646    4.477137e-17  2.8072734e-18 
  6906.1704   4.7025876e-17  2.8248882e-18 
  6911.6943    4.972685e-17  2.9330468e-18 
  6917.2188    4.750634e-17   2.962088e-18 
   6922.743    4.745352e-17  2.9348455e-18 
   6928.267   4.5374562e-17   2.916208e-18 
  6933.7915   4.8050584e-17  2.9402302e-18 
  6939.3154    5.257841e-17  2.9756059e-18 
    6944.84   5.0407258e-17  3.0103958e-18 
   6950.364     4.16536e-17  2.9302197e-18 
   6955.888   4.2219894e-17  2.8937888e-18 
   6961.412   4.7685516e-17   2.937311e-18 
  6966.9365    4.683883e-17  2.8509452e-18 
  6972.4604    4.816341e-17  2.8852554e-18 
   6977.985   4.5434265e-17  2.8941904e-18 
   6983.509    4.968889e-17  2.9214446e-18 
   6989.033   4.9437958e-17  2.8774532e-18 
   6994.557   4.8111842e-17   2.806102e-18 
  7000.0815   4.8250097e-17  2.8433448e-18 
  7005.6055   4.4811944e-17  2.8376931e-18 
    7011.13   4.9677314e-17   2.840271e-18 
  7016.6543   4.4876666e-17  2.8444028e-18 
   7022.178    4.374812e-17  2.7631013e-18 
  7027.7026   4.6702058e-17  2.7717701e-18 
  7033.2266    4.345102e-17  2.7494886e-18 
   7038.751    4.348418e-17  2.7954836e-18 
   7044.275    4.965995e-17  2.8649587e-18 
  7049.7993   4.3477794e-17  2.8001904e-18 
   7055.323   4.1673842e-17   2.795689e-18 
  7060.8477   4.5424064e-17  2.8237644e-18 
  7066.3716    4.196139e-17  2.7885166e-18 
   7071.896   4.8013037e-17    2.83534e-18 
    7077.42   4.5822368e-17  2.8390985e-18 
  7082.9443   4.0523016e-17  2.7602188e-18 
  7088.4683   4.0950857e-17  2.7642591e-18 
  7093.9927    4.486113e-17  2.8144678e-18 
  7099.5166    4.093707e-17  2.7801722e-18 
   7105.041   3.8963205e-17  2.7382141e-18 
  7110.5654   4.3352543e-17  2.7467225e-18 
  7116.0894   4.2270206e-17  2.7474072e-18 
   7121.614   4.4054356e-17  2.7770693e-18 
  7127.1377    4.188054e-17  2.7646818e-18 
   7132.662    3.761604e-17  2.7384244e-18 
   7138.186   4.4085567e-17  2.8263748e-18 
  7143.7104   4.0664394e-17  2.7706524e-18 
  7149.2344   4.0131746e-17  2.7650313e-18 
   7154.759   4.4299883e-17  2.8085859e-18 
  7160.2827   3.5664084e-17   2.743442e-18 
   7165.807    3.953215e-17  2.7495668e-18 
   7171.331   4.8418054e-17  2.8356014e-18 
  7176.8555   3.9779708e-17   2.761547e-18 
  7182.3794    4.280892e-17  2.7711169e-18 
   7187.904    4.006703e-17  2.7026125e-18 
  7193.4277    4.083437e-17  2.7074689e-18 
   7198.952    4.234752e-17  2.7449693e-18 
  7204.4766   4.5806764e-17  2.7645435e-18 
  7210.0005   3.9262674e-17   2.721767e-18 
   7215.525   3.9939086e-17  2.7462392e-18 
   7221.049   4.5659592e-17  2.7973133e-18 
   7226.573     3.91485e-17  2.7565316e-18 
   7232.097    3.850411e-17  3.0143417e-18 
  7237.6216    3.835503e-17  3.3059907e-18 
  7243.1455   4.2857994e-17  3.4882872e-18 
    7248.67    4.239018e-17   3.516276e-18 
   7254.194    3.357909e-17   3.256641e-18 
  7259.7183   3.6169988e-17  2.9700278e-18 
   7265.242    4.196001e-17   2.982183e-18 
  7270.7666   3.9348876e-17  3.2235566e-18 
  7276.2905     3.56142e-17  3.3428058e-18 
   7281.815   5.1280887e-17    3.52671e-18 
  7287.3394   4.4732366e-17  3.4547997e-18 
  7292.8633    3.784779e-17  3.0980666e-18 
  7298.3877   3.4319062e-17  2.9984811e-18 
  7303.9116   3.1655295e-17  2.9543039e-18 
   7309.436    4.264057e-17  3.2226316e-18 
    7314.96   4.2163993e-17  3.2726685e-18 
  7320.4844   3.4586956e-17  3.2358098e-18 
  7326.0083   3.1195912e-17  3.2359148e-18 
  7331.5327     3.67943e-17  3.2133857e-18 
  7337.0566   3.9601103e-17  3.4043787e-18 
   7342.581   4.2865585e-17  3.4241783e-18 
   7348.105    3.979052e-17  3.3578183e-18 
  7353.6294   3.7329318e-17  3.2196214e-18 
  7359.1533   3.8655755e-17  3.1210383e-18 
  7364.6777   4.1154035e-17  3.3108301e-18 
  7370.2017    3.817233e-17  3.3271376e-18 
   7375.726    3.672846e-17    3.21789e-18 
  7381.2505   3.6775947e-17  3.0952753e-18 
  7386.7744   4.2402502e-17  3.0069963e-18 
   7392.299   4.0618608e-17    3.02292e-18 
  7397.8228    3.599828e-17  3.1218005e-18 
   7403.347   3.9249968e-17   3.166469e-18 
   7408.871   3.3530607e-17    3.05384e-18 
  7414.3955   3.2506312e-17  2.9410948e-18 
  7419.9194   3.2167658e-17  2.8285468e-18 
   7425.444    3.499958e-17  2.9021731e-18 
   7430.968   4.0400643e-17  2.9900902e-18 
   7436.492   3.3479305e-17  2.9470636e-18 
   7442.016   3.3037216e-17  3.0005758e-18 
  7447.5405   3.8391365e-17  3.0137747e-18 
  7453.0645   3.6943934e-17   2.891602e-18 
   7458.589    4.267236e-17  2.9675437e-18 
   7464.113   3.3952548e-17  2.9603855e-18 
   7469.637   3.4906413e-17  3.0738032e-18 
  7475.1616   3.8363456e-17  3.2223317e-18 
  7480.6855   3.2927847e-17  3.2027184e-18 
    7486.21    3.514777e-17  3.1854084e-18 
   7491.734   3.4184576e-17  3.1204197e-18 
  7497.2583    3.430537e-17  2.9617258e-18 
   7502.782     3.08384e-17  2.8757017e-18 
  7508.3066   4.0224622e-17  2.9616697e-18 
  7513.8306   3.6352517e-17  2.9764974e-18 
   7519.355   3.3458026e-17  3.1466546e-18 
   7524.879    4.042879e-17  3.3808017e-18 
  7530.4033   3.8885397e-17  3.4248365e-18 
  7535.9272   3.4993002e-17  3.3046984e-18 
  7541.4517    3.281718e-17   3.085909e-18 
  7546.9756   3.6570522e-17   3.004773e-18 
     7552.5   4.3208014e-17  3.0760562e-18 
   7558.024   4.2846344e-17   3.095256e-18 
  7563.5483   3.5432334e-17  3.0700459e-18 
  7569.0728   3.2455272e-17  3.1962184e-18 
  7574.5967    2.939843e-17  3.1666318e-18 
   7580.121   3.6101193e-17   3.249652e-18 
   7585.645   3.6742493e-17  3.2362805e-18 
  7591.1694    3.790905e-17  3.0751446e-18 
  7596.6934   4.3787405e-17   3.097286e-18 
   7602.218   2.9814858e-17  2.8210678e-18 
  7607.7417   2.8886603e-17   2.735797e-18 
   7613.266   2.4436962e-17  2.6759034e-18 
    7618.79   2.5973923e-17  2.7555717e-18 
  7624.3145   3.3222194e-17   2.897376e-18 
  7629.8384   3.1582057e-17  2.9308618e-18 
   7635.363    1.929421e-17  2.7537471e-18 
  7640.8867   2.0229838e-17  2.7273412e-18 
   7646.411   2.6857827e-17  2.8152056e-18 
   7651.935   2.8861592e-17  2.8422468e-18 
  7657.4595   3.3856195e-17  2.9611835e-18 
   7662.984   3.0838603e-17  3.0313283e-18 
   7668.508    2.822462e-17  2.9959386e-18 
   7674.032    2.969839e-17   3.012567e-18 
   7679.556   2.9410072e-17  3.0153771e-18 
  7685.0806    3.529636e-17  3.1063624e-18 
  7690.6045   3.5854752e-17   3.172398e-18 
   7696.129   3.0919052e-17  3.1591982e-18 
   7701.653   3.9512634e-17  3.2708783e-18 
  7707.1772    3.163084e-17  3.4356903e-18 
   7712.701    2.506306e-17   3.795189e-18 
  7718.2256   4.1076357e-17   4.102351e-18 
  7723.7495   3.6699188e-17   4.149128e-18 
   7729.274   4.1011324e-17  3.9544817e-18 
   7734.798    3.399395e-17   3.486301e-18 
  7740.3223    3.275007e-17  3.2730244e-18 
  7745.8467    2.718147e-17  3.5949563e-18 
  7751.3706    4.490831e-17   3.966482e-18 
   7756.895   4.0645544e-17  4.0715017e-18 
   7762.419   4.0582325e-17  4.0239466e-18 
  7767.9434    3.833076e-17    3.70167e-18 
  7773.4673   2.9039082e-17  3.4347773e-18 
  7778.9917   3.4900626e-17  3.4445583e-18 
  7784.5156   3.2482433e-17  3.4614016e-18 
    7790.04   3.4365662e-17  3.7469284e-18 
   7795.564    4.044039e-17  3.8533675e-18 
  7801.0884    3.976174e-17   3.816189e-18 
  7806.6123    3.331874e-17  3.7949003e-18 
  7812.1367   2.8067826e-17   3.570438e-18 
  7817.6606   2.6779602e-17  3.6935955e-18 
   7823.185   2.8872978e-17  3.9392545e-18 
   7828.709   3.9451946e-17  3.8934324e-18 
  7834.2334   3.4144606e-17  3.7761386e-18 
   7839.758   3.1054084e-17  3.5321547e-18 
  7845.2817   1.8087955e-17  3.3919389e-18 
   7850.806   2.9169753e-17   3.950192e-18 
    7856.33    3.141538e-17  4.1942416e-18 
  7861.8545   3.5961793e-17  4.3085505e-18 
  7867.3784   3.1722022e-17   4.372945e-18 
   7872.903    3.171166e-17  4.0510654e-18 
   7878.427   2.8415305e-17   3.881443e-18 
   7883.951   3.2516175e-17   3.927273e-18 
   7889.475   2.6570893e-17  3.7980804e-18 
  7894.9995   3.4362452e-17   3.792354e-18 
  7900.5234   3.5965846e-17  3.7102674e-18 
   7906.048   3.0043888e-17  3.6451562e-18 
   7911.572    2.797278e-17   3.968312e-18 
   7917.096   2.5311163e-17  4.2685824e-18 
    7922.62   1.9221388e-17  4.3383853e-18 
  7928.1445   2.5600598e-17  4.3178716e-18 
   7933.669    4.115484e-17  4.1064265e-18 
   7939.193   3.6475962e-17   3.712251e-18 
  7944.7173   3.4208603e-17   3.627326e-18 
   7950.241   3.3832484e-17   3.570442e-18 
  7955.7656   2.3449354e-17  3.4662201e-18 
  7961.2896   3.0728377e-17  3.8902565e-18 
   7966.814   3.1873092e-17  4.0602855e-18 
   7972.338   4.0705747e-17    4.16077e-18 
  7977.8623    4.275463e-17   4.260616e-18 
   7983.386   1.7656728e-17   3.767913e-18 
  7988.9106   2.2705284e-17  3.8966034e-18 
  7994.4346   2.6117558e-17   4.158797e-18 
   7999.959   3.0732668e-17  4.0761227e-18 
   8005.483    3.132447e-17   4.074846e-18 
  8011.0073    3.089377e-17  3.8214686e-18 
  8016.5312    2.873216e-17   3.573765e-18 
  8022.0557   2.6060611e-17   3.791096e-18 
    8027.58   2.1705676e-17  3.9466814e-18 
   8033.104   2.2644256e-17   3.893908e-18 
  8038.6284   2.8439108e-17  3.8688255e-18 
  8044.1523    2.895242e-17  3.5862093e-18 
   8049.677   3.1829576e-17   3.477605e-18 
  8055.2007   2.7674605e-17  3.5425213e-18 
   8060.725   2.0644684e-17  3.5828497e-18 
   8066.249   2.5379637e-17  3.6471026e-18 
  8071.7734    3.043268e-17  3.6609657e-18 
  8077.2974   2.5153358e-17   3.540401e-18 
   8082.822   2.7679061e-17  3.4132444e-18 
  8088.3457    3.189359e-17   3.424291e-18 
    8093.87   3.0684867e-17  3.4665072e-18 
   8099.394    2.620288e-17  3.4490865e-18 
  8104.9185   2.6068857e-17  3.5157186e-18 
  8110.4424   3.2700375e-17  3.5623203e-18 
   8115.967    3.226363e-17  3.5164763e-18 
   8121.491   2.7588298e-17  3.4269125e-18 
   8127.015   2.5807205e-17  3.3711252e-18 
  8132.5396     2.58653e-17   3.342884e-18 
  8138.0635    2.521917e-17   3.435723e-18 
   8143.588   2.2282667e-17  3.3318297e-18 
   8149.112    2.824121e-17    3.53056e-18 
   8154.636   2.7507498e-17  3.5513047e-18 
    8160.16   3.4960878e-17   3.525531e-18 
  8165.6846   3.3898086e-17  3.4982477e-18 
  8171.2085   2.7049355e-17  3.4128874e-18 
   8176.733    1.979033e-17  3.2923418e-18 
   8182.257   2.6007599e-17  3.3285582e-18 
  8187.7812   3.1863735e-17  3.5032923e-18 
   8193.306   2.3521011e-17   3.445985e-18 
   8198.829    2.061252e-17  3.4185054e-18 
   8204.354   2.0952887e-17  3.4242347e-18 
   8209.878    2.063669e-17  3.3509699e-18 
   8215.402   2.3974095e-17   3.416547e-18 
   8220.927   2.7394953e-17  3.4663738e-18 
    8226.45   2.6740787e-17   3.476806e-18 
   8231.975   1.9739373e-17  3.4420429e-18 
   8237.499   2.4106766e-17  3.4608687e-18 
   8243.023    3.368514e-17   3.586758e-18 
   8248.547      2.5144e-17   3.489127e-18 
   8254.071   2.5242768e-17   3.530631e-18 
   8259.596   2.7294522e-17  3.5903104e-18 
    8265.12   2.2459224e-17   3.518738e-18 
   8270.644   3.0987612e-17  3.5756627e-18 
   8276.168   2.4288815e-17   3.673833e-18 
   8281.692   2.1642852e-17  4.0815875e-18 
   8287.217   1.7823467e-17  4.5159007e-18 
    8292.74   2.0870561e-17  4.8919664e-18 
   8298.265    4.013535e-17  5.3162836e-18 
   8303.789   3.0166784e-17  5.0348784e-18 
   8309.313   2.5453901e-17  4.8010915e-18 
   8314.838   2.7002542e-17  4.4108405e-18 
   8320.361   2.7448012e-17   4.018162e-18 
   8325.886     2.53461e-17   3.825306e-18 
    8331.41   1.6172756e-17  3.5877503e-18 
   8336.935   2.1771677e-17   3.863258e-18 
   8342.458   1.9135991e-17  4.7659976e-18 
   8347.982   1.6646181e-17  5.3798355e-18 
   8353.507   1.9168993e-17   5.563714e-18 
   8359.031    1.647819e-17   5.432372e-18 
   8364.555    2.292422e-17   4.900997e-18 
   8370.079   3.0553997e-17  4.3784783e-18 
   8375.604   3.3599034e-17  4.2008876e-18 
   8381.128   2.5972351e-17  4.2410125e-18 
   8386.652   2.0702486e-17  4.1251774e-18 
   8392.176   1.4474284e-17  4.2218095e-18 
     8397.7    8.575811e-18  4.7675096e-18 
   8403.225   1.9909365e-17   5.014209e-18 
   8408.749   2.8170843e-17   5.163881e-18 
   8414.272    3.506894e-17  5.2891546e-18 
   8419.797   2.7180606e-17  4.5180167e-18 
   8425.321   1.3723659e-17   4.597005e-18 
   8430.846   1.9416131e-17   5.242258e-18 
   8436.369   1.6288703e-17  5.1123633e-18 
   8441.894   1.7468602e-17  5.1280326e-18 
   8447.418   1.5743255e-17    4.71358e-18 
   8452.942   1.8588421e-17   4.395209e-18 
   8458.466   3.0503486e-17   4.507202e-18 
    8463.99   1.7642034e-17  4.8395463e-18 
   8469.515   1.8461801e-17   4.918625e-18 
   8475.039   1.0115365e-17   4.747216e-18 
   8480.563   1.7066481e-17   4.573933e-18 
   8486.087    2.014787e-17   4.167684e-18 
   8491.611   1.9819646e-17  4.0655307e-18 
   8497.136   2.4151311e-17  4.2767293e-18 
    8502.66    1.877157e-17   4.447052e-18 
   8508.184   1.8656409e-17  4.5803365e-18 
   8513.708   1.8849479e-17  4.5029347e-18 
   8519.232   1.6923377e-17  4.3501147e-18 
   8524.757   1.6026393e-17  4.0583276e-18 
    8530.28   2.1062278e-17   3.985625e-18 
   8535.805   1.7505248e-17  3.9283924e-18 
   8541.329   2.2352898e-17  4.0501604e-18 
   8546.854   1.8041044e-17  4.2110665e-18 
   8552.377   2.0178929e-17  4.3368926e-18 
   8557.901   1.3306334e-17  4.2577914e-18 
   8563.426   2.5567714e-17   4.281336e-18 
    8568.95   1.5737306e-17   3.997324e-18 
   8574.475   1.9355067e-17  4.0199845e-18 
   8579.998   1.9377095e-17  3.9278287e-18 
   8585.522    2.462674e-17   4.078508e-18 
   8591.047    1.741787e-17  4.1001486e-18 
   8596.571    3.554183e-17  4.3895973e-18 
   8602.095    3.232355e-17   4.429302e-18 
   8607.619    3.244283e-17  4.3765055e-18 
   8613.144   2.3532322e-17   4.288769e-18 
   8618.668    2.553614e-17  4.3723092e-18 
   8624.191   2.7026016e-17  4.7615076e-18 
   8629.716    2.467907e-17   5.185153e-18 
    8635.24    2.524463e-17  5.3718863e-18 
   8640.765   3.0032814e-17   5.404785e-18 
   8646.288   2.3548939e-17   5.202962e-18 
  8651.8125   2.1061937e-17    5.04993e-18 
   8657.337   1.9813411e-17    5.11712e-18 
   8662.861   1.1269869e-17   5.177236e-18 
   8668.386   2.8268825e-17  5.4316476e-18 
   8673.909   3.5276348e-17   5.544288e-18 
   8679.434   2.5230589e-17  5.2363424e-18 
   8684.958   2.6059245e-17   4.983558e-18 
   8690.482   2.3987708e-17  4.7122043e-18 
   8696.006   3.0797615e-17  4.6568395e-18 
    8701.53   2.0789497e-17  4.4866942e-18 
   8707.055   2.6171116e-17    4.47888e-18 
   8712.579   2.1886632e-17   4.484704e-18 
   8718.103   2.2417961e-17  4.4633545e-18 
   8723.627   2.7501318e-17   4.484659e-18 
   8729.151   2.0286462e-17  4.3097665e-18 
   8734.676   2.8938808e-17  4.4500125e-18 
   8740.199   1.7308174e-17  4.3402618e-18 
   8745.724    2.084176e-17   4.398283e-18 
   8751.248   2.0305668e-17   4.438787e-18 
   8756.772    3.356739e-17   5.097792e-18 
   8762.297   2.1678859e-17   5.847977e-18 
    8767.82   1.9600448e-17   6.295245e-18 
   8773.345   1.7441475e-17  6.7831954e-18 
   8778.869   1.1152709e-17  6.8911896e-18 
   8784.394    2.638438e-17   6.597534e-18 
   8789.917   2.6124862e-17   6.319542e-18 
   8795.441   1.8671816e-17  5.6101966e-18 
   8800.966   1.9494225e-17  4.9731633e-18 
    8806.49   2.0027409e-17  4.8641177e-18 
   8812.014    2.548286e-17  4.6242705e-18 
   8817.538   1.8900523e-17    4.71424e-18 
  8823.0625   2.2499731e-17   6.076376e-18 
   8828.587   3.5560365e-17   7.469313e-18 
    8834.11   3.2012978e-17   7.909096e-18 
   8839.635    4.385966e-17     7.7482e-18 
   8845.159   3.3028835e-17   6.725343e-18 
   8850.684   1.3785513e-17  5.6592372e-18 
   8856.208   2.9032448e-17  5.3408794e-18 
   8861.731   2.1350298e-17   5.252031e-18 
   8867.256   2.9906103e-17  5.5493103e-18 
    8872.78   2.9552645e-17     5.5486e-18 
   8878.305   4.0796624e-17  5.7527004e-18 
   8883.828   2.8658744e-17  6.2298765e-18 
   8889.353  -1.1286696e-17  6.1477238e-18 
   8894.877   1.9555339e-17  6.5097944e-18 
   8900.401   2.6176627e-19   6.439649e-18 
   8905.925   2.3110176e-17  5.8870994e-18 
   8911.449   1.7231772e-17  5.8164462e-18 
   8916.974    3.512559e-17   6.664337e-18 
   8922.498   1.2120586e-17  6.6155478e-18 
   8928.021   1.3442837e-17   6.587511e-18 
   8933.546   2.2498404e-17  6.2890765e-18 
    8939.07   1.6073418e-17  5.6773537e-18 
   8944.595   1.8809733e-17  5.4887268e-18 
   8950.119   2.9778727e-17  5.8333898e-18 
   8955.643   3.3137196e-17  6.3551426e-18 
   8961.167    9.948864e-18  6.2174344e-18 
   8966.691   4.2111753e-18  6.1450983e-18 
   8972.216     1.82238e-17   5.907945e-18 
   8977.739    2.943541e-17  5.3037456e-18 
   8983.264   2.2406387e-17   5.126961e-18 
   8988.788   2.3718724e-17   5.248703e-18 
  8994.3125   2.2000691e-17    5.43025e-18 
   8999.836   5.4317725e-18  5.6908984e-18 
    9005.36   2.3026111e-17   6.002147e-18 
   9010.885   2.9446306e-17   5.881984e-18 
   9016.409   2.2315738e-17  5.4025275e-18 
   9021.933    2.267013e-17   4.967078e-18 
   9027.457   1.3784206e-17   4.747106e-18 
   9032.981   3.0690207e-17  5.0542808e-18 
   9038.506   2.0531316e-17  5.1432957e-18 
    9044.03   2.1383411e-17  5.4694543e-18 
   9049.554    2.865897e-17  5.6298806e-18 
   9055.078   1.2229883e-17  5.3467023e-18 
   9060.603   2.4991988e-17  5.4578866e-18 
   9066.127   2.3851722e-17  5.2086095e-18 
    9071.65   1.4989945e-17  4.9597204e-18 
   9077.175   2.4815451e-17  5.0711594e-18 
   9082.699    1.892176e-17  4.9772644e-18 
   9088.224    9.500964e-18  4.8992865e-18 
   9093.747   1.1073178e-17  5.0158024e-18 
   9099.271      8.6868e-18   5.123334e-18 
   9104.796   2.6231978e-17  5.4501785e-18 
    9110.32   2.4690165e-17  5.3932796e-18 
   9115.844   2.4087933e-17  5.3087567e-18 
   9121.368   1.9554834e-17  5.1310803e-18 
   9126.893   1.1119112e-17  5.0231783e-18 
   9132.417    1.916135e-17  5.1446403e-18 
   9137.941   2.6528736e-17  5.2058264e-18 
   9143.465   2.0673763e-17   5.262235e-18 
   9148.989   1.4027779e-17  5.2869935e-18 
   9154.514   2.9445992e-18  5.1400958e-18 
   9160.038   2.0835326e-17   5.449658e-18 
   9165.562   2.4518915e-17  5.5984188e-18 
   9171.086   9.1500726e-18  5.4261485e-18 
    9176.61   2.3797741e-17   5.475507e-18 
   9182.135   2.4920027e-17  5.5389346e-18 
   9187.658  1.23254295e-17   5.457481e-18 
   9193.183   1.2903541e-17  5.3652548e-18 
   9198.707   2.4191905e-17  5.5398635e-18 
   9204.231   2.5418967e-17  5.5706768e-18 
   9209.755   1.6976969e-17  5.6476584e-18 
   9215.279   1.0581002e-17   5.649293e-18 
   9220.804   1.7973814e-17   5.861983e-18 
   9226.328    2.204464e-17   5.967819e-18 
   9231.853   2.2568579e-17  6.0252514e-18 
   9237.376   2.2403825e-17  6.0040673e-18 
     9242.9   2.7448584e-17  5.9966235e-18 
   9248.425   2.9687913e-17  6.0648663e-18 
   9253.949   1.8708604e-17  6.0335336e-18 
   9259.473    3.251596e-17  6.2594043e-18 
   9264.997   1.4157117e-17  6.1825857e-18 
   9270.521             0.0  6.0293025e-18 
   9276.046             0.0   6.126682e-18 
