# STATUS =
# OBJECT = 2017egm
# TELESCOPE = XLT
# INSTRUMENT = BFOSC
# DATE-OBS = 2017-10-19 20:24:55.00
# MJD = 58045.85063660005
# EXPTIME = 3000
# AIRMASS = --
# SLIT = --
# DISPERSER = --
# SOURCE = 2023NatAs.tmp...90L
# FILTER =
# RESOLUTION =
# FLUX_STANDARD =
# EXTINCTION_CORRECTED = --
# PHOTOMETRY_CALIBRATED =
# TELLURIC_CORRECTED =
# FLUX_UNITS = erg cm(-2) sec(-1) Ang(-1)
# WAVE_UNITS = Angstrom
# QUALITY = --
# MIN_WAVE = 3730.75391
# MAX_WAVE = 8822.27832
# COMMENT = --
 Wavelength            Flux 
 3733.51514  6.28005977e-17 
 3741.79834  1.10946698e-16 
 3744.55957  5.01778718e-16 
  3747.3208  1.04154803e-15 
 3750.08179   5.6332392e-16 
 3761.12646  7.20383324e-17 
 3766.64868  8.27985625e-17 
 3769.40967  6.49554521e-16 
  3772.1709  7.69000196e-16 
 3774.93213  5.68549491e-17 
 3777.69312  2.78466105e-16 
 3780.45435  4.85071523e-16 
 3783.21533  2.52255994e-16 
 3785.97656  3.89904089e-16 
 3788.73779  2.27598706e-16 
 3791.49878  1.26605194e-16 
 3794.26001  7.63956022e-17 
   3797.021  2.30582088e-16 
 3799.78223  4.31651087e-16 
 3802.54321  4.18485998e-16 
 3805.30444  2.59115108e-16 
 3808.06567  3.53256388e-16 
 3810.82666  1.65678096e-16 
 3813.58789  2.03089305e-16 
 3819.11011  1.69558605e-16 
 3821.87134  1.00078802e-16 
 3824.63232  3.49471699e-17 
 3827.39355  1.78025401e-16 
 3830.15454  3.72933201e-16 
 3832.91577  2.27786297e-16 
   3835.677  4.92001205e-16 
 3838.43799  8.94525132e-16 
 3841.19922  5.48015706e-16 
 3846.72144  2.97099288e-17 
 3849.48242  3.30879312e-16 
 3852.24365  1.43026198e-16 
 3855.00488  2.37032906e-16 
 3857.76587  5.91701218e-16 
  3860.5271  5.15674294e-16 
 3863.28809  3.69635596e-16 
 3866.04932  3.47537804e-16 
 3868.81055  2.20806097e-16 
 3871.57153  2.69177409e-16 
 3874.33276  1.42523802e-16 
 3877.09375  1.82523503e-16 
 3879.85498  2.81845396e-16 
 3882.61621  3.50400695e-16 
  3885.3772   2.4930779e-16 
 3888.13843    2.357879e-16 
 3890.89941  2.89658189e-16 
 3893.66064  9.94736567e-17 
 3896.42188  8.05387911e-17 
 3899.18286  2.33158392e-16 
 3901.94409  1.53180998e-16 
 3904.70508  2.32395506e-16 
 3907.46631  3.20296589e-16 
 3910.22729  1.53545395e-16 
 3912.98853  2.24263107e-17 
 3915.74976  6.91819586e-17 
 3918.51074  2.38390409e-16 
 3921.27197  3.34256406e-16 
 3924.03296  1.78088598e-16 
 3926.79419  5.33098714e-17 
 3929.55542  5.78375471e-17 
 3932.31641  3.04894009e-16 
 3935.07764  6.86829106e-17 
 3937.83862  1.79603794e-16 
 3940.59985  2.11528797e-16 
 3943.36108  1.69647901e-16 
 3946.12207  1.73889697e-16 
  3948.8833  9.83440126e-17 
 3951.64429  2.16829397e-16 
 3954.40552  1.88189095e-16 
 3957.16675  1.52427404e-16 
 3959.92773  2.28880187e-16 
 3962.68896  1.58565799e-16 
 3965.44995  1.89169695e-16 
 3968.21118  2.43640504e-16 
 3970.97217  2.26939397e-16 
  3973.7334  2.53933913e-16 
 3976.49463  2.96769587e-16 
 3979.25562  2.79641204e-16 
 3982.01685  3.21650994e-16 
 3984.77783    2.298232e-16 
 3987.53906  2.05794503e-16 
 3990.30029  2.75380708e-16 
 3993.06128  3.28919596e-16 
 3995.82251  3.96970011e-16 
  3998.5835  3.91663111e-16 
 4001.34473  3.82110909e-16 
 4004.10596  2.73113095e-16 
 4006.86694  3.50099496e-16 
 4009.62817  3.04152908e-16 
 4012.38916  4.26268695e-16 
 4015.15039    3.742258e-16 
 4017.91162  4.41758705e-16 
 4020.67261  3.35167787e-16 
 4023.43384  2.23660188e-16 
 4026.19482  2.80950002e-16 
 4028.95605  3.11516007e-16 
 4031.71704  4.59008107e-16 
 4034.47827  3.89723803e-16 
  4037.2395  3.48531294e-16 
 4040.00049  3.50895813e-16 
 4042.76172  3.54881209e-16 
 4045.52271  3.97179599e-16 
 4048.28394  3.50987292e-16 
 4051.04517  3.33057008e-16 
 4053.80615  3.18474912e-16 
 4056.56738   4.4800769e-16 
 4059.32837  4.96043723e-16 
  4062.0896  3.68839491e-16 
 4064.85083  3.31806893e-16 
 4067.61182  4.50612316e-16 
 4070.37305    3.503409e-16 
 4073.13403    3.519793e-16 
 4075.89526  3.43060096e-16 
 4078.65625  3.59248802e-16 
 4081.41748  4.31577289e-16 
 4084.17871  4.17597407e-16 
  4086.9397  4.27557403e-16 
 4089.70093  6.06642509e-16 
 4092.46191  5.05583696e-16 
 4095.22314  4.59804318e-16 
 4097.98438  4.51450826e-16 
 4100.74561  4.33382105e-16 
 4103.50635  4.60340119e-16 
 4106.26758  5.23648579e-16 
 4109.02881  5.58645016e-16 
 4111.79004   5.0378661e-16 
 4114.55127  5.31408301e-16 
 4117.31201  4.08275413e-16 
 4120.07324   4.3289289e-16 
 4122.83447  4.99595597e-16 
  4125.5957  4.83973874e-16 
 4128.35693  4.48356721e-16 
 4131.11768  4.90335091e-16 
 4133.87891  4.92803822e-16 
 4136.64014   5.1154522e-16 
 4139.40137  4.48483881e-16 
  4142.1626  3.04922702e-16 
 4144.92334  3.85931689e-16 
 4147.68457  3.81925594e-16 
  4150.4458  4.36592889e-16 
 4153.20703  3.82864689e-16 
 4155.96826  3.40465502e-16 
   4158.729  5.74381882e-16 
 4161.49023  5.07725207e-16 
 4164.25146  4.36609009e-16 
  4167.0127  4.20753187e-16 
 4169.77344  3.95919399e-16 
 4172.53467  4.02361296e-16 
  4175.2959  4.85505521e-16 
 4178.05713  4.99705605e-16 
 4180.81836  3.82184892e-16 
  4183.5791  4.11307208e-16 
 4186.34033   3.7561901e-16 
 4189.10156  3.74172305e-16 
 4191.86279  3.74532188e-16 
 4194.62402  3.92230491e-16 
 4197.38477  3.99562408e-16 
   4200.146  3.99153397e-16 
 4202.90723  4.95904015e-16 
 4205.66846  4.24193597e-16 
 4208.42969  3.67124488e-16 
 4211.19043  4.99058789e-16 
 4213.95166  4.04369797e-16 
 4216.71289  2.87465592e-16 
 4219.47412  3.09421294e-16 
 4222.23535    3.107874e-16 
 4224.99609  4.15076611e-16 
 4227.75732  3.65549509e-16 
 4230.51855   3.4703681e-16 
 4233.27979  3.11018799e-16 
 4236.04102   3.5069091e-16 
 4238.80176  4.43420795e-16 
 4241.56299  4.48069524e-16 
 4244.32422  3.16437612e-16 
 4247.08545  3.87021689e-16 
 4249.84668  3.77383089e-16 
 4252.60742  3.34057592e-16 
 4255.36865  3.42362988e-16 
 4258.12988  3.07725905e-16 
 4260.89111  3.32555697e-16 
 4263.65234  4.15418309e-16 
 4266.41309   4.1564939e-16 
 4269.17432  3.65904813e-16 
 4271.93555  3.50702795e-16 
 4274.69678  3.27088602e-16 
 4277.45752   3.6282741e-16 
 4280.21875  4.42981397e-16 
 4282.97998  4.62709006e-16 
 4285.74121    4.089708e-16 
 4288.50244  2.75758908e-16 
 4291.26318   3.6830541e-16 
 4294.02441  3.46816608e-16 
 4296.78564  3.31425887e-16 
 4299.54688  3.81288096e-16 
 4302.30811  4.12936397e-16 
 4305.06885   4.3541681e-16 
 4307.83008  3.13643913e-16 
 4310.59131  3.44533907e-16 
 4313.35254  3.61193695e-16 
 4316.11377  3.23386406e-16 
 4318.87451   2.8269129e-16 
 4321.63574  3.20803194e-16 
 4324.39697    3.054742e-16 
  4327.1582  3.17641987e-16 
 4329.91943  3.40800106e-16 
 4332.68018  3.39114511e-16 
 4335.44141  3.10289794e-16 
 4338.20264  3.62642995e-16 
 4340.96387  3.93551598e-16 
  4343.7251  3.67715108e-16 
 4346.48584  4.37064898e-16 
 4349.24707  3.69532787e-16 
  4352.0083  3.65693187e-16 
 4354.76953  3.90543096e-16 
 4357.53076  4.20643788e-16 
  4360.2915  3.16896598e-16 
 4363.05273  2.44488808e-16 
 4365.81396  2.98351897e-16 
  4368.5752  3.18373003e-16 
 4371.33643  3.29642406e-16 
 4374.09717  3.49844407e-16 
  4376.8584  3.13831689e-16 
 4379.61963  2.80755608e-16 
 4382.38086   3.3808039e-16 
  4385.1416   3.4173719e-16 
 4387.90283  3.45654108e-16 
 4390.66406  3.11182911e-16 
 4393.42529  3.54169595e-16 
 4396.18652   4.1674651e-16 
 4398.94727  3.87489807e-16 
  4401.7085   3.2210691e-16 
 4404.46973  3.07128297e-16 
 4407.23096  3.56740605e-16 
 4409.99219  3.42183099e-16 
 4412.75293  3.40260705e-16 
 4415.51416  3.50935306e-16 
 4418.27539  3.76024713e-16 
 4421.03662  4.09706713e-16 
 4423.79785  3.37465099e-16 
 4426.55859  3.77326894e-16 
 4429.31982  3.05196797e-16 
 4432.08105  3.20391589e-16 
 4434.84229  4.03354204e-16 
 4437.60352  3.61861501e-16 
 4440.36426  3.98707911e-16 
 4443.12549  4.28168008e-16 
 4445.88672   3.7956711e-16 
 4448.64795  3.94916512e-16 
 4451.40918  3.91875796e-16 
 4454.16992  3.77632302e-16 
 4456.93115  4.59110122e-16 
 4459.69238  4.41681307e-16 
 4462.45361  4.51311913e-16 
 4465.21484   3.9440239e-16 
 4467.97559  3.19225013e-16 
 4470.73682  3.27606404e-16 
 4473.49805  3.91503207e-16 
 4476.25928  3.69282701e-16 
 4479.02051   3.7764551e-16 
 4481.78125  4.43711989e-16 
 4484.54248  3.94606895e-16 
 4487.30371   3.3980749e-16 
 4490.06494  3.77938901e-16 
 4492.82617  3.50872493e-16 
 4495.58691  3.89397695e-16 
 4498.34814  4.36209501e-16 
 4501.10938  3.92891706e-16 
 4503.87061  3.89032704e-16 
 4506.63135  3.48619994e-16 
 4509.39258  3.15938604e-16 
 4512.15381  3.54232408e-16 
 4514.91504  3.47649188e-16 
 4517.67627  3.15574406e-16 
 4520.43701  4.06854489e-16 
 4523.19824  4.04730606e-16 
 4525.95947  3.73963511e-16 
  4528.7207  2.95912998e-16 
 4531.48193   3.4674109e-16 
 4534.24268  3.51190792e-16 
 4537.00391  3.56512303e-16 
 4539.76514  3.45435388e-16 
 4542.52637  3.31627507e-16 
  4545.2876   3.0484729e-16 
 4548.04834  3.62626107e-16 
 4550.80957  3.22629688e-16 
  4553.5708  3.55931212e-16 
 4556.33203  3.56966101e-16 
 4559.09326  2.97855007e-16 
   4561.854    2.962417e-16 
 4564.61523  3.73546797e-16 
 4567.37646   4.3232109e-16 
  4570.1377  3.44269712e-16 
 4572.89893  3.49685111e-16 
 4575.65967  4.22119505e-16 
  4578.4209   3.4211171e-16 
 4581.18213   4.0384011e-16 
 4583.94336    3.490028e-16 
 4586.70459  3.89796701e-16 
 4589.46533  4.15645896e-16 
 4592.22656  3.83132907e-16 
 4594.98779   3.2402671e-16 
 4597.74902  3.03323213e-16 
 4600.51025  3.41071395e-16 
   4603.271  3.23061913e-16 
 4606.03223  3.77819099e-16 
 4608.79346  3.94221707e-16 
 4611.55469  4.36313289e-16 
 4614.31543  4.32888099e-16 
 4617.07666  4.27583396e-16 
 4619.83789  4.21126597e-16 
 4622.59912  4.19938712e-16 
 4625.36035  4.88876183e-16 
 4628.12109   4.9243388e-16 
 4630.88232  4.55088515e-16 
 4633.64355  4.59532685e-16 
 4636.40479  4.62504183e-16 
 4639.16602  4.83023397e-16 
 4641.92676  5.53866374e-16 
 4644.68799  5.05905674e-16 
 4647.44922  4.59226483e-16 
 4650.21045  5.07592223e-16 
 4652.97168  4.99724187e-16 
 4655.73242  5.63864804e-16 
 4658.49365  5.41077394e-16 
 4661.25488  4.71472514e-16 
 4664.01611  5.18788675e-16 
 4666.77734  5.82121381e-16 
 4669.53809  5.52655381e-16 
 4672.29932  5.34954405e-16 
 4675.06055  5.88416213e-16 
 4677.82178  5.61790579e-16 
 4680.58301  4.77796886e-16 
 4683.34375  4.78351322e-16 
 4686.10498  4.92774175e-16 
 4688.86621  4.93381975e-16 
 4691.62744  5.44384475e-16 
 4694.38867   5.5058248e-16 
 4697.14941  5.76713076e-16 
 4699.91064  5.67108675e-16 
 4702.67188  5.47024783e-16 
 4705.43311  5.63439911e-16 
 4708.19434  5.67996207e-16 
 4710.95508   5.9121158e-16 
 4713.71631  5.94586106e-16 
 4716.47754  5.33747012e-16 
 4719.23877  5.58586994e-16 
 4721.99951  5.60995374e-16 
 4724.76074  5.84422611e-16 
 4727.52197  6.10669515e-16 
  4730.2832  5.17867209e-16 
 4733.04443  5.50797521e-16 
 4735.80518  5.79625387e-16 
 4738.56641  5.68958913e-16 
 4741.32764  6.09089375e-16 
 4744.08887  6.42596622e-16 
  4746.8501   6.0722352e-16 
 4749.61084  5.66162486e-16 
 4752.37207  5.94052687e-16 
  4755.1333  6.11532589e-16 
 4757.89453  5.47177408e-16 
 4760.65576  6.04656005e-16 
  4763.4165  6.13129722e-16 
 4766.17773  5.69512819e-16 
 4768.93896  6.12550511e-16 
  4771.7002  6.73721007e-16 
 4774.46143  6.90916517e-16 
 4777.22217  6.05158878e-16 
  4779.9834  5.72130204e-16 
 4782.74463  5.82732886e-16 
 4785.50586  6.15627411e-16 
 4788.26709  5.81973786e-16 
 4791.02783   5.3754442e-16 
 4793.78906  5.67885881e-16 
 4796.55029  5.00757302e-16 
 4799.31152  5.65453308e-16 
 4802.07275  6.12469725e-16 
  4804.8335  5.20501481e-16 
 4807.59473  5.38211776e-16 
 4810.35596  5.16727685e-16 
 4813.11719   5.1939658e-16 
 4815.87842  5.45369892e-16 
 4818.63916  4.61372017e-16 
 4821.40039  4.50942606e-16 
 4824.16162  4.13687397e-16 
 4826.92285    4.436478e-16 
 4829.68408  4.65509297e-16 
 4832.44482  4.62936011e-16 
 4835.20605  4.76590393e-16 
 4837.96729  5.14092089e-16 
 4840.72852  4.95447517e-16 
 4843.48926  4.08369301e-16 
 4846.25049  4.30730812e-16 
 4849.01172  4.30127195e-16 
 4851.77295  3.63535106e-16 
 4854.53418  3.92606494e-16 
 4857.29492  4.76608816e-16 
 4860.05615  5.11847399e-16 
 4862.81738  4.98403292e-16 
 4865.57861  4.65228717e-16 
 4868.33984  4.81244098e-16 
 4871.10059  4.19943609e-16 
 4873.86182  4.04375911e-16 
 4876.62305  3.98119197e-16 
 4879.38428   4.0901969e-16 
 4882.14551  4.18738705e-16 
 4884.90625  3.90869494e-16 
 4887.66748  4.29212294e-16 
 4890.42871  3.70837906e-16 
 4893.18994  3.78329807e-16 
 4895.95117  3.80717699e-16 
 4898.71191  3.93730295e-16 
 4901.47314  3.92135094e-16 
 4904.23438  3.52937506e-16 
 4906.99561  3.95179701e-16 
 4909.75684  3.97599992e-16 
 4912.51758  4.03516808e-16 
 4915.27881  4.10270996e-16 
 4918.04004  4.37707399e-16 
 4920.80127  4.51533306e-16 
  4923.5625  4.43599413e-16 
 4926.32324  4.91777377e-16 
 4929.08447  3.95166599e-16 
  4931.8457  3.62557101e-16 
 4934.60693  3.99608095e-16 
 4937.36816  4.65041417e-16 
 4940.12891  4.17758794e-16 
 4942.89014  4.39151511e-16 
 4945.65137  4.27306205e-16 
  4948.4126  3.97341303e-16 
 4951.17334  4.07603292e-16 
 4953.93457  4.40217105e-16 
  4956.6958   4.8570288e-16 
 4959.45703  4.85706691e-16 
 4962.21826  4.31716388e-16 
   4964.979  4.06482588e-16 
 4967.74023  4.19332501e-16 
 4970.50146  4.65717879e-16 
  4973.2627  4.34610805e-16 
 4976.02393  4.46554076e-16 
 4978.78467  4.51292907e-16 
  4981.5459  4.35270988e-16 
 4984.30713  4.32634995e-16 
 4987.06836  4.40080097e-16 
 4989.82959  4.44492821e-16 
 4992.59033  4.63308705e-16 
 4995.35156  4.58437101e-16 
 4998.11279  4.57151199e-16 
 5000.87402  4.72076978e-16 
 5003.63525  4.20535394e-16 
   5006.396  3.88809987e-16 
 5009.15723  4.18735105e-16 
 5011.91846  4.25624103e-16 
 5014.67969  4.57751216e-16 
 5017.44092  4.69787025e-16 
 5020.20166  4.29878009e-16 
 5022.96289  4.31833702e-16 
 5025.72412  4.70899814e-16 
 5028.48535  4.34474804e-16 
 5031.24658  4.39054896e-16 
 5034.00732  4.37871194e-16 
 5036.76855  4.62211003e-16 
 5039.52979  4.79447383e-16 
 5042.29102  3.94969505e-16 
 5045.05225  4.06407599e-16 
 5047.81299  4.49982706e-16 
 5050.57422  4.90932779e-16 
 5053.33545  4.88201415e-16 
 5056.09668   4.7046751e-16 
 5058.85791   4.6141781e-16 
 5061.61865  4.46741005e-16 
 5064.37988  4.75581207e-16 
 5067.14111   5.1230522e-16 
 5069.90234  5.36102081e-16 
 5072.66309  4.78740216e-16 
 5075.42432  5.04643383e-16 
 5078.18555  5.20580203e-16 
 5080.94678  5.64750906e-16 
 5083.70801   5.6061368e-16 
 5086.46875  5.57978825e-16 
 5089.22998  5.38986705e-16 
 5091.99121  5.75100484e-16 
 5094.75244  5.71162998e-16 
 5097.51367  5.39376075e-16 
 5100.27441  5.63171984e-16 
 5103.03564  5.51007797e-16 
 5105.79688  5.55174722e-16 
 5108.55811  5.80942206e-16 
 5111.31934  5.73590013e-16 
 5114.08008  6.00861985e-16 
 5116.84131  5.59808681e-16 
 5119.60254  4.93998826e-16 
 5122.36377  5.09282106e-16 
   5125.125  5.34811203e-16 
 5127.88574  5.13040286e-16 
 5130.64697  4.93224215e-16 
  5133.4082  5.15044207e-16 
 5136.16943  5.26842317e-16 
 5138.93066   5.1902902e-16 
 5141.69141  5.04882194e-16 
 5144.45264  4.76376412e-16 
 5147.21387   4.6721178e-16 
  5149.9751    4.877329e-16 
 5152.73633  4.42478709e-16 
 5155.49707  4.95649323e-16 
  5158.2583  4.75256317e-16 
 5161.01953  4.69152385e-16 
 5163.78076  4.43931106e-16 
 5166.54199  4.53479523e-16 
 5169.30273  4.87587105e-16 
 5172.06396  4.75187495e-16 
  5174.8252  4.87675884e-16 
 5177.58643  4.78565198e-16 
 5180.34717  4.76087626e-16 
  5183.1084  4.60686926e-16 
 5185.86963  4.79060924e-16 
 5188.63086  4.28454887e-16 
 5191.39209  4.59240988e-16 
 5194.15283  4.61752811e-16 
 5196.91406  4.27087697e-16 
 5199.67529  4.16725705e-16 
 5202.43652  4.18166005e-16 
 5205.19775  3.91277711e-16 
  5207.9585  4.01834601e-16 
 5210.71973  4.40420393e-16 
 5213.48096  4.87119278e-16 
 5216.24219  4.55013182e-16 
 5219.00342  4.39466898e-16 
 5221.76416  4.27591496e-16 
 5224.52539  4.29827293e-16 
 5227.28662  5.04985214e-16 
 5230.04785  4.52557316e-16 
 5232.80908  4.35302699e-16 
 5235.56982  4.50441322e-16 
 5238.33105   4.2932029e-16 
 5241.09229  4.40089388e-16 
 5243.85352  4.32992496e-16 
 5246.61475  3.96084094e-16 
 5249.37549  4.02547908e-16 
 5252.13672  4.55472221e-16 
 5254.89795  4.29384797e-16 
 5257.65918  3.89592301e-16 
 5260.42041  3.85974703e-16 
 5263.18115  4.40433098e-16 
 5265.94238  4.44191595e-16 
 5268.70361  4.38238409e-16 
 5271.46484  4.41712594e-16 
 5274.22607  4.06609405e-16 
 5276.98682  4.15796192e-16 
 5279.74805  4.02991595e-16 
 5282.50928  4.37393309e-16 
 5285.27051  4.77291896e-16 
 5288.03125  4.29174998e-16 
 5290.79248  4.17341603e-16 
 5293.55371   4.4379251e-16 
 5296.31494  4.66385023e-16 
 5299.07617   4.5257558e-16 
 5301.83691  4.62817214e-16 
 5304.59814  3.77988294e-16 
 5307.35938  4.54172608e-16 
 5310.12061  4.62271407e-16 
 5312.88184  3.79200292e-16 
 5315.64258  4.30101202e-16 
 5318.40381  4.72819509e-16 
 5321.16504  5.10775426e-16 
 5323.92627  5.05589096e-16 
  5326.6875  4.90122274e-16 
 5329.44824  5.17934177e-16 
 5332.20947   5.0031711e-16 
  5334.9707  4.82638209e-16 
 5337.73193  5.01072504e-16 
 5340.49316  4.98345905e-16 
 5343.25391  4.70218906e-16 
 5346.01514  5.00172797e-16 
 5348.77637  4.79471894e-16 
  5351.5376  4.70418594e-16 
 5354.29883  5.57897404e-16 
 5357.05957  5.69775188e-16 
  5359.8208  5.58799176e-16 
 5362.58203  5.22745589e-16 
 5365.34326  5.29437097e-16 
 5368.10449  5.15043519e-16 
 5370.86523   5.6026629e-16 
 5373.62646  6.01682813e-16 
  5376.3877  5.48565377e-16 
 5379.14893  5.15034095e-16 
 5381.91016  5.71005821e-16 
  5384.6709  5.68023683e-16 
 5387.43213  5.35731981e-16 
 5390.19336  5.41649988e-16 
 5392.95459  5.60405786e-16 
 5395.71582  5.80246103e-16 
 5398.47656  5.78683275e-16 
 5401.23779  5.84128426e-16 
 5403.99902  5.34194616e-16 
 5406.76025  5.76982009e-16 
   5409.521  5.87252019e-16 
 5412.28223  5.51852712e-16 
 5415.04346  5.37106609e-16 
 5417.80469  5.68614594e-16 
 5420.56592  5.60674825e-16 
 5423.32666  5.49143795e-16 
 5426.08789  5.42053388e-16 
 5428.84912  5.95961106e-16 
 5431.61035  5.95632616e-16 
 5434.37158  6.17842614e-16 
 5437.13232  5.51406114e-16 
 5439.89355  5.52243723e-16 
 5442.65479  5.50781215e-16 
 5445.41602  5.91485013e-16 
 5448.17725  6.43136182e-16 
 5450.93799  6.32925994e-16 
 5453.69922  6.22543223e-16 
 5456.46045  6.10102109e-16 
 5459.22168  6.10989005e-16 
 5461.98291  6.23061184e-16 
 5464.74365  6.22435914e-16 
 5467.50488  6.45961196e-16 
 5470.26611  6.50031718e-16 
 5473.02734  5.92313093e-16 
 5475.78857  6.81531497e-16 
 5478.54932  6.74562798e-16 
 5481.31055   6.2668892e-16 
 5484.07178  6.08771897e-16 
 5486.83301  6.14994624e-16 
 5489.59424  5.92616014e-16 
 5492.35498  5.93843682e-16 
 5495.11621   6.5149338e-16 
 5497.87744  6.05058504e-16 
 5500.63867  6.07097418e-16 
  5503.3999  6.21911813e-16 
 5506.16064  6.09972407e-16 
 5508.92188  5.76342975e-16 
 5511.68311  5.91258114e-16 
 5514.44434  5.82754909e-16 
 5517.20508  5.99489315e-16 
 5519.96631  5.77527075e-16 
 5522.72754  6.27528912e-16 
 5525.48877  6.67198906e-16 
    5528.25  6.23780579e-16 
 5531.01074  6.08618319e-16 
 5533.77197  6.05154113e-16 
  5536.5332  5.81889718e-16 
 5539.29443  5.75912789e-16 
 5542.05566  5.99931996e-16 
 5544.81641  5.65251185e-16 
 5547.57764  6.05458674e-16 
 5550.33887  6.09558102e-16 
  5553.1001  5.69904096e-16 
 5555.86133  6.36015811e-16 
 5558.62207  6.07230985e-16 
  5561.3833  5.74491626e-16 
 5564.14453  5.67025984e-16 
 5566.90576  5.71547604e-16 
 5569.66699  5.89750978e-16 
 5572.42773  5.38099808e-16 
 5575.18896  5.51948903e-16 
  5577.9502  7.01338516e-16 
 5580.71143  6.24238401e-16 
 5583.47266  5.70549905e-16 
  5586.2334  5.39233774e-16 
 5588.99463    5.247079e-16 
 5591.75586  6.39946679e-16 
 5594.51709  6.05397582e-16 
 5597.27832  5.91129683e-16 
 5600.03906  5.90155012e-16 
 5602.80029  6.10809593e-16 
 5605.56152  6.00916513e-16 
 5608.32275  6.00962676e-16 
 5611.08398   6.1567188e-16 
 5613.84473  6.16926812e-16 
 5616.60596  6.32206387e-16 
 5619.36719  6.67274398e-16 
 5622.12842  6.18582285e-16 
 5624.88916  6.22045697e-16 
 5627.65039  5.89968824e-16 
 5630.41162  6.10106503e-16 
 5633.17285  6.09223312e-16 
 5635.93408   6.1217141e-16 
 5638.69482  6.25265481e-16 
 5641.45605   6.3838888e-16 
 5644.21729  6.72366124e-16 
 5646.97852  6.13570285e-16 
 5649.73975  5.88387784e-16 
 5652.50049  6.03874723e-16 
 5655.26172  6.07269895e-16 
 5658.02295  5.85246298e-16 
 5660.78418  5.51812795e-16 
 5663.54541   5.8625919e-16 
 5666.30615  5.94443487e-16 
 5669.06738  5.66366198e-16 
 5671.82861  5.83398019e-16 
 5674.58984  6.16863496e-16 
 5677.35107  5.58936819e-16 
 5680.11182  5.13885783e-16 
 5682.87305  5.43406682e-16 
 5685.63428  5.53192983e-16 
 5688.39551  5.66003297e-16 
 5691.15674  5.62948526e-16 
 5693.91748   5.6622342e-16 
 5696.67871  5.82569991e-16 
 5699.43994  5.29726411e-16 
 5702.20117  5.01416982e-16 
  5704.9624  5.04790185e-16 
 5707.72314  5.31358803e-16 
 5710.48438  4.73752886e-16 
 5713.24561  4.68898117e-16 
 5716.00684   5.4813482e-16 
 5718.76807  5.15198685e-16 
 5721.52881  4.83497788e-16 
 5724.29004  4.69904286e-16 
 5727.05127  4.73840819e-16 
  5729.8125  5.23258574e-16 
 5732.57373  4.88506082e-16 
 5735.33447    4.333496e-16 
  5738.0957  4.85292281e-16 
 5740.85693  4.77914888e-16 
 5743.61816  5.04154222e-16 
 5746.37891  5.50491477e-16 
 5749.14014  5.27892214e-16 
 5751.90137  5.56370415e-16 
  5754.6626  5.20125505e-16 
 5757.42383  5.40593579e-16 
 5760.18457  4.80523485e-16 
  5762.9458  4.84481988e-16 
 5765.70703  5.14888776e-16 
 5768.46826  5.40037185e-16 
 5771.22949  5.07279085e-16 
 5773.99023  5.11551308e-16 
 5776.75146  5.05779308e-16 
  5779.5127  5.29241697e-16 
 5782.27393  5.02921524e-16 
 5785.03516  4.94742415e-16 
  5787.7959  4.99892111e-16 
 5790.55713  5.30928722e-16 
 5793.31836  5.50851095e-16 
 5796.07959  5.32355707e-16 
 5798.84082   5.1110021e-16 
 5801.60156   4.9301108e-16 
 5804.36279  4.90219895e-16 
 5807.12402  4.98366022e-16 
 5809.88525  5.28411075e-16 
 5812.64648  5.31462194e-16 
 5815.40723  5.05970578e-16 
 5818.16846  4.61342424e-16 
 5820.92969  5.28227375e-16 
 5823.69092  5.19638725e-16 
 5826.45215  5.03835314e-16 
 5829.21289  4.65911108e-16 
 5831.97412  5.23543124e-16 
 5834.73535  4.65591618e-16 
 5837.49658  4.64457388e-16 
 5840.25781  4.88104112e-16 
 5843.01855  4.97593793e-16 
 5845.77979  4.89381914e-16 
 5848.54102  4.47790109e-16 
 5851.30225  4.12371505e-16 
 5854.06299  4.22556097e-16 
 5856.82422   4.4915902e-16 
 5859.58545   4.5949981e-16 
 5862.34668  4.74745079e-16 
 5865.10791  4.34369401e-16 
 5867.86865  4.11028508e-16 
 5870.62988  4.42852304e-16 
 5873.39111   4.4970308e-16 
 5876.15234  4.06366095e-16 
 5878.91357  3.90704905e-16 
 5881.67432  4.25521506e-16 
 5884.43555  3.97508406e-16 
 5887.19678  3.34323904e-16 
 5889.95801  3.60142792e-16 
 5892.71924  3.79613088e-16 
 5895.47998  3.42310207e-16 
 5898.24121  3.74920605e-16 
 5901.00244   3.3287651e-16 
 5903.76367  3.43554393e-16 
  5906.5249  3.94408901e-16 
 5909.28564  3.64991209e-16 
 5912.04688  3.47394496e-16 
 5914.80811  3.57211105e-16 
 5917.56934  3.60512813e-16 
 5920.33057  3.64817487e-16 
 5923.09131  3.93478409e-16 
 5925.85254   3.5771321e-16 
 5928.61377   3.8070809e-16 
   5931.375  3.59941992e-16 
 5934.13623  3.82883694e-16 
 5936.89697  3.05540295e-16 
  5939.6582  3.32119713e-16 
 5942.41943  3.44342689e-16 
 5945.18066  3.70903393e-16 
 5947.94189  3.81733291e-16 
 5950.70264  3.43981006e-16 
 5953.46387  3.60497593e-16 
  5956.2251  3.84771493e-16 
 5958.98633  3.53647505e-16 
 5961.74707  3.28436311e-16 
  5964.5083  3.40041191e-16 
 5967.26953  3.15796409e-16 
 5970.03076  3.30512706e-16 
 5972.79199  3.27791401e-16 
 5975.55273  3.25381804e-16 
 5978.31396  3.67517908e-16 
  5981.0752    3.421579e-16 
 5983.83643  3.24348291e-16 
 5986.59766  3.92917488e-16 
  5989.3584  3.90263204e-16 
 5992.11963  3.66579395e-16 
 5994.88086  3.95318588e-16 
 5997.64209  3.66729188e-16 
 6000.40332  3.73584596e-16 
 6003.16406  3.68390087e-16 
 6005.92529  3.90745192e-16 
 6008.68652  3.94782813e-16 
 6011.44775  4.04751597e-16 
 6014.20898  4.40426904e-16 
 6016.96973    3.914495e-16 
 6019.73096  4.11901693e-16 
 6022.49219  4.36189807e-16 
 6025.25342  4.64010578e-16 
 6028.01465  4.50248781e-16 
 6030.77539  4.09771008e-16 
 6033.53662  3.95560813e-16 
 6036.29785  4.26223988e-16 
 6039.05908  4.62675919e-16 
 6041.82031  4.27044789e-16 
 6044.58105  4.12603195e-16 
 6047.34229  4.38731091e-16 
 6050.10352  4.24398897e-16 
 6052.86475  4.19756494e-16 
 6055.62598  4.29923696e-16 
 6058.38672  4.08549507e-16 
 6061.14795  4.10797109e-16 
 6063.90918  4.37393309e-16 
 6066.67041   4.3954411e-16 
 6069.43164  4.39867995e-16 
 6072.19238  4.42697588e-16 
 6074.95361  4.12107496e-16 
 6077.71484  4.04606013e-16 
 6080.47607  4.38478093e-16 
 6083.23682  4.75526997e-16 
 6085.99805  4.54860981e-16 
 6088.75928  4.26038091e-16 
 6091.52051  4.39156805e-16 
 6094.28174  4.36556493e-16 
 6097.04248  4.55591388e-16 
 6099.80371  4.89049983e-16 
 6102.56494  5.32670116e-16 
 6105.32617   4.6997279e-16 
  6108.0874  4.51385022e-16 
 6110.84814  4.66956876e-16 
 6113.60938   4.5648829e-16 
 6116.37061  5.08170376e-16 
 6119.13184  4.85857622e-16 
 6121.89307  4.71630221e-16 
 6124.65381  4.57284818e-16 
 6127.41504  4.40970593e-16 
 6130.17627  4.61516913e-16 
  6132.9375  5.00907492e-16 
 6135.69873  4.54229677e-16 
 6138.45947  4.49420594e-16 
  6141.2207  4.15527206e-16 
 6143.98193  4.39935493e-16 
 6146.74316  4.37213711e-16 
 6149.50439  4.47686082e-16 
 6152.26514  4.74274923e-16 
 6155.02637  4.57348081e-16 
  6157.7876  4.64551514e-16 
 6160.54883  4.17040113e-16 
 6163.31006  3.98237887e-16 
  6166.0708  4.31832008e-16 
 6168.83203  4.62706094e-16 
 6171.59326  4.61247609e-16 
 6174.35449  4.25225495e-16 
 6177.11572  4.00305389e-16 
 6179.87646  4.29019488e-16 
  6182.6377   4.1490019e-16 
 6185.39893   4.0219189e-16 
 6188.16016  4.22836491e-16 
  6190.9209  4.15016604e-16 
 6193.68213  4.33412704e-16 
 6196.44336  4.49431923e-16 
 6199.20459  4.29784703e-16 
 6201.96582   3.5852345e-16 
 6204.72656  3.56263699e-16 
 6207.48779  4.00130847e-16 
 6210.24902  4.29307506e-16 
 6213.01025  3.87507356e-16 
 6215.77148  4.33096496e-16 
 6218.53223  4.55849362e-16 
 6221.29346  4.00567916e-16 
 6224.05469  3.76382399e-16 
 6226.81592  3.71444753e-16 
 6229.57715  3.65923924e-16 
 6232.33789   3.7551067e-16 
 6235.09912  4.12425265e-16 
 6237.86035  4.09700916e-16 
 6240.62158  4.21447622e-16 
 6243.38281  3.48948643e-16 
 6246.14355   3.5405776e-16 
 6248.90479  3.56031029e-16 
 6251.66602  3.51375048e-16 
 6254.42725  3.55525642e-16 
 6257.18848  4.06920478e-16 
 6259.94922  4.55354007e-16 
 6262.71045  3.79643582e-16 
 6265.47168  3.79178931e-16 
 6268.23291  4.32849215e-16 
 6270.99414  4.64497251e-16 
 6273.75488  4.47598838e-16 
 6276.51611  4.18324162e-16 
 6279.27734  4.07453553e-16 
 6282.03857   4.4392118e-16 
  6284.7998   4.3045587e-16 
 6287.56055  4.43500575e-16 
 6290.32178  4.36385154e-16 
 6293.08301  4.22712666e-16 
 6295.84424  4.28815326e-16 
 6298.60498  4.20395634e-16 
 6301.36621  4.49314821e-16 
 6304.12744  4.67182928e-16 
 6306.88867  4.24595064e-16 
  6309.6499  4.16378103e-16 
 6312.41064  4.50182765e-16 
 6315.17188  4.68142457e-16 
 6317.93311  4.52823231e-16 
 6320.69434  4.01934074e-16 
 6323.45557  4.45414181e-16 
 6326.21631  4.57866254e-16 
 6328.97754  4.40011752e-16 
 6331.73877  4.26454778e-16 
     6334.5  3.97410971e-16 
 6337.26123  4.03932834e-16 
 6340.02197  4.37045522e-16 
  6342.7832  4.06836463e-16 
 6345.54443  4.58217349e-16 
 6348.30566  4.43307584e-16 
 6351.06689  4.25161279e-16 
 6353.82764  4.44984365e-16 
 6356.58887  4.81313979e-16 
  6359.3501   4.5857972e-16 
 6362.11133   4.6506794e-16 
 6364.87256  4.50094991e-16 
  6367.6333  4.48869705e-16 
 6370.39453  4.60152819e-16 
 6373.15576  4.60275957e-16 
 6375.91699  3.93820372e-16 
 6378.67822   3.9422176e-16 
 6381.43896  4.41288151e-16 
  6384.2002  4.55315202e-16 
 6386.96143  4.51588575e-16 
 6389.72266  4.13425902e-16 
 6392.48389  4.38973634e-16 
 6395.24463  4.33552226e-16 
 6398.00586  3.85734516e-16 
 6400.76709  4.30931135e-16 
 6403.52832  4.79471417e-16 
 6406.28955  4.23497812e-16 
 6409.05029  3.90754298e-16 
 6411.81152  4.11602505e-16 
 6414.57275  3.96891793e-16 
 6417.33398  4.05848187e-16 
 6420.09473  4.17699395e-16 
 6422.85596  3.79282798e-16 
 6425.61719  3.81768311e-16 
 6428.37842  4.04541003e-16 
 6431.13965  3.96743694e-16 
 6433.90039  4.14439404e-16 
 6436.66162  3.90921296e-16 
 6439.42285  3.97702403e-16 
 6442.18408  3.56267007e-16 
 6444.94531  3.73859696e-16 
 6447.70605  3.99006596e-16 
 6450.46729  3.75867006e-16 
 6453.22852  3.72686794e-16 
 6455.98975  4.07434997e-16 
 6458.75098  3.95927208e-16 
 6461.51172  3.98583106e-16 
 6464.27295  4.27132801e-16 
 6467.03418  4.43970996e-16 
 6469.79541  4.12335903e-16 
 6472.55664  4.06584497e-16 
 6475.31738  4.18189192e-16 
 6478.07861  4.60987888e-16 
 6480.83984  4.28803812e-16 
 6483.60107  4.05561996e-16 
  6486.3623  4.40802298e-16 
 6489.12305  4.62370616e-16 
 6491.88428  4.23599403e-16 
 6494.64551  4.41223009e-16 
 6497.40674  4.43136007e-16 
 6500.16797  4.43641712e-16 
 6502.92871  4.54815082e-16 
 6505.68994  4.45449598e-16 
 6508.45117  4.66464115e-16 
  6511.2124  5.05484223e-16 
 6513.97363  4.97454721e-16 
 6516.73438  4.77295125e-16 
 6519.49561  5.08149676e-16 
 6522.25684  4.97875008e-16 
 6525.01807  4.76950382e-16 
 6527.77881  4.90465217e-16 
 6530.54004   4.7665498e-16 
 6533.30127  4.88332599e-16 
  6536.0625  5.25658324e-16 
 6538.82373  5.19680706e-16 
 6541.58447  5.34039874e-16 
  6544.3457  4.89796114e-16 
 6547.10693  5.06580389e-16 
 6549.86816  5.17210017e-16 
 6552.62939  4.55357977e-16 
 6555.39014  5.11954919e-16 
 6558.15137  5.63130426e-16 
  6560.9126  5.15952226e-16 
 6563.67383  5.77446977e-16 
 6566.43506  5.91915676e-16 
  6569.1958  5.56484394e-16 
 6571.95703  5.58640199e-16 
 6574.71826  5.74373412e-16 
 6577.47949  5.77997019e-16 
 6580.24072  5.36088423e-16 
 6583.00146  5.40492306e-16 
  6585.7627  5.49306478e-16 
 6588.52393  5.43101326e-16 
 6591.28516  5.63989106e-16 
 6594.04639  5.87000291e-16 
 6596.80713  5.42847375e-16 
 6599.56836  5.60272219e-16 
 6602.32959  5.73803094e-16 
 6605.09082  5.12696179e-16 
 6607.85205  5.51663612e-16 
 6610.61279  5.96846096e-16 
 6613.37402  5.81167093e-16 
 6616.13525  5.40903805e-16 
 6618.89648  5.37993718e-16 
 6621.65771  5.36588225e-16 
 6624.41846  5.50206292e-16 
 6627.17969  5.86583286e-16 
 6629.94092  5.72492787e-16 
 6632.70215  5.50776715e-16 
 6635.46289  5.91586604e-16 
 6638.22412  5.76670407e-16 
 6640.98535  5.49422998e-16 
 6643.74658  5.32002177e-16 
 6646.50781   5.0666451e-16 
 6649.26855  4.86158795e-16 
 6652.02979  5.54721612e-16 
 6654.79102  6.15083774e-16 
 6657.55225   5.6752388e-16 
 6660.31348  5.29544511e-16 
 6663.07422   5.3710301e-16 
 6665.83545  5.24302012e-16 
 6668.59668  5.29735676e-16 
 6671.35791  5.24496512e-16 
 6674.11914  5.65623721e-16 
 6676.87988  5.63351396e-16 
 6679.64111   5.4675008e-16 
 6682.40234  5.65253991e-16 
 6685.16357  5.43550307e-16 
  6687.9248  4.88339905e-16 
 6690.68555  4.81165007e-16 
 6693.44678  5.05842782e-16 
 6696.20801  4.81927019e-16 
 6698.96924  5.06891621e-16 
 6701.73047  5.39823097e-16 
 6704.49121  4.96249869e-16 
 6707.25244  5.14702006e-16 
 6710.01367  5.11473434e-16 
  6712.7749   5.2599809e-16 
 6715.53613  5.39161829e-16 
 6718.29688  4.99137669e-16 
 6721.05811  5.59875861e-16 
 6723.81934  4.66468297e-16 
 6726.58057  4.78306959e-16 
  6729.3418  5.52664381e-16 
 6732.10254  5.14328676e-16 
 6734.86377   4.8260671e-16 
   6737.625  5.39521024e-16 
 6740.38623  5.18368441e-16 
 6743.14746  5.14464995e-16 
  6745.9082  5.04428025e-16 
 6748.66943    5.435673e-16 
 6751.43066  5.63289404e-16 
 6754.19189  5.43882291e-16 
 6756.95264  5.60348135e-16 
 6759.71387  6.19491046e-16 
  6762.4751  6.17404962e-16 
 6765.23633  5.65229109e-16 
 6767.99756  5.13146641e-16 
  6770.7583  5.07976564e-16 
 6773.51953  5.31779196e-16 
 6776.28076  5.13963446e-16 
 6779.04199  5.36304893e-16 
 6781.80322  5.38537036e-16 
 6784.56396  4.88066525e-16 
  6787.3252  5.01844045e-16 
 6790.08643  4.83597738e-16 
 6792.84766  4.79314928e-16 
 6795.60889  4.48212566e-16 
 6798.36963  4.80073763e-16 
 6801.13086  4.51046315e-16 
 6803.89209  4.62249226e-16 
 6806.65332  4.34254416e-16 
 6809.41455  4.37661791e-16 
 6812.17529  4.39285236e-16 
 6814.93652  4.34647307e-16 
 6817.69775  4.29726205e-16 
 6820.45898  4.45628004e-16 
 6823.22021  4.27156174e-16 
 6825.98096  4.19739289e-16 
 6828.74219  4.66679579e-16 
 6831.50342  4.51958093e-16 
 6834.26465  4.22791202e-16 
 6837.02588  4.16261954e-16 
 6839.78662  4.07244468e-16 
 6842.54785  4.08950577e-16 
 6845.30908  4.07339441e-16 
 6848.07031  4.01805643e-16 
 6850.83154  3.94244391e-16 
 6853.59229  4.09200055e-16 
 6856.35352  4.50775264e-16 
 6859.11475  4.33757923e-16 
 6861.87598   4.3327919e-16 
 6864.63672  4.54053282e-16 
 6867.39795  4.46839102e-16 
 6870.15918  4.86630857e-16 
 6872.92041   4.6817078e-16 
 6875.68164  4.43921365e-16 
 6878.44238  4.16383424e-16 
 6881.20361  4.16928119e-16 
 6883.96484   3.8505816e-16 
 6886.72607  4.00116156e-16 
  6889.4873  4.12605948e-16 
 6892.24805  4.40316049e-16 
 6895.00928  4.09638527e-16 
 6897.77051  3.86887328e-16 
 6900.53174  4.12321901e-16 
 6903.29297  4.56730753e-16 
 6906.05371  4.31694577e-16 
 6908.81494  4.15361585e-16 
 6911.57617  4.30548276e-16 
  6914.3374  4.08237164e-16 
 6917.09863  3.74024868e-16 
 6919.85938  3.83922421e-16 
 6922.62061  4.16069836e-16 
 6925.38184  3.96971149e-16 
 6928.14307  3.58356717e-16 
  6930.9043  3.63771772e-16 
 6933.66504  3.99809054e-16 
 6936.42627  4.20498733e-16 
  6939.1875  3.89466464e-16 
 6941.94873  3.88100491e-16 
 6944.70996  3.53916941e-16 
  6947.4707  3.63824315e-16 
 6950.23193  3.46109388e-16 
 6952.99316   4.0016449e-16 
 6955.75439  3.73587031e-16 
 6958.51562  3.27793836e-16 
 6961.27637   3.8078922e-16 
  6964.0376  3.21268109e-16 
 6966.79883  3.24619236e-16 
 6969.56006   3.6734784e-16 
  6972.3208  3.54325767e-16 
 6975.08203  3.52366977e-16 
 6977.84326  3.74487613e-16 
 6980.60449  3.40052997e-16 
 6983.36572  3.18302805e-16 
 6986.12646  3.13675729e-16 
  6988.8877    3.078055e-16 
 6991.64893  3.22355964e-16 
 6994.41016  3.25297445e-16 
 6997.17139  3.36187059e-16 
 6999.93213  3.38436779e-16 
 7002.69336  3.33988162e-16 
 7005.45459  3.29595343e-16 
 7008.21582  3.23589826e-16 
 7010.97705  3.11899104e-16 
 7013.73779  3.07396012e-16 
 7016.49902  3.18081174e-16 
 7019.26025  3.30296554e-16 
 7022.02148  3.29825153e-16 
 7024.78271  3.20526823e-16 
 7027.54346   3.1188931e-16 
 7030.30469   3.0231175e-16 
 7033.06592  2.95952703e-16 
 7035.82715  3.05587253e-16 
 7038.58838  3.26286038e-16 
 7041.34912  3.33807135e-16 
 7044.11035  3.22078058e-16 
 7046.87158  3.15947683e-16 
 7049.63281  3.25128885e-16 
 7052.39404  3.32117516e-16 
 7055.15479   3.1944405e-16 
 7057.91602  2.94417906e-16 
 7060.67725  2.80754735e-16 
 7063.43848  2.81871733e-16 
 7066.19971  2.83887089e-16 
 7068.96045  2.80866887e-16 
 7071.72168  2.76434417e-16 
 7074.48291  2.75449132e-16 
 7077.24414  2.79525505e-16 
 7080.00537  2.87655962e-16 
 7082.76611  2.93408931e-16 
 7085.52734  2.85793205e-16 
 7088.28857  2.68807203e-16 
  7091.0498  2.65761934e-16 
 7093.81055   2.7946751e-16 
 7096.57178  2.91155717e-16 
 7099.33301  2.95116364e-16 
 7102.09424   2.9563443e-16 
 7104.85547  2.93583393e-16 
 7107.61621  2.88957349e-16 
 7110.37744  2.85055836e-16 
 7113.13867  2.85905119e-16 
  7115.8999  2.91623465e-16 
 7118.66113  2.96666275e-16 
 7121.42188  2.95243578e-16 
 7124.18311  2.88997001e-16 
 7126.94434  2.84824808e-16 
 7129.70557  2.86242238e-16 
  7132.4668  2.88792839e-16 
 7135.22754  2.88654455e-16 
 7137.98877  2.89815579e-16 
    7140.75  2.93414886e-16 
 7143.51123  2.96260229e-16 
 7146.27246  3.00436657e-16 
  7149.0332  3.06976996e-16 
 7151.79443  3.08286561e-16 
 7154.55566  3.00669485e-16 
 7157.31689  2.95954318e-16 
 7160.07812  2.95978723e-16 
 7162.83887  2.92703829e-16 
  7165.6001  2.92974059e-16 
 7168.36133  3.01698948e-16 
 7171.12256  3.08855318e-16 
 7173.88379  3.04541485e-16 
 7176.64453  2.93028163e-16 
 7179.40576   2.8909126e-16 
 7182.16699  2.97301206e-16 
 7184.92822  3.08750497e-16 
 7187.68945  3.22776278e-16 
  7190.4502  3.34172418e-16 
 7193.21143  3.30249967e-16 
 7195.97266  3.17031091e-16 
 7198.73389  3.10974726e-16 
 7201.49463  3.09888063e-16 
 7204.25586   3.0300539e-16 
 7207.01709  2.99662363e-16 
 7209.77832  3.07747769e-16 
 7212.53955  3.14511142e-16 
 7215.30029  3.15242608e-16 
 7218.06152  3.14486022e-16 
 7220.82275  3.11211949e-16 
 7223.58398  3.13792011e-16 
 7226.34521  3.21493764e-16 
 7229.10596  3.21007143e-16 
 7231.86719  3.17822617e-16 
 7234.62842  3.15965418e-16 
 7237.38965  3.12977801e-16 
 7240.15088  3.15999829e-16 
 7242.91162  3.22763016e-16 
 7245.67285  3.24701901e-16 
 7248.43408  3.18086442e-16 
 7251.19531   3.0656682e-16 
 7253.95654  2.99907103e-16 
 7256.71729  2.95077506e-16 
 7259.47852  2.86157932e-16 
 7262.23975  2.77049786e-16 
 7265.00098  2.73580286e-16 
 7267.76221  2.79727099e-16 
 7270.52295  2.85576496e-16 
 7273.28418  2.80336221e-16 
 7276.04541  2.73550243e-16 
 7278.80664  2.77089359e-16 
 7281.56787  2.81551634e-16 
 7284.32861  2.81354408e-16 
 7287.08984  2.84198771e-16 
 7289.85107  2.85649632e-16 
  7292.6123   2.8309866e-16 
 7295.37354  2.79568836e-16 
 7298.13428  2.78278037e-16 
 7300.89551  2.80875993e-16 
 7303.65674  2.84608602e-16 
 7306.41797  2.89494103e-16 
  7309.1792  2.88639818e-16 
 7311.93994  2.77078797e-16 
 7314.70117   2.6581093e-16 
  7317.4624  2.60351696e-16 
 7320.22363  2.58506329e-16 
 7322.98438  2.60864204e-16 
 7325.74561  2.66310044e-16 
 7328.50684   2.6982838e-16 
 7331.26807  2.68966048e-16 
  7334.0293  2.67153239e-16 
 7336.79004  2.63557954e-16 
 7339.55127  2.61369407e-16 
  7342.3125  2.69552565e-16 
 7345.07373  2.85124604e-16 
 7347.83496  2.92414064e-16 
  7350.5957  2.89817696e-16 
 7353.35693  2.90808222e-16 
 7356.11816  2.92204503e-16 
 7358.87939  2.88588651e-16 
 7361.64062  2.94784962e-16 
 7364.40137  3.08384314e-16 
  7367.1626  3.08809048e-16 
 7369.92383  2.94670533e-16 
 7372.68506  2.81077402e-16 
 7375.44629  2.79678156e-16 
 7378.20703  2.87734233e-16 
 7380.96826   2.9234564e-16 
 7383.72949  2.89477665e-16 
 7386.49072  2.85599578e-16 
 7389.25195  2.86561569e-16 
  7392.0127  2.93200243e-16 
 7394.77393  2.97321429e-16 
 7397.53516  2.95871917e-16 
 7400.29639  2.96363964e-16 
 7403.05762  3.00393379e-16 
 7405.81836  3.03634207e-16 
 7408.57959   3.0001727e-16 
 7411.34082  2.94112286e-16 
 7414.10205   2.8869866e-16 
 7416.86328  2.85224395e-16 
 7419.62402  2.84725705e-16 
 7422.38525  2.85182653e-16 
 7425.14648  2.85629171e-16 
 7427.90771  2.88627641e-16 
 7430.66846   2.9693047e-16 
 7433.42969  3.07288068e-16 
 7436.19092  3.12198477e-16 
 7438.95215  3.10602508e-16 
 7441.71338  3.03011134e-16 
 7444.47412  2.88089193e-16 
 7447.23535  2.76372345e-16 
 7449.99658  2.80538503e-16 
 7452.75781  2.94119882e-16 
 7455.51904  3.03134537e-16 
 7458.27979  3.06479681e-16 
 7461.04102   3.0729413e-16 
 7463.80225  3.05625581e-16 
 7466.56348  3.01561173e-16 
 7469.32471  2.98931136e-16 
 7472.08545   2.9996793e-16 
 7474.84668  3.03610807e-16 
 7477.60791  3.09847193e-16 
 7480.36914  3.15707179e-16 
 7483.13037  3.15557889e-16 
 7485.89111  3.11415316e-16 
 7488.65234  3.08552027e-16 
 7491.41357  3.10393768e-16 
  7494.1748   3.1780483e-16 
 7496.93604   3.2688444e-16 
 7499.69678  3.29434142e-16 
 7502.45801  3.22458773e-16 
 7505.21924  3.14160708e-16 
 7507.98047  3.12994159e-16 
  7510.7417  3.18109179e-16 
 7513.50244  3.21060877e-16 
 7516.26367  3.15223285e-16 
  7519.0249  3.04221836e-16 
 7521.78613  3.00025079e-16 
 7524.54736  3.09454488e-16 
 7527.30811  3.27452985e-16 
 7530.06934  3.36571612e-16 
 7532.83057  3.33741119e-16 
  7535.5918  3.33733231e-16 
 7538.35254  3.37167632e-16 
 7541.11377   3.3653879e-16 
   7543.875  3.34298837e-16 
 7546.63623  3.36339816e-16 
 7549.39746  3.41043046e-16 
  7552.1582  3.40645285e-16 
 7554.91943   3.3525752e-16 
 7557.68066  3.31713772e-16 
 7560.44189  3.30191786e-16 
 7563.20312  3.30293827e-16 
 7565.96387  3.32814333e-16 
  7568.7251   3.3324534e-16 
 7571.48633  3.31573429e-16 
 7574.24756  3.32684366e-16 
 7577.00879  3.34993246e-16 
 7579.76953   3.2784397e-16 
 7582.53076  3.08015776e-16 
 7585.29199   2.8913377e-16 
 7588.05322  2.81093283e-16 
 7590.81445  2.87967909e-16 
  7593.5752  3.05305005e-16 
 7596.33643  3.16619883e-16 
 7599.09766  3.15266642e-16 
 7601.85889  3.11211313e-16 
 7604.62012  3.08662512e-16 
 7607.38086  3.02634972e-16 
 7610.14209  2.90063839e-16 
 7612.90332  2.78586357e-16 
 7615.66455  2.78951852e-16 
 7618.42578  2.83849555e-16 
 7621.18652  2.84190539e-16 
 7623.94775  2.90591064e-16 
 7626.70898  3.06192828e-16 
 7629.47021   3.0724577e-16 
 7632.23145  2.83214783e-16 
 7634.99219  2.58971562e-16 
 7637.75342  2.52909294e-16 
 7640.51465  2.58501009e-16 
 7643.27588   2.6847109e-16 
 7646.03711  2.72816845e-16 
 7648.79785  2.68249723e-16 
 7651.55908  2.65427383e-16 
 7654.32031  2.64950212e-16 
 7657.08154  2.57704983e-16 
 7659.84229  2.52825623e-16 
 7662.60352  2.60882495e-16 
 7665.36475  2.65548932e-16 
 7668.12598  2.59401352e-16 
 7670.88721  2.56554633e-16 
 7673.64795  2.58549581e-16 
 7676.40918  2.60810947e-16 
 7679.17041   2.6113327e-16 
 7681.93164  2.57736085e-16 
 7684.69287  2.55958004e-16 
 7687.45361  2.57760199e-16 
 7690.21484  2.56229372e-16 
 7692.97607  2.52053738e-16 
  7695.7373  2.47274169e-16 
 7698.49854   2.3868282e-16 
 7701.25928  2.31347832e-16 
 7704.02051  2.32247249e-16 
 7706.78174  2.37893438e-16 
 7709.54297  2.44407228e-16 
  7712.3042   2.4853789e-16 
 7715.06494  2.45567107e-16 
 7717.82617  2.38715193e-16 
  7720.5874  2.35953495e-16 
 7723.34863  2.35175045e-16 
 7726.10986  2.29983104e-16 
 7728.87061  2.25427257e-16 
 7731.63184  2.23311184e-16 
 7734.39307  2.17921646e-16 
  7737.1543  2.15374101e-16 
 7739.91553  2.19860094e-16 
 7742.67627   2.2283539e-16 
  7745.4375  2.19215833e-16 
 7748.19873  2.14083303e-16 
 7750.95996  2.12239299e-16 
 7753.72119   2.1529493e-16 
 7756.48193  2.23060303e-16 
 7759.24316  2.27049114e-16 
 7762.00439  2.24638564e-16 
 7764.76562  2.23461479e-16 
 7767.52637  2.25119573e-16 
  7770.2876  2.26252373e-16 
 7773.04883  2.22794229e-16 
 7775.81006  2.16935368e-16 
 7778.57129  2.15958197e-16 
 7781.33203  2.17327518e-16 
 7784.09326  2.18382299e-16 
 7786.85449  2.21751757e-16 
 7789.61572  2.22787956e-16 
 7792.37695  2.12501919e-16 
  7795.1377  1.97438946e-16 
 7797.89893  1.88099693e-16 
 7800.66016  1.85681758e-16 
 7803.42139  1.92043942e-16 
 7806.18262  2.01694943e-16 
 7808.94336  2.06102638e-16 
 7811.70459  2.03078981e-16 
 7814.46582  1.98817956e-16 
 7817.22705   2.0198705e-16 
 7819.98828  2.10032751e-16 
 7822.74902  2.14822061e-16 
 7825.51025   2.1548947e-16 
 7828.27148  2.09394128e-16 
 7831.03271  1.97146177e-16 
 7833.79395  1.95132171e-16 
 7836.55469  2.08791702e-16 
 7839.31592  2.22534905e-16 
 7842.07715  2.25731819e-16 
 7844.83838  2.27195809e-16 
 7847.59961  2.34045553e-16 
 7850.36035  2.39956864e-16 
 7853.12158  2.36505998e-16 
 7855.88281  2.27169737e-16 
 7858.64404  2.18057925e-16 
 7861.40527  2.08542238e-16 
 7864.16602   2.0254003e-16 
 7866.92725  2.06447287e-16 
 7869.68848  2.13024379e-16 
 7872.44971  2.09700225e-16 
 7875.21045  2.04102449e-16 
 7877.97168  2.09971328e-16 
 7880.73291  2.17761689e-16 
 7883.49414  2.13876587e-16 
 7886.25537  2.05360676e-16 
 7889.01611  2.07565993e-16 
 7891.77734  2.19040682e-16 
 7894.53857  2.24872769e-16 
  7897.2998  2.24103689e-16 
 7900.06104  2.24710562e-16 
 7902.82178  2.22847248e-16 
 7905.58301  2.17158892e-16 
 7908.34424  2.12888893e-16 
 7911.10547  2.14150165e-16 
  7913.8667  2.26304095e-16 
 7916.62744  2.42255817e-16 
 7919.38867  2.48295162e-16 
  7922.1499  2.44656652e-16 
 7924.91113   2.4264217e-16 
 7927.67236  2.48381427e-16 
 7930.43311  2.54022137e-16 
 7933.19434    2.540638e-16 
 7935.95557  2.53177592e-16 
  7938.7168  2.55406189e-16 
 7941.47803  2.56509979e-16 
 7944.23877   2.5363994e-16 
     7947.0  2.54833118e-16 
 7949.76123  2.58987762e-16 
 7952.52246  2.60402413e-16 
 7955.28369  2.61760656e-16 
 7958.04443  2.65220812e-16 
 7960.80566  2.69708975e-16 
 7963.56689   2.7427885e-16 
 7966.32812  2.80987881e-16 
 7969.08936  2.86904221e-16 
  7971.8501  2.88009466e-16 
 7974.61133  2.86874548e-16 
 7977.37256  2.88268923e-16 
 7980.13379  2.90425628e-16 
 7982.89502  2.84541687e-16 
 7985.65576  2.74857136e-16 
 7988.41699  2.71013274e-16 
 7991.17822   2.7476105e-16 
 7993.93945  2.78856349e-16 
  7996.7002   2.7921475e-16 
 7999.46143  2.82165601e-16 
 8002.22266  2.92351463e-16 
 8004.98389  2.98394911e-16 
 8007.74512  2.90309346e-16 
 8010.50586  2.76614967e-16 
 8013.26709    2.721614e-16 
 8016.02832  2.83777822e-16 
 8018.78955  2.98382735e-16 
 8021.55078  3.00524563e-16 
 8024.31152  2.97025311e-16 
 8027.07275  2.99906362e-16 
 8029.83398  3.05292194e-16 
 8032.59521  3.05435475e-16 
 8035.35645   3.0694375e-16 
 8038.11719  3.08990843e-16 
 8040.87842  3.00463868e-16 
 8043.63965  2.89610703e-16 
 8046.40088  2.88130327e-16 
 8049.16211  2.91405857e-16 
 8051.92285  2.93543318e-16 
 8054.68408  2.87524381e-16 
 8057.44531  2.75225013e-16 
 8060.20654  2.71672265e-16 
 8062.96777  2.78634135e-16 
 8065.72852  2.84776897e-16 
 8068.48975  2.90554721e-16 
 8071.25098  2.95522675e-16 
 8074.01221  2.88149121e-16 
 8076.77344  2.74670391e-16 
 8079.53418  2.74966615e-16 
 8082.29541  2.88052665e-16 
 8085.05664  2.98255177e-16 
 8087.81787   3.0266221e-16 
  8090.5791  3.01533909e-16 
 8093.33984  2.95949527e-16 
 8096.10107  2.93312316e-16 
  8098.8623  2.94397868e-16 
 8101.62354  2.94711879e-16 
 8104.38428  2.94387995e-16 
 8107.14551  2.95357001e-16 
 8109.90674  2.94503641e-16 
 8112.66797  2.87017247e-16 
  8115.4292  2.81359278e-16 
 8118.18994  2.87273315e-16 
 8120.95117  2.95114987e-16 
  8123.7124  2.96335562e-16 
 8126.47363  2.93050847e-16 
 8129.23486  2.85468447e-16 
 8131.99561  2.73774363e-16 
 8134.75684  2.62282111e-16 
 8137.51807  2.59922224e-16 
  8140.2793  2.70890454e-16 
 8143.04053  2.85727189e-16 
 8145.80127  2.87654877e-16 
  8148.5625  2.78480557e-16 
 8151.32373  2.70333689e-16 
 8154.08496  2.67707383e-16 
 8156.84619  2.68488242e-16 
 8159.60693  2.71704717e-16 
 8162.36816  2.78508668e-16 
 8165.12939  2.82538401e-16 
 8167.89062  2.72842971e-16 
 8170.65186  2.56605534e-16 
  8173.4126  2.52064379e-16 
 8176.17383  2.52824856e-16 
 8178.93506  2.47227397e-16 
 8181.69629  2.41281729e-16 
 8184.45752    2.438768e-16 
 8187.21826   2.5081032e-16 
 8189.97949  2.51520107e-16 
 8192.74023  2.41672926e-16 
 8195.50195  2.26089452e-16 
  8198.2627    2.166622e-16 
 8201.02441  2.18326276e-16 
 8203.78516  2.21389729e-16 
  8206.5459  2.20778145e-16 
 8209.30762  2.20260634e-16 
 8212.06836  2.16001303e-16 
 8214.83008  2.06991281e-16 
 8217.59082  2.06025809e-16 
 8220.35156  2.19949575e-16 
 8223.11328  2.31880643e-16 
 8225.87402  2.24134553e-16 
 8228.63574   2.1550923e-16 
 8231.39648  2.23205331e-16 
 8234.15723  2.32481745e-16 
 8236.91895  2.36078591e-16 
 8239.67969  2.36998072e-16 
 8242.44141  2.33423593e-16 
 8245.20215  2.29236973e-16 
 8247.96289  2.24408489e-16 
 8250.72461  2.16368611e-16 
 8253.48535  2.16295885e-16 
 8256.24707  2.27393565e-16 
 8259.00781  2.36613492e-16 
 8261.76855  2.35657166e-16 
 8264.53027  2.27486712e-16 
 8267.29102  2.22809926e-16 
 8270.05273   2.1934519e-16 
 8272.81348  2.12539082e-16 
 8275.57422  2.13484278e-16 
 8278.33594  2.24731923e-16 
 8281.09668   2.3573909e-16 
  8283.8584  2.32970139e-16 
 8286.61914  2.22107444e-16 
 8289.37988  2.18567641e-16 
  8292.1416  2.20300842e-16 
 8294.90234  2.20466834e-16 
 8297.66406  2.17997958e-16 
  8300.4248  2.11792793e-16 
 8303.18555  2.06797006e-16 
 8305.94727  2.03501148e-16 
 8308.70801  1.98764606e-16 
 8311.46973  2.02527285e-16 
 8314.23047  2.13058194e-16 
 8316.99121  2.20304839e-16 
 8319.75293  2.28639577e-16 
 8322.51367   2.3998328e-16 
 8325.27539  2.42904724e-16 
 8328.03613  2.40769856e-16 
 8330.79688  2.45672589e-16 
 8333.55859  2.50541758e-16 
 8336.31934  2.47234359e-16 
 8339.08105  2.43134058e-16 
  8341.8418  2.43570809e-16 
 8344.60254  2.48339234e-16 
 8347.36426  2.56075556e-16 
   8350.125  2.55403674e-16 
 8352.88672  2.43243801e-16 
 8355.64746  2.31727965e-16 
  8358.4082  2.18754464e-16 
 8361.16992  2.05245586e-16 
 8363.93066   2.0173785e-16 
 8366.69238  2.08836569e-16 
 8369.45312  2.21463209e-16 
 8372.21387  2.26339777e-16 
 8374.97559  2.22721225e-16 
 8377.73633  2.19313109e-16 
 8380.49707  2.12623706e-16 
 8383.25879  2.03861534e-16 
 8386.01953  2.00663985e-16 
 8388.78125  2.00148446e-16 
 8391.54199  2.04167498e-16 
 8394.30273  2.15958369e-16 
 8397.06445  2.21927225e-16 
  8399.8252  2.16125155e-16 
 8402.58691   2.1004907e-16 
 8405.34766  2.17250372e-16 
  8408.1084  2.39951781e-16 
 8410.87012  2.62422427e-16 
 8413.63086   2.6731931e-16 
 8416.39258  2.51706878e-16 
 8419.15332  2.25328446e-16 
 8421.91406  2.03722766e-16 
 8424.67578   1.9418225e-16 
 8427.43652  1.97714708e-16 
 8430.19824  2.12473609e-16 
 8432.95898  2.19988684e-16 
 8435.71973  2.12406508e-16 
 8438.48145   2.0849978e-16 
 8441.24219  2.09777199e-16 
 8444.00391  2.07204257e-16 
 8446.76465  2.09731194e-16 
 8449.52539   2.2362456e-16 
 8452.28711  2.32910714e-16 
 8455.04785  2.20697875e-16 
 8457.80957  1.99638651e-16 
 8460.57031  1.83923331e-16 
 8463.33105   1.7744967e-16 
 8466.09277   1.8686595e-16 
 8468.85352  2.00517302e-16 
 8471.61523  1.94071712e-16 
 8474.37598  1.73626203e-16 
 8477.13672  1.65255969e-16 
 8479.89844  1.71340458e-16 
 8482.65918  1.76363073e-16 
  8485.4209  1.76175243e-16 
 8488.18164  1.80951424e-16 
 8490.94238  1.89170409e-16 
  8493.7041  1.86861966e-16 
 8496.46484  1.78540463e-16 
 8499.22656  1.73399887e-16 
  8501.9873  1.69364979e-16 
 8504.74805  1.61387954e-16 
 8507.50977  1.55433682e-16 
 8510.27051  1.58320424e-16 
 8513.03223  1.62395327e-16 
 8515.79297  1.58772567e-16 
 8518.55371  1.54390456e-16 
 8521.31543  1.57336238e-16 
 8524.07617  1.58439432e-16 
 8526.83789  1.49701903e-16 
 8529.59863  1.38820415e-16 
 8532.35938  1.36560372e-16 
 8535.12109  1.40207206e-16 
 8537.88184  1.36234357e-16 
 8540.64355  1.31680655e-16 
  8543.4043  1.43506717e-16 
 8546.16504    1.632298e-16 
 8548.92676  1.74275666e-16 
  8551.6875  1.71241316e-16 
 8554.44922  1.56453404e-16 
 8557.20996  1.43769298e-16 
  8559.9707  1.49141657e-16 
 8562.73242  1.66638115e-16 
 8565.49316  1.77165345e-16 
 8568.25488  1.79378192e-16 
 8571.01562  1.83605509e-16 
 8573.77637   1.8674096e-16 
 8576.53809  1.86144238e-16 
 8579.29883  1.90157401e-16 
 8582.06055  1.93330439e-16 
 8584.82129  1.90750576e-16 
 8587.58203  1.89941315e-16 
 8590.34375  1.90570369e-16 
 8593.10449   1.8899146e-16 
 8595.86621  1.89107318e-16 
 8598.62695  1.95438731e-16 
  8601.3877  2.02904585e-16 
 8604.14941  2.01892871e-16 
 8606.91016  1.94083584e-16 
  8609.6709  1.91948664e-16 
 8612.43262  1.99430506e-16 
 8615.19336  2.08189462e-16 
 8617.95508  2.16597071e-16 
 8620.71582  2.18848313e-16 
 8623.47656     2.09639e-16 
 8626.23828  2.09468707e-16 
 8628.99902  2.27128708e-16 
 8631.76074  2.50721382e-16 
 8634.52148  2.64709416e-16 
 8637.28223  2.64327166e-16 
 8640.04395  2.60857349e-16 
 8642.80469  2.61353657e-16 
 8645.56641  2.59293435e-16 
 8648.32715  2.47768625e-16 
 8651.08789  2.32915108e-16 
 8653.84961  2.25855221e-16 
 8656.61035  2.26456667e-16 
 8659.37207  2.29534229e-16 
 8662.13281  2.37679139e-16 
 8664.89355  2.59420357e-16 
 8667.65527  2.91293598e-16 
 8670.41602  3.15565407e-16 
 8673.17773  3.22914529e-16 
 8675.93848  3.21254715e-16 
 8678.69922  3.21221655e-16 
 8681.46094  3.27044318e-16 
 8684.22168  3.33883421e-16 
  8686.9834  3.34813436e-16 
 8689.74414  3.37745229e-16 
 8692.50488  3.48437564e-16 
  8695.2666  3.56146411e-16 
 8698.02734  3.58474402e-16 
 8700.78906  3.56814747e-16 
  8703.5498  3.53704468e-16 
 8706.31055  3.57701114e-16 
 8709.07227  3.62844192e-16 
 8711.83301  3.63864734e-16 
 8714.59473  3.76441215e-16 
 8717.35547  4.04025584e-16 
 8720.11621  4.22175382e-16 
 8722.87793  4.27924777e-16 
 8725.63867  4.38145712e-16 
 8728.40039   4.5166359e-16 
 8731.16113  4.60460133e-16 
 8733.92188  4.57377357e-16 
 8736.68359  4.43600948e-16 
 8739.44434  4.35664488e-16 
 8742.20605  4.38202225e-16 
  8744.9668  4.45089662e-16 
 8747.72754   4.5073016e-16 
 8750.48926  4.44488109e-16 
    8753.25  4.34151581e-16 
 8756.01172  4.38469173e-16 
 8758.77246  4.60064357e-16 
  8761.5332  4.88707782e-16 
 8764.29492  5.18408622e-16 
 8767.05566  5.36231307e-16 
 8769.81738  5.34089107e-16 
 8772.57812  5.22043823e-16 
 8775.33887  5.05326198e-16 
 8778.10059  4.98736335e-16 
 8780.86133  5.09515093e-16 
 8783.62305  5.19109753e-16 
 8786.38379  5.26839617e-16 
 8789.14453  5.37806206e-16 
 8791.90625  5.46107605e-16 
 8794.66699  5.51294729e-16 
 8797.42871  5.60377887e-16 
 8800.18945  5.73278516e-16 
  8802.9502  5.76810485e-16 
 8805.71191  5.56758356e-16 
 8808.47266  5.26552632e-16 
 8811.23438  5.13751317e-16 
 8813.99512  5.14187645e-16 
 8816.75586  5.16984071e-16 
 8819.51758  5.25844512e-16 
 8822.27832  5.33406134e-16 
