# STATUS =
# OBJECT = 2017egm
# TELESCOPE = MMT
# INSTRUMENT = Blue_Channel
# DATE-OBS = 2018-01-22
# MJD = 58140.403189
# EXPTIME = 1800.0
# AIRMASS = 1.034
# SLIT = 1.25x180
# DISPERSER = 300GPM
# SOURCE = FLEET
# FILTER = Clear
# RESOLUTION =
# FLUX_STANDARD =
# EXTINCTION_CORRECTED = False
# PHOTOMETRY_CALIBRATED = False
# TELLURIC_CORRECTED = False
# FLUX_UNITS = erg / (s cm2 AA)
# WAVE_UNITS = AA
# QUALITY =
# MIN_WAVE =
# MAX_WAVE =
# COMMENT =
  Wavelength           Flux 
 3275.619907   8.784115e-16 
 3277.543116   5.524684e-17 
 3279.466331   8.367136e-17 
 3281.389555   7.912886e-17 
 3283.312787   6.075109e-17 
 3285.236026   7.136652e-17 
 3287.159273    5.85499e-17 
 3289.082528   7.922105e-17 
  3291.00579   7.009886e-17 
 3292.929061   6.684278e-17 
 3294.852339   8.251405e-17 
 3296.775625   7.439249e-17 
 3298.698919   4.403664e-17 
 3300.622221   6.227119e-17 
  3302.54553    6.29478e-17 
 3304.468848   6.101002e-17 
 3306.392173   6.071272e-17 
 3308.315507   5.584928e-17 
 3310.238848   5.467351e-17 
 3312.162197   4.930589e-17 
 3314.085554   5.119896e-17 
 3316.008919   4.894788e-17 
 3317.932291   4.487875e-17 
 3319.855672   5.724856e-17 
 3321.779061   3.846542e-17 
 3323.702457   3.604561e-17 
 3325.625862   5.325591e-17 
 3327.549275    4.33421e-17 
 3329.472695   4.127157e-17 
 3331.396124   4.017116e-17 
  3333.31956   3.605438e-17 
 3335.243005   3.887293e-17 
 3337.166458   3.604022e-17 
 3339.089918   3.898587e-17 
 3341.013387   3.304767e-17 
 3342.936863   3.753554e-17 
 3344.860348   3.827516e-17 
 3346.783841   4.502657e-17 
 3348.707342   3.634166e-17 
 3350.630851   3.277536e-17 
 3352.554368   4.571479e-17 
 3354.477893    4.60392e-17 
 3356.401426   4.737936e-17 
 3358.324968   3.798974e-17 
 3360.248517   4.205436e-17 
 3362.172075   4.529698e-17 
  3364.09564   4.680585e-17 
 3366.019214   3.107614e-17 
 3367.942796   4.980008e-17 
 3369.866387   4.332107e-17 
 3371.789985   3.710378e-17 
 3373.713591   4.336181e-17 
 3375.637206   4.372247e-17 
 3377.560829   4.797992e-17 
  3379.48446   5.544909e-17 
   3381.4081   5.046959e-17 
 3383.331747   4.876872e-17 
 3385.255403    5.25475e-17 
 3387.179067   5.305562e-17 
  3389.10274   5.713109e-17 
  3391.02642   6.282496e-17 
 3392.950109   5.464881e-17 
 3394.873807   6.745533e-17 
 3396.797512   5.669627e-17 
 3398.721226   5.577684e-17 
 3400.644948   6.298604e-17 
 3402.568678   6.035428e-17 
 3404.492417    5.70922e-17 
 3406.416164    5.52737e-17 
 3408.339919   6.480287e-17 
 3410.263683     7.6048e-17 
 3412.187455   6.910659e-17 
 3414.111236   7.183126e-17 
 3416.035025   7.491739e-17 
 3417.958822   8.272806e-17 
 3419.882628   7.355544e-17 
 3421.806442   8.747933e-17 
 3423.730264   6.485021e-17 
 3425.654095   8.307324e-17 
 3427.577934   8.041224e-17 
 3429.501782   7.698483e-17 
 3431.425638   7.183692e-17 
 3433.349503   8.681481e-17 
 3435.273376   7.850074e-17 
 3437.197258   9.325826e-17 
 3439.121148   9.083891e-17 
 3441.045046   8.895159e-17 
 3442.968953   8.739988e-17 
 3444.892869    8.86012e-17 
 3446.816793   9.828279e-17 
 3448.740726   8.748391e-17 
 3450.664667   9.373854e-17 
 3452.588617   8.624921e-17 
 3454.512575      1.007e-16 
 3456.436542    1.06093e-16 
 3458.360517   9.577295e-17 
 3460.284501   1.108286e-16 
 3462.208494   9.021715e-17 
 3464.132495   1.169464e-16 
 3466.056505   1.070052e-16 
 3467.980523   1.062577e-16 
  3469.90455   1.026286e-16 
 3471.828586   1.046797e-16 
  3473.75263   1.084264e-16 
 3475.676683   1.130097e-16 
 3477.600745    1.17312e-16 
 3479.524815   1.112412e-16 
 3481.448894    1.08672e-16 
 3483.372982   1.051379e-16 
 3485.297078   1.135095e-16 
 3487.221183   1.197226e-16 
 3489.145297   1.202157e-16 
 3491.069419   1.278416e-16 
 3492.993551    1.02958e-16 
 3494.917691   1.172844e-16 
 3496.841839   1.020258e-16 
 3498.765997   1.024612e-16 
 3500.690163   9.623673e-17 
 3502.614338   1.036092e-16 
 3504.538522   1.266615e-16 
 3506.462714   1.047657e-16 
 3508.386916   1.051227e-16 
 3510.311126    1.01573e-16 
 3512.235345   1.277751e-16 
 3514.159573   1.041164e-16 
  3516.08381   9.939957e-17 
 3518.008055   1.103588e-16 
  3519.93231   1.093203e-16 
 3521.856573   1.167649e-16 
 3523.780845   1.041887e-16 
 3525.705126   9.808962e-17 
 3527.629416    9.99397e-17 
 3529.553715   1.205387e-16 
 3531.478022   9.897109e-17 
 3533.402339   1.218302e-16 
 3535.326665    9.27103e-17 
 3537.250999   1.050316e-16 
 3539.175343   9.928086e-17 
 3541.099695   1.088857e-16 
 3543.024056   1.031827e-16 
 3544.948427   1.100809e-16 
 3546.872806   1.051694e-16 
 3548.797194   1.127557e-16 
 3550.721591   9.924634e-17 
 3552.645998   1.005435e-16 
 3554.570413   1.037471e-16 
 3556.494837   1.112856e-16 
 3558.419271   9.341502e-17 
 3560.343713   1.102716e-16 
 3562.268164   8.937636e-17 
 3564.192625   9.851306e-17 
 3566.117094   1.030537e-16 
 3568.041573   1.022959e-16 
 3569.966061   1.055061e-16 
 3571.890558   8.808617e-17 
 3573.815064   9.839004e-17 
 3575.739579   9.219951e-17 
 3577.664103   9.203876e-17 
 3579.588636   1.065873e-16 
 3581.513178   8.269086e-17 
  3583.43773   9.321948e-17 
 3585.362291   1.032949e-16 
  3587.28686   9.411495e-17 
  3589.21144   9.068081e-17 
 3591.136028   9.970594e-17 
 3593.060625   8.934744e-17 
 3594.985232   9.005805e-17 
 3596.909848   9.687318e-17 
 3598.834473   9.604865e-17 
 3600.759107   8.420182e-17 
  3602.68375   7.839671e-17 
 3604.608403   7.340964e-17 
 3606.533065    8.66664e-17 
 3608.457736     7.6858e-17 
 3610.382417   9.080648e-17 
 3612.307107   8.615267e-17 
 3614.231806   8.890462e-17 
 3616.156514   8.235514e-17 
 3618.081232   7.490316e-17 
 3620.005959    8.28003e-17 
 3621.930695   9.315587e-17 
 3623.855441   8.872035e-17 
 3625.780196   8.740338e-17 
  3627.70496   8.342964e-17 
 3629.629734    9.17827e-17 
 3631.554517   7.631075e-17 
 3633.479309   8.761624e-17 
 3635.404111   8.409168e-17 
 3637.328922   7.726279e-17 
 3639.253743   8.999874e-17 
 3641.178573   6.978099e-17 
 3643.103412    9.14746e-17 
 3645.028261   7.339349e-17 
  3646.95312   7.374806e-17 
 3648.877987   7.959411e-17 
 3650.802865    8.73371e-17 
 3652.727751   7.871816e-17 
 3654.652647   7.972572e-17 
 3656.577553   7.508575e-17 
 3658.502468   8.463663e-17 
 3660.427393   7.701221e-17 
 3662.352327   6.827037e-17 
 3664.277271   8.038503e-17 
 3666.202224   7.718952e-17 
 3668.127186   7.344952e-17 
 3670.052159   8.458511e-17 
  3671.97714   7.923377e-17 
 3673.902132   8.083566e-17 
 3675.827133    6.40554e-17 
 3677.752143    8.28762e-17 
 3679.677163   6.896636e-17 
 3681.602193    8.43503e-17 
 3683.527232   9.119736e-17 
 3685.452281    7.77936e-17 
  3687.37734   7.847851e-17 
 3689.302408   7.356521e-17 
 3691.227486   8.250594e-17 
 3693.152573   7.752823e-17 
  3695.07767   6.793833e-17 
 3697.002777   6.698581e-17 
 3698.927894   8.196448e-17 
  3700.85302   8.007942e-17 
 3702.778155   7.460296e-17 
 3704.703301   7.499205e-17 
 3706.628456   8.065947e-17 
 3708.553621   8.680686e-17 
 3710.478796   7.595173e-17 
  3712.40398    8.17173e-17 
 3714.329174   7.629249e-17 
 3716.254378   7.771962e-17 
 3718.179592   8.005991e-17 
 3720.104816   6.992338e-17 
 3722.030049   7.249995e-17 
 3723.955292   7.654722e-17 
 3725.880545   8.195686e-17 
 3727.805807   8.293735e-17 
  3729.73108   8.359974e-17 
 3731.656362   7.682434e-17 
 3733.581654   7.086115e-17 
 3735.506956   7.879048e-17 
 3737.432268   7.652573e-17 
 3739.357589   6.182377e-17 
 3741.282921   6.709658e-17 
 3743.208262    7.18769e-17 
 3745.133614   6.604243e-17 
 3747.058975   7.993374e-17 
 3748.984346   6.589767e-17 
 3750.909727   8.123474e-17 
 3752.835118   8.022028e-17 
 3754.760519   7.734971e-17 
  3756.68593   7.111534e-17 
  3758.61135   7.910199e-17 
 3760.536781   8.083549e-17 
 3762.462222   8.154387e-17 
 3764.387672   7.045174e-17 
 3766.313133   7.393343e-17 
 3768.238604   6.952549e-17 
 3770.164084   6.551255e-17 
 3772.089575   7.347289e-17 
 3774.015076    8.70784e-17 
 3775.940586   7.867905e-17 
 3777.866107   8.276359e-17 
 3779.791638   8.714861e-17 
 3781.717179   7.696359e-17 
 3783.642729   8.154699e-17 
  3785.56829   8.938441e-17 
 3787.493861   9.015258e-17 
 3789.419443   8.894981e-17 
 3791.345034   8.473929e-17 
 3793.270635   8.776853e-17 
 3795.196247   9.089692e-17 
 3797.121868   8.481893e-17 
   3799.0475   8.591871e-17 
 3800.973142   1.026863e-16 
 3802.898794   9.432482e-17 
 3804.824456    9.23877e-17 
 3806.750128   1.036532e-16 
 3808.675811    8.59455e-17 
 3810.601504   8.871851e-17 
 3812.527206   8.564013e-17 
  3814.45292   9.335301e-17 
 3816.378643   1.042993e-16 
 3818.304376   9.023544e-17 
  3820.23012   9.566037e-17 
 3822.155874   1.048437e-16 
 3824.081638   9.978307e-17 
 3826.007413   8.695797e-17 
 3827.933198    8.46502e-17 
 3829.858993   9.599543e-17 
 3831.784798   1.015722e-16 
 3833.710614   9.770538e-17 
  3835.63644   1.024552e-16 
 3837.562276   1.337389e-16 
 3839.488122   1.982815e-16 
 3841.413979   1.949294e-16 
 3843.339847   1.309781e-16 
 3845.265724   1.425899e-16 
 3847.191612   1.196951e-16 
  3849.11751   9.265696e-17 
 3851.043419   9.286761e-17 
 3852.969338   9.224203e-17 
 3854.895267   9.950213e-17 
 3856.821207   1.043738e-16 
 3858.747158   9.966821e-17 
 3860.673118    9.32575e-17 
 3862.599089   1.054494e-16 
 3864.525071   9.087199e-17 
 3866.451063   8.938448e-17 
 3868.377065   8.531057e-17 
 3870.303078   9.495674e-17 
 3872.229101   8.327077e-17 
 3874.155135   8.889254e-17 
 3876.081179   1.037454e-16 
 3878.007234   7.676569e-17 
   3879.9333    7.35677e-17 
 3881.859375   9.183467e-17 
 3883.785462   7.759179e-17 
 3885.711559   6.558369e-17 
 3887.637666   7.111823e-17 
 3889.563784   8.575527e-17 
 3891.489912   7.766718e-17 
 3893.416052   7.454398e-17 
 3895.342201   6.914448e-17 
 3897.268361   7.103882e-17 
 3899.194532    7.72213e-17 
 3901.120714   6.929838e-17 
 3903.046906   6.152348e-17 
 3904.973108   7.703453e-17 
 3906.899322    8.48386e-17 
 3908.825546   6.344057e-17 
  3910.75178   7.348855e-17 
 3912.678025   5.856562e-17 
 3914.604281   6.513276e-17 
 3916.530548   6.181141e-17 
 3918.456825   7.152466e-17 
 3920.383113   7.530553e-17 
 3922.309412    5.65307e-17 
 3924.235721   6.464682e-17 
 3926.162041   5.347952e-17 
 3928.088372   6.425407e-17 
 3930.014713   8.397918e-17 
 3931.941066   6.017201e-17 
 3933.867429   6.680598e-17 
 3935.793802   6.525347e-17 
 3937.720187   5.821734e-17 
 3939.646582   6.566652e-17 
 3941.572988   6.371283e-17 
 3943.499405   7.035374e-17 
 3945.425833   5.868676e-17 
 3947.352271   6.921566e-17 
 3949.278721   8.281844e-17 
 3951.205181   7.479592e-17 
 3953.131652   7.231357e-17 
 3955.058134    7.07541e-17 
 3956.984627   7.057583e-17 
  3958.91113   6.548109e-17 
 3960.837645   7.088021e-17 
  3962.76417   7.892202e-17 
 3964.690706   6.412527e-17 
 3966.617253   6.688297e-17 
 3968.543811   7.332589e-17 
  3970.47038   8.489402e-17 
  3972.39696   7.644625e-17 
 3974.323551   8.009369e-17 
 3976.250153    8.53998e-17 
 3978.176766   7.148395e-17 
 3980.103389   7.760173e-17 
 3982.030024   7.398102e-17 
  3983.95667   8.229924e-17 
 3985.883326   7.866538e-17 
 3987.809994   8.567794e-17 
 3989.736672   9.083957e-17 
 3991.663362   9.330605e-17 
 3993.590063   9.738071e-17 
 3995.516774   9.006671e-17 
 3997.443497   1.014394e-16 
 3999.370231    9.49755e-17 
 4001.296976   1.062915e-16 
 4003.223732   1.168386e-16 
 4005.150499   1.164053e-16 
 4007.077277    1.05695e-16 
 4009.004066   1.118308e-16 
 4010.930866   9.824005e-17 
 4012.857678    9.63558e-17 
   4014.7845   1.216732e-16 
 4016.711334   1.126272e-16 
 4018.638179   9.776158e-17 
 4020.565035   1.181582e-16 
 4022.491902   1.123858e-16 
  4024.41878   1.408835e-16 
  4026.34567   1.198456e-16 
  4028.27257   1.290282e-16 
 4030.199482   1.210362e-16 
 4032.126405    1.18226e-16 
 4034.053339   1.258126e-16 
 4035.980285   1.390713e-16 
 4037.907241   1.357843e-16 
 4039.834209   1.266265e-16 
 4041.761189    1.46045e-16 
 4043.688179   1.427007e-16 
 4045.615181   1.390359e-16 
 4047.542194   1.337371e-16 
 4049.469218    1.30469e-16 
 4051.396253   1.621693e-16 
   4053.3233   1.373304e-16 
 4055.250358   1.408846e-16 
 4057.177428   1.490961e-16 
 4059.104509   1.539409e-16 
 4061.031601   1.487688e-16 
 4062.958704   1.632323e-16 
 4064.885819   1.547033e-16 
 4066.812945   1.644089e-16 
 4068.740083   1.526506e-16 
 4070.667232   1.631309e-16 
 4072.594392   1.644589e-16 
 4074.521563   1.588255e-16 
 4076.448747   1.574479e-16 
 4078.375941   1.630431e-16 
 4080.303147    1.71611e-16 
 4082.230364    1.85721e-16 
 4084.157593   1.702647e-16 
 4086.084833   1.679714e-16 
 4088.012085   1.779825e-16 
 4089.939348   1.902944e-16 
 4091.866623   1.796006e-16 
 4093.793909   1.679591e-16 
 4095.721207   1.644019e-16 
 4097.648516   1.901415e-16 
 4099.575836    1.67958e-16 
 4101.503169   1.660932e-16 
 4103.430512   1.885475e-16 
 4105.357867   1.693487e-16 
 4107.285234   1.879616e-16 
 4109.212613    1.64663e-16 
 4111.140002   1.887993e-16 
 4113.067404   1.718356e-16 
 4114.994817   1.735413e-16 
 4116.922242   1.692723e-16 
 4118.849678   1.704191e-16 
 4120.777126   1.689242e-16 
 4122.704585   1.588814e-16 
 4124.632056   1.785481e-16 
 4126.559539   1.626177e-16 
 4128.487033   1.623154e-16 
 4130.414539   1.700982e-16 
 4132.342057   1.639761e-16 
 4134.269586   1.708926e-16 
 4136.197127   1.661176e-16 
  4138.12468   1.586287e-16 
 4140.052244   1.734316e-16 
  4141.97982   1.655088e-16 
 4143.907408   1.620388e-16 
 4145.835008   1.594518e-16 
 4147.762619   1.656356e-16 
 4149.690242   1.651815e-16 
 4151.617877   1.585433e-16 
 4153.545523   1.762029e-16 
 4155.473181   1.618024e-16 
 4157.400851   1.776218e-16 
 4159.328533   1.620682e-16 
 4161.256227   1.573708e-16 
 4163.183932   1.590368e-16 
 4165.111649   1.657106e-16 
 4167.039378   1.600087e-16 
 4168.967119   1.602805e-16 
 4170.894872   1.522783e-16 
 4172.822637   1.467599e-16 
 4174.750413   1.597515e-16 
 4176.678201   1.616059e-16 
 4178.606001   1.473815e-16 
 4180.533813   1.680234e-16 
 4182.461637   1.497461e-16 
 4184.389473   1.473604e-16 
 4186.317321   1.520955e-16 
 4188.245181    1.42435e-16 
 4190.173052   1.469489e-16 
 4192.100936   1.350676e-16 
 4194.028831   1.367562e-16 
 4195.956738   1.367329e-16 
 4197.884658   1.266689e-16 
 4199.812589   1.355638e-16 
 4201.740532   1.432655e-16 
 4203.668488   1.411313e-16 
 4205.596455   1.383962e-16 
 4207.524434   1.265131e-16 
 4209.452425   1.323623e-16 
 4211.380429   1.179491e-16 
 4213.308444    1.14568e-16 
 4215.236471   1.183058e-16 
 4217.164511   1.218473e-16 
 4219.092562    1.18796e-16 
 4221.020626   1.108579e-16 
 4222.948702    1.33673e-16 
 4224.876789   1.237144e-16 
 4226.804889   1.230769e-16 
 4228.733001   1.197955e-16 
 4230.661125   1.005859e-16 
 4232.589261   1.076841e-16 
 4234.517409   1.023405e-16 
  4236.44557   1.070674e-16 
 4238.373742   1.079609e-16 
 4240.301927   9.212969e-17 
 4242.230124   1.032302e-16 
 4244.158333    1.09795e-16 
 4246.086554   9.834219e-17 
 4248.014788   1.148766e-16 
 4249.943033   1.170247e-16 
 4251.871291   1.023845e-16 
 4253.799561   9.869122e-17 
 4255.727843   1.040716e-16 
 4257.656138   9.682871e-17 
 4259.584444   9.523842e-17 
 4261.512763   9.556397e-17 
 4263.441095   9.947861e-17 
 4265.369438   9.533316e-17 
 4267.297794   1.018807e-16 
 4269.226162   9.210387e-17 
 4271.154542   1.091148e-16 
 4273.082935   1.096082e-16 
  4275.01134    9.16092e-17 
 4276.939757    9.48714e-17 
 4278.868187   9.493276e-17 
 4280.796629   1.005021e-16 
 4282.725083   1.078349e-16 
  4284.65355   8.031463e-17 
 4286.582029   9.199215e-17 
  4288.51052   9.422759e-17 
 4290.439024   9.635816e-17 
  4292.36754   9.507724e-17 
 4294.296069    8.61031e-17 
  4296.22461   8.462922e-17 
 4298.153163   9.964999e-17 
 4300.081729   9.291577e-17 
 4302.010308   9.153731e-17 
 4303.938898   9.273824e-17 
 4305.867501   9.241624e-17 
 4307.796117   8.741676e-17 
 4309.724745   8.911647e-17 
 4311.653386   9.182178e-17 
 4313.582039   1.068851e-16 
 4315.510704   8.301348e-17 
 4317.439383     8.5053e-17 
 4319.368073    8.47168e-17 
 4321.296776    1.02724e-16 
 4323.225492   9.981089e-17 
  4325.15422   8.703127e-17 
 4327.082961   8.334963e-17 
 4329.011714   8.340021e-17 
  4330.94048   8.762898e-17 
 4332.869259   9.047292e-17 
  4334.79805   9.345342e-17 
 4336.726853   9.762698e-17 
  4338.65567   9.409396e-17 
 4340.584498   9.736571e-17 
  4342.51334   9.226509e-17 
 4344.442194   9.189923e-17 
 4346.371061   8.248434e-17 
  4348.29994     9.8736e-17 
 4350.228832   9.232748e-17 
 4352.157737    1.04432e-16 
 4354.086654   9.831004e-17 
 4356.015584   9.689646e-17 
 4357.944527   8.668446e-17 
 4359.873483   8.637811e-17 
 4361.802451   9.096131e-17 
 4363.731432   1.037104e-16 
 4365.660425   8.728958e-17 
 4367.589432   8.642078e-17 
 4369.518451    9.39385e-17 
 4371.447483   9.312732e-17 
 4373.376527   8.311093e-17 
 4375.305585   1.018016e-16 
 4377.234655   9.476254e-17 
 4379.163738   9.204682e-17 
 4381.092834   9.964708e-17 
 4383.021942   9.241152e-17 
 4384.951064   9.374583e-17 
 4386.880198   1.012945e-16 
 4388.809345   8.742357e-17 
 4390.738505   1.073604e-16 
 4392.667678   9.113867e-17 
 4394.596863    9.55839e-17 
 4396.526062   9.441897e-17 
 4398.455273   9.527428e-17 
 4400.384497    9.25769e-17 
 4402.313734   1.093682e-16 
 4404.242985   8.964129e-17 
 4406.172247   9.190151e-17 
 4408.101523   1.033198e-16 
 4410.030812    8.24505e-17 
 4411.960114    9.98836e-17 
 4413.889429   8.997175e-17 
 4415.818756     1.1436e-16 
 4417.748097   9.344258e-17 
  4419.67745   9.509767e-17 
 4421.606817   1.086733e-16 
 4423.536197   9.984656e-17 
 4425.465589   9.668161e-17 
 4427.394995   9.971692e-17 
 4429.324413   9.342884e-17 
 4431.253845   1.030206e-16 
  4433.18329   9.621629e-17 
 4435.112747   1.031432e-16 
 4437.042218   9.839537e-17 
 4438.971702   1.001746e-16 
 4440.901199   1.035659e-16 
 4442.830709    1.02383e-16 
 4444.760232   9.859993e-17 
 4446.689768    9.99871e-17 
 4448.619317   9.268022e-17 
  4450.54888   1.012251e-16 
 4452.478455   1.014847e-16 
 4454.408044   9.301185e-17 
 4456.337645   9.417871e-17 
  4458.26726   9.844558e-17 
 4460.196888   1.033802e-16 
  4462.12653   1.027656e-16 
 4464.056184   9.939318e-17 
 4465.985852   1.075058e-16 
 4467.915533   1.093529e-16 
 4469.845227   1.347129e-16 
 4471.774934   1.448488e-16 
 4473.704654   1.368144e-16 
 4475.634388   1.097106e-16 
 4477.564135   9.843972e-17 
 4479.493895     9.3584e-17 
 4481.423669   1.029138e-16 
 4483.353455   1.036465e-16 
 4485.283255   1.006508e-16 
 4487.213068   9.646593e-17 
 4489.142895   9.737715e-17 
 4491.072735   1.002193e-16 
 4493.002588   1.032958e-16 
 4494.932454   1.019944e-16 
 4496.862334   9.469079e-17 
 4498.792227   9.657296e-17 
 4500.722134   1.002653e-16 
 4502.652054   1.058375e-16 
 4504.581987   9.967333e-17 
 4506.511933   9.227613e-17 
 4508.441893   9.807325e-17 
 4510.371867   1.034751e-16 
 4512.301854   9.767597e-17 
 4514.231854    9.28361e-17 
 4516.161867   8.828126e-17 
 4518.091894   9.787669e-17 
 4520.021935   1.118615e-16 
 4521.951988   8.860933e-17 
 4523.882056   8.517205e-17 
 4525.812137   9.405081e-17 
 4527.742231   9.372247e-17 
 4529.672339   9.585496e-17 
  4531.60246   9.495903e-17 
 4533.532594   9.436814e-17 
 4535.462743   9.711031e-17 
 4537.392904   9.966762e-17 
  4539.32308   8.931887e-17 
 4541.253268   8.528233e-17 
 4543.183471   9.763769e-17 
 4545.113686   8.965604e-17 
 4547.043916   9.658467e-17 
 4548.974159   9.102841e-17 
 4550.904415   8.838843e-17 
 4552.834686   9.364555e-17 
 4554.764969   8.017641e-17 
 4556.695267   8.974609e-17 
 4558.625578   1.013288e-16 
 4560.555902   9.666655e-17 
  4562.48624   9.268473e-17 
 4564.416592   7.379272e-17 
 4566.346958    9.71407e-17 
 4568.277337   8.464049e-17 
 4570.207729     9.5803e-17 
 4572.138136   9.294413e-17 
 4574.068556   9.818465e-17 
  4575.99899   1.040737e-16 
 4577.929437    8.49085e-17 
 4579.859899   8.627393e-17 
 4581.790373   8.888947e-17 
 4583.720862    8.96277e-17 
 4585.651365   8.914023e-17 
 4587.581881   8.648592e-17 
 4589.512411   9.390498e-17 
 4591.442954   9.000384e-17 
 4593.373512   9.673676e-17 
 4595.304083   8.992518e-17 
 4597.234668   8.947173e-17 
 4599.165267   9.518143e-17 
 4601.095879   1.006737e-16 
 4603.026506   9.899518e-17 
 4604.957146   1.002939e-16 
   4606.8878    1.01082e-16 
 4608.818468    8.79976e-17 
 4610.749149   9.566669e-17 
 4612.679845   9.645412e-17 
 4614.610554   9.671303e-17 
 4616.541278   1.080221e-16 
 4618.472015   1.095281e-16 
 4620.402766   1.037987e-16 
 4622.333531   1.031085e-16 
  4624.26431   1.074498e-16 
 4626.195103   1.015114e-16 
  4628.12591   1.163573e-16 
  4630.05673    1.01126e-16 
 4631.987565   1.123829e-16 
 4633.918414   1.152864e-16 
 4635.849276   1.055368e-16 
 4637.780153    1.03392e-16 
 4639.711043     1.2335e-16 
 4641.641948    1.10153e-16 
 4643.572866   1.167777e-16 
 4645.503799   1.168943e-16 
 4647.434745   1.244737e-16 
 4649.365706   1.078632e-16 
  4651.29668   1.155116e-16 
 4653.227669   1.230093e-16 
 4655.158672   1.210595e-16 
 4657.089688   1.176401e-16 
 4659.020719   1.243703e-16 
 4660.951764   1.279373e-16 
 4662.882823   1.287634e-16 
 4664.813896   1.269103e-16 
 4666.744983   1.301255e-16 
 4668.676084   1.257014e-16 
   4670.6072   1.318821e-16 
 4672.538329   1.271789e-16 
 4674.469473   1.402118e-16 
 4676.400631   1.422299e-16 
 4678.331803    1.40319e-16 
 4680.262989   1.515546e-16 
 4682.194189   1.340583e-16 
 4684.125404    1.38082e-16 
 4686.056632   1.421199e-16 
 4687.987875   1.266689e-16 
 4689.919132   1.326828e-16 
 4691.850404   1.424219e-16 
 4693.781689   1.413626e-16 
 4695.712989   1.429181e-16 
 4697.644303   1.416969e-16 
 4699.575631   1.414211e-16 
 4701.506974    1.53587e-16 
  4703.43833   1.478202e-16 
 4705.369702   1.508511e-16 
 4707.301087    1.48095e-16 
 4709.232487   1.549046e-16 
 4711.163901   1.514831e-16 
 4713.095329   1.484533e-16 
 4715.026771   1.459777e-16 
 4716.958228   1.465872e-16 
   4718.8897   1.506275e-16 
 4720.821185   1.494407e-16 
 4722.752685   1.583981e-16 
   4724.6842   1.545019e-16 
 4726.615728   1.467725e-16 
 4728.547272   1.464036e-16 
 4730.478829   1.550905e-16 
 4732.410401   1.503074e-16 
 4734.341987   1.518729e-16 
 4736.273588   1.473657e-16 
 4738.205203   1.596338e-16 
 4740.136833   1.576426e-16 
 4742.068477   1.530857e-16 
 4744.000136   1.560211e-16 
 4745.931809   1.664085e-16 
 4747.863496    1.52708e-16 
 4749.795198   1.466782e-16 
 4751.726914    1.58759e-16 
 4753.658645   1.609409e-16 
 4755.590391   1.461741e-16 
 4757.522151    1.50284e-16 
 4759.453925   1.527361e-16 
 4761.385714   1.532158e-16 
 4763.317518   1.535399e-16 
 4765.249336   1.465055e-16 
 4767.181169   1.459745e-16 
 4769.113016   1.456054e-16 
 4771.044878   1.412641e-16 
 4772.976754   1.395647e-16 
 4774.908645   1.367398e-16 
 4776.840551   1.501319e-16 
 4778.772471   1.396112e-16 
 4780.704406   1.472635e-16 
 4782.636356   1.421365e-16 
  4784.56832   1.467304e-16 
 4786.500299   1.486041e-16 
 4788.432292   1.387487e-16 
   4790.3643   1.404239e-16 
 4792.296323    1.33506e-16 
 4794.228361   1.410681e-16 
 4796.160413    1.37642e-16 
  4798.09248   1.289534e-16 
 4800.024561   1.293829e-16 
 4801.956658     1.2791e-16 
 4803.888769   1.344646e-16 
 4805.820895   1.268215e-16 
 4807.753035   1.414227e-16 
  4809.68519   1.238347e-16 
 4811.617361   1.262183e-16 
 4813.549545   1.288155e-16 
 4815.481745   1.238546e-16 
 4817.413959   1.257311e-16 
 4819.346189   1.169777e-16 
 4821.278433   1.213627e-16 
 4823.210692    1.20464e-16 
 4825.142965   1.213126e-16 
 4827.075254   1.181839e-16 
 4829.007557   1.184635e-16 
 4830.939875   1.209839e-16 
 4832.872208   1.214566e-16 
 4834.804556   1.200135e-16 
 4836.736919   1.111959e-16 
 4838.669297   1.105892e-16 
  4840.60169   1.111386e-16 
 4842.534097   1.117068e-16 
 4844.466519   1.137548e-16 
 4846.398957   1.177307e-16 
 4848.331409   1.151926e-16 
 4850.263876   1.171482e-16 
 4852.196359   1.145923e-16 
 4854.128856    1.06333e-16 
 4856.061368   1.068191e-16 
 4857.993895   1.117994e-16 
 4859.926437   1.123837e-16 
 4861.858994   1.027829e-16 
 4863.791566   1.093688e-16 
 4865.724153   9.806664e-17 
 4867.656755   1.021274e-16 
 4869.589372   1.144978e-16 
 4871.522005   1.048004e-16 
 4873.454652   1.040434e-16 
 4875.387314   1.060199e-16 
 4877.319991   1.091226e-16 
 4879.252684   1.004106e-16 
 4881.185391   1.024608e-16 
 4883.118114   1.095666e-16 
 4885.050852   1.076046e-16 
 4886.983604   1.049718e-16 
 4888.916372   1.029657e-16 
 4890.849155   1.031958e-16 
 4892.781954   9.940349e-17 
 4894.714767   9.534476e-17 
 4896.647595   1.044015e-16 
 4898.580439   1.035954e-16 
 4900.513298   1.000642e-16 
 4902.446172   9.709657e-17 
 4904.379061   9.922413e-17 
 4906.311965   1.032112e-16 
 4908.244885   9.489288e-17 
  4910.17782   9.758258e-17 
  4912.11077   9.882012e-17 
 4914.043735   9.332494e-17 
 4915.976716   9.466327e-17 
 4917.909711   9.770061e-17 
 4919.842722   9.545173e-17 
 4921.775749   9.417336e-17 
  4923.70879   9.951194e-17 
 4925.641847    9.02617e-17 
 4927.574919    9.65904e-17 
 4929.508007   9.445948e-17 
 4931.441109   9.382402e-17 
 4933.374227   9.069769e-17 
 4935.307361   1.006737e-16 
  4937.24051   9.669671e-17 
 4939.173674   9.521562e-17 
 4941.106853   9.167168e-17 
 4943.040048   9.950281e-17 
 4944.973258   8.941907e-17 
 4946.906484   8.853722e-17 
 4948.839725   9.523031e-17 
 4950.772981   1.027496e-16 
 4952.706253   9.289056e-17 
  4954.63954   1.051108e-16 
 4956.572843   1.045792e-16 
 4958.506161   1.006053e-16 
 4960.439494   1.009122e-16 
 4962.372843   1.100005e-16 
 4964.306208   9.569472e-17 
 4966.239587   1.059375e-16 
 4968.172983   1.155197e-16 
 4970.106394   1.108799e-16 
  4972.03982   1.055736e-16 
 4973.973262   1.156929e-16 
 4975.906719   1.072304e-16 
 4977.840192    1.05097e-16 
 4979.773681   1.050019e-16 
 4981.707184   1.171925e-16 
 4983.640704   1.052661e-16 
 4985.574239   1.021348e-16 
  4987.50779   1.028898e-16 
 4989.441356   1.135919e-16 
 4991.374938   1.014825e-16 
 4993.308535    1.00131e-16 
 4995.242148   1.126322e-16 
 4997.175777   1.167714e-16 
 4999.109421   1.108802e-16 
 5001.043081   1.039409e-16 
 5002.976756    1.15373e-16 
 5004.910448    1.30521e-16 
 5006.844154   1.529952e-16 
 5008.777877   2.039714e-16 
 5010.711615    1.80049e-16 
 5012.645369   1.454565e-16 
 5014.579138   1.121003e-16 
 5016.512924   9.968239e-17 
 5018.446725   9.781005e-17 
 5020.380541   1.004259e-16 
 5022.314374   1.124575e-16 
 5024.248222   9.879084e-17 
 5026.182086    9.86311e-17 
 5028.115965   1.198075e-16 
 5030.049861   1.014839e-16 
 5031.983772   1.067202e-16 
 5033.917699   1.188848e-16 
 5035.851641   9.985966e-17 
   5037.7856   1.047225e-16 
 5039.719574    1.03697e-16 
 5041.653564   1.024525e-16 
  5043.58757   1.013728e-16 
 5045.521592   1.138386e-16 
  5047.45563   1.143205e-16 
 5049.389683   1.140248e-16 
 5051.323752   1.061377e-16 
 5053.257838   1.099034e-16 
 5055.191939   1.050029e-16 
 5057.126056   1.135083e-16 
 5059.060189   1.172821e-16 
 5060.994337   1.096785e-16 
 5062.928502     1.2031e-16 
 5064.862683   1.113171e-16 
 5066.796879   1.053697e-16 
 5068.731092   1.125008e-16 
  5070.66532   1.189283e-16 
 5072.599564   1.087757e-16 
 5074.533825   1.096357e-16 
 5076.468101   1.102372e-16 
 5078.402393   1.094883e-16 
 5080.336702   1.154278e-16 
 5082.271026   1.193029e-16 
 5084.205366   1.197573e-16 
 5086.139723   1.101417e-16 
 5088.074095   1.221986e-16 
 5090.008483   1.195417e-16 
 5091.942888   1.146566e-16 
 5093.877308   1.122423e-16 
 5095.811745    1.20398e-16 
 5097.746197   1.201204e-16 
 5099.680666   1.202875e-16 
 5101.615151   1.241732e-16 
 5103.549652   1.191011e-16 
 5105.484169   1.232637e-16 
 5107.418702   1.272326e-16 
 5109.353251   1.343906e-16 
 5111.287816   1.182908e-16 
 5113.222398   1.150502e-16 
 5115.156996   1.251463e-16 
 5117.091609   1.253057e-16 
 5119.026239   1.280893e-16 
 5120.960885   1.268175e-16 
 5122.895548   1.302725e-16 
 5124.830226   1.256871e-16 
 5126.764921   1.308039e-16 
 5128.699632    1.32765e-16 
 5130.634359   1.274092e-16 
 5132.569103   1.268334e-16 
 5134.503862   1.309851e-16 
 5136.438638   1.342356e-16 
  5138.37343   1.375684e-16 
 5140.308239   1.250851e-16 
 5142.243063   1.208374e-16 
 5144.177904   1.359163e-16 
 5146.112762   1.255349e-16 
 5148.047635   1.216344e-16 
 5149.982525   1.186315e-16 
 5151.917431   1.298434e-16 
 5153.852354   1.251598e-16 
 5155.787292   1.327454e-16 
 5157.722248    1.56148e-16 
 5159.657219   1.336339e-16 
 5161.592207   1.328707e-16 
 5163.527211   1.190482e-16 
 5165.462232   1.142108e-16 
 5167.397269   1.285882e-16 
 5169.332322   1.308281e-16 
 5171.267392   1.179554e-16 
 5173.202479   1.165973e-16 
 5175.137581   1.174009e-16 
   5177.0727   1.141782e-16 
 5179.007836   1.149051e-16 
 5180.942988   1.076019e-16 
 5182.878156   1.111514e-16 
 5184.813341   1.115554e-16 
 5186.748543    1.10834e-16 
 5188.683761    1.13497e-16 
 5190.618995   1.107442e-16 
 5192.554246   1.143793e-16 
 5194.489513   9.708039e-17 
 5196.424797   9.979485e-17 
 5198.360098   9.420243e-17 
 5200.295415   1.025265e-16 
 5202.230748   9.839462e-17 
 5204.166098   1.074416e-16 
 5206.101465   9.989806e-17 
 5208.036848   1.037673e-16 
 5209.972248   9.577648e-17 
 5211.907664   8.936196e-17 
 5213.843097   9.318797e-17 
 5215.778547   9.822717e-17 
 5217.714013   1.040603e-16 
 5219.649496   8.723492e-17 
 5221.584996   8.488788e-17 
 5223.520512   8.820153e-17 
 5225.456045   9.611375e-17 
 5227.391594   9.713183e-17 
  5229.32716   8.162468e-17 
 5231.262743   9.196365e-17 
 5233.198343   8.830119e-17 
 5235.133959   8.828052e-17 
 5237.069592   8.368157e-17 
 5239.005241   8.632987e-17 
 5240.940908   8.333841e-17 
 5242.876591   9.799706e-17 
  5244.81229   9.562998e-17 
 5246.748007   8.117404e-17 
  5248.68374   9.166374e-17 
  5250.61949   8.193577e-17 
 5252.555257   8.349232e-17 
 5254.491041   8.601994e-17 
 5256.426841   8.891761e-17 
 5258.362659   8.012752e-17 
 5260.298493   8.243808e-17 
 5262.234344   8.393596e-17 
 5264.170211   8.579805e-17 
 5266.106096   9.587943e-17 
 5268.041997   8.905291e-17 
 5269.977916   9.443919e-17 
 5271.913851   8.700319e-17 
 5273.849803   9.102672e-17 
 5275.785771   9.341554e-17 
 5277.721757   9.421855e-17 
  5279.65776   9.162707e-17 
  5281.59378   9.452279e-17 
 5283.529816    9.55151e-17 
 5285.465869   9.385847e-17 
  5287.40194   9.160232e-17 
 5289.338027   1.050176e-16 
 5291.274131   9.561839e-17 
 5293.210253   1.047897e-16 
 5295.146391   1.097562e-16 
 5297.082546   9.359111e-17 
 5299.018718   1.090571e-16 
 5300.954907   9.714621e-17 
 5302.891113   9.208917e-17 
 5304.827337   1.024186e-16 
 5306.763577    1.06402e-16 
 5308.699834   1.017228e-16 
 5310.636108   1.045276e-16 
   5312.5724   1.098774e-16 
 5314.508708   1.051366e-16 
 5316.445033   1.094946e-16 
 5318.381376   9.738322e-17 
 5320.317736   1.104142e-16 
 5322.254112   1.109437e-16 
 5324.190506   1.158827e-16 
 5326.126917   1.209412e-16 
 5328.063345   1.035333e-16 
  5329.99979   1.150152e-16 
 5331.936252   1.116729e-16 
 5333.872732   1.146515e-16 
 5335.809229   1.120396e-16 
 5337.745742   1.113433e-16 
 5339.682273   1.166508e-16 
 5341.618821   1.200997e-16 
 5343.555387   1.047287e-16 
 5345.491969   1.129346e-16 
 5347.428569   1.074144e-16 
 5349.365186    1.16782e-16 
  5351.30182   1.217413e-16 
 5353.238471   1.207497e-16 
  5355.17514   1.209525e-16 
 5357.111826   1.268827e-16 
 5359.048529   1.246957e-16 
  5360.98525   1.258636e-16 
 5362.921987   1.190449e-16 
 5364.858742   1.151602e-16 
 5366.795515   1.212456e-16 
 5368.732304   1.133105e-16 
 5370.669111   1.160167e-16 
 5372.605935    1.33813e-16 
 5374.542777   1.226908e-16 
 5376.479636   1.203592e-16 
 5378.416512   1.145737e-16 
 5380.353406   1.180263e-16 
 5382.290317   1.185111e-16 
 5384.227245   1.178659e-16 
 5386.164191   1.122215e-16 
 5388.101154   1.293039e-16 
 5390.038135   1.168116e-16 
 5391.975133   1.087979e-16 
 5393.912148   1.109594e-16 
 5395.849181   1.133765e-16 
 5397.786231   1.157719e-16 
 5399.723299   1.259182e-16 
 5401.660384   1.156203e-16 
 5403.597487   1.161797e-16 
 5405.534607   1.055194e-16 
 5407.471744   1.218849e-16 
 5409.408899    1.30143e-16 
 5411.346072   1.236718e-16 
 5413.283262   1.210373e-16 
  5415.22047   1.297608e-16 
 5417.157695   1.254041e-16 
 5419.094938   1.194985e-16 
 5421.032198    1.30693e-16 
 5422.969475   1.332103e-16 
 5424.906771   1.284886e-16 
 5426.844084   1.216937e-16 
 5428.781414   1.196832e-16 
 5430.718762    1.21023e-16 
 5432.656128    1.27848e-16 
 5434.593511    1.21922e-16 
 5436.530912   1.129813e-16 
 5438.468331   1.212659e-16 
 5440.405767   1.287779e-16 
  5442.34322   1.215247e-16 
 5444.280692   1.175222e-16 
 5446.218181   1.346888e-16 
 5448.155688   1.158941e-16 
 5450.093212   1.367363e-16 
 5452.030754   1.323232e-16 
 5453.968314      1.312e-16 
 5455.905892   1.274204e-16 
 5457.843487   1.273066e-16 
   5459.7811   1.311289e-16 
  5461.71873   1.242894e-16 
 5463.656379    1.31622e-16 
 5465.594045    1.27948e-16 
 5467.531729   1.278107e-16 
 5469.469431   1.182982e-16 
  5471.40715   1.218857e-16 
 5473.344887   1.230053e-16 
 5475.282642   1.241845e-16 
 5477.220415   1.283865e-16 
 5479.158206   1.230194e-16 
 5481.096014   1.163248e-16 
  5483.03384   1.195551e-16 
 5484.971685   1.227098e-16 
 5486.909547   1.179929e-16 
 5488.847426   1.248048e-16 
 5490.785324   1.191284e-16 
  5492.72324    1.23442e-16 
 5494.661173    1.18604e-16 
 5496.599124   1.251799e-16 
 5498.537094   1.194012e-16 
 5500.475081   1.178161e-16 
 5502.413086   1.115829e-16 
 5504.351109   1.131107e-16 
  5506.28915   1.205862e-16 
 5508.227208    1.17994e-16 
 5510.165285   1.222008e-16 
  5512.10338   1.156055e-16 
 5514.041493   1.215306e-16 
 5515.979623   1.167285e-16 
 5517.917772   1.184138e-16 
 5519.855939   1.179438e-16 
 5521.794123   1.207332e-16 
 5523.732326   1.201889e-16 
 5525.670547   1.090432e-16 
 5527.608785   1.136572e-16 
 5529.547042   1.140652e-16 
 5531.485317     1.0927e-16 
  5533.42361    1.13156e-16 
 5535.361921   1.249778e-16 
  5537.30025   1.096053e-16 
 5539.238597   1.129157e-16 
 5541.176962   1.136671e-16 
 5543.115345    1.24552e-16 
 5545.053747   1.057065e-16 
 5546.992166   1.119775e-16 
 5548.930604   1.165331e-16 
 5550.869059   1.108364e-16 
 5552.807533   1.200974e-16 
 5554.746025   1.143347e-16 
 5556.684536   1.131534e-16 
 5558.623064   1.098454e-16 
 5560.561611    1.07208e-16 
 5562.500175   1.103989e-16 
 5564.438758   1.055812e-16 
  5566.37736    1.01575e-16 
 5568.315979   1.102435e-16 
 5570.254616   1.127026e-16 
 5572.193272   1.168013e-16 
 5574.131946   1.095259e-16 
 5576.070639   1.075754e-16 
 5578.009349   1.064931e-16 
 5579.948078   1.104903e-16 
 5581.886825    1.14216e-16 
 5583.825591   9.882174e-17 
 5585.764374   1.025377e-16 
 5587.703176   1.081979e-16 
 5589.641997   1.093122e-16 
 5591.580835   1.078456e-16 
 5593.519692   9.731003e-17 
 5595.458568   1.152431e-16 
 5597.397461   1.045517e-16 
 5599.336373   1.065989e-16 
 5601.275304   1.065786e-16 
 5603.214252    1.02818e-16 
  5605.15322   9.780166e-17 
 5607.092205    9.95282e-17 
 5609.031209   9.702688e-17 
 5610.970231    1.03845e-16 
 5612.909272   1.035529e-16 
 5614.848331   9.667926e-17 
 5616.787409   9.391461e-17 
 5618.726505    1.04098e-16 
 5620.665619   1.073617e-16 
 5622.604752    1.10622e-16 
 5624.543904   9.884536e-17 
 5626.483074   1.072123e-16 
 5628.422262    1.04302e-16 
 5630.361469   1.095547e-16 
 5632.300694    9.36571e-17 
 5634.239938   1.118417e-16 
 5636.179201   1.074058e-16 
 5638.118482   1.057143e-16 
 5640.057781   1.153688e-16 
 5641.997099   1.004789e-16 
 5643.936436   1.079357e-16 
 5645.875791   1.083481e-16 
 5647.815165   1.009812e-16 
 5649.754557   1.086822e-16 
 5651.693968   1.076458e-16 
 5653.633398   1.045737e-16 
 5655.572846   1.060682e-16 
 5657.512313   1.014721e-16 
 5659.451798   1.123251e-16 
 5661.391302    1.19465e-16 
 5663.330825   1.017699e-16 
 5665.270366   9.666232e-17 
 5667.209926   1.051831e-16 
 5669.149505   1.002654e-16 
 5671.089102   1.080798e-16 
 5673.028719   1.015519e-16 
 5674.968353   1.035102e-16 
 5676.908007   1.114966e-16 
 5678.847679   1.090763e-16 
  5680.78737    9.92844e-17 
  5682.72708   1.149863e-16 
 5684.666808   1.073355e-16 
 5686.606555   1.079652e-16 
 5688.546321   1.123521e-16 
 5690.486106     1.0001e-16 
 5692.425909   1.032597e-16 
 5694.365731   1.079854e-16 
 5696.305572   1.022738e-16 
 5698.245432   1.021818e-16 
 5700.185311   9.543713e-17 
 5702.125208   9.468148e-17 
 5704.065125   1.151529e-16 
  5706.00506   9.661333e-17 
 5707.945014   1.064297e-16 
 5709.884987    1.02513e-16 
 5711.824979    9.52881e-17 
 5713.764989   9.797215e-17 
 5715.705019   1.062327e-16 
 5717.645067   9.493702e-17 
 5719.585134   1.024685e-16 
 5721.525221   9.620491e-17 
 5723.465326   9.118492e-17 
  5725.40545   9.096368e-17 
 5727.345593   9.982587e-17 
 5729.285755   9.622922e-17 
 5731.225936   9.280507e-17 
 5733.166135    9.38526e-17 
 5735.106354   9.320954e-17 
 5737.046592   9.203046e-17 
 5738.986849   8.867012e-17 
 5740.927125   9.873423e-17 
  5742.86742   8.872683e-17 
 5744.807733   8.903633e-17 
 5746.748066   8.660851e-17 
 5748.688418   8.339765e-17 
 5750.628789   8.594706e-17 
 5752.569179    8.56877e-17 
 5754.509588   8.374037e-17 
 5756.450016    9.64265e-17 
 5758.390463   9.449701e-17 
  5760.33093   8.902099e-17 
 5762.271415   9.090539e-17 
  5764.21192   8.624099e-17 
 5766.152443   8.872965e-17 
 5768.092986   9.038743e-17 
 5770.033548   8.777219e-17 
 5771.974129   8.621339e-17 
 5773.914729   9.025008e-17 
 5775.855348   8.851098e-17 
 5777.795987   9.134111e-17 
 5779.736644    9.44874e-17 
 5781.677321   8.392912e-17 
 5783.618017   9.105683e-17 
 5785.558733   8.743388e-17 
 5787.499467   8.821969e-17 
 5789.440221   8.360588e-17 
 5791.380994   9.102592e-17 
 5793.321786   9.537196e-17 
 5795.262597   9.154009e-17 
 5797.203428   8.787931e-17 
 5799.144278   8.222352e-17 
 5801.085147   9.477379e-17 
 5803.026035   8.636624e-17 
 5804.966943   9.325615e-17 
  5806.90787   9.780598e-17 
 5808.848816   9.379736e-17 
 5810.789782   9.684794e-17 
 5812.730767   8.607562e-17 
 5814.671771   8.302425e-17 
 5816.612795    9.18334e-17 
 5818.553838   8.422674e-17 
 5820.494901   8.996116e-17 
 5822.435982   9.596711e-17 
 5824.377083   9.060478e-17 
 5826.318204   9.510959e-17 
 5828.259344   1.057166e-16 
 5830.200503   9.385118e-17 
 5832.141682   1.026476e-16 
  5834.08288   9.559373e-17 
 5836.024098   9.617936e-17 
 5837.965335   9.026594e-17 
 5839.906591   7.751248e-17 
 5841.847867   1.022006e-16 
 5843.789163   9.820111e-17 
 5845.730478   9.214834e-17 
 5847.671812   8.567506e-17 
 5849.613166   9.209819e-17 
 5851.554539   8.675154e-17 
 5853.495932   8.389719e-17 
 5855.437345   9.534575e-17 
 5857.378776   7.758331e-17 
 5859.320228   8.674652e-17 
 5861.261699   8.161487e-17 
  5863.20319   7.886708e-17 
   5865.1447   7.215132e-17 
 5867.086229   7.037046e-17 
 5869.027779   5.926067e-17 
 5870.969348   7.315643e-17 
 5872.910936   7.888531e-17 
 5874.852544   6.434703e-17 
 5876.794172   6.845454e-17 
 5878.735819    7.39156e-17 
 5880.677486   7.893974e-17 
 5882.619173   6.811192e-17 
 5884.560879   5.946556e-17 
 5886.502605    6.72207e-17 
 5888.444351   6.104895e-17 
 5890.386116   5.857803e-17 
 5892.327901   5.841062e-17 
 5894.269706   5.903915e-17 
  5896.21153   5.765992e-17 
 5898.153374   5.054069e-17 
 5900.095238   5.512342e-17 
 5902.037121   4.943008e-17 
 5903.979025   5.688315e-17 
 5905.920948   6.012339e-17 
  5907.86289   5.767252e-17 
 5909.804853    5.09518e-17 
 5911.746835   5.141573e-17 
 5913.688838   5.431918e-17 
 5915.630859   4.719757e-17 
 5917.572901   4.937542e-17 
 5919.514963   6.711443e-17 
 5921.457044   5.428149e-17 
 5923.399145   5.131319e-17 
 5925.341266   4.751155e-17 
 5927.283407   4.588102e-17 
 5929.225568   5.105911e-17 
 5931.167748   5.099127e-17 
 5933.109949    4.89424e-17 
 5935.052169   4.936763e-17 
 5936.994409   5.681303e-17 
 5938.936669   4.878043e-17 
  5940.87895   4.858216e-17 
 5942.821249   4.537863e-17 
 5944.763569   5.620068e-17 
 5946.705909   4.489966e-17 
 5948.648269   5.026307e-17 
 5950.590649    5.93693e-17 
 5952.533048   4.431282e-17 
 5954.475468    4.76157e-17 
 5956.417908   4.731461e-17 
 5958.360367   3.861066e-17 
 5960.302847   4.495208e-17 
 5962.245346    4.28819e-17 
 5964.187866   4.269632e-17 
 5966.130406     4.9445e-17 
 5968.072965   5.862259e-17 
 5970.015545   4.809745e-17 
 5971.958145   5.370593e-17 
 5973.900765   4.747361e-17 
 5975.843405   5.794012e-17 
 5977.786064   5.218785e-17 
 5979.728745   5.348619e-17 
 5981.671445   5.731162e-17 
 5983.614165   6.543618e-17 
 5985.556905   5.143984e-17 
 5987.499666   5.590536e-17 
 5989.442446   5.849138e-17 
 5991.385247   6.075641e-17 
 5993.328068      5.399e-17 
 5995.270909   6.056402e-17 
  5997.21377   6.013159e-17 
 5999.156652   7.100737e-17 
 6001.099553   5.770499e-17 
 6003.042475   7.083618e-17 
 6004.985417   7.098174e-17 
 6006.928379   5.755481e-17 
 6008.871362   6.587979e-17 
 6010.814364    5.59924e-17 
 6012.757387   7.236799e-17 
  6014.70043   6.862438e-17 
 6016.643493   7.256622e-17 
 6018.586577   6.171529e-17 
 6020.529681   7.571918e-17 
 6022.472805    7.30194e-17 
 6024.415949   6.879192e-17 
 6026.359114   7.606977e-17 
 6028.302299   8.398906e-17 
 6030.245505   7.036767e-17 
  6032.18873   7.852536e-17 
 6034.131976   7.360152e-17 
 6036.075243   7.364131e-17 
 6038.018529   7.690499e-17 
 6039.961836   7.989606e-17 
 6041.905164   7.201076e-17 
 6043.848512    7.32398e-17 
  6045.79188   8.539015e-17 
 6047.735268   7.971413e-17 
 6049.678677   8.610835e-17 
 6051.622107   9.668237e-17 
 6053.565557    1.03452e-16 
 6055.509027   9.191846e-17 
 6057.452518   8.291512e-17 
 6059.396029   7.825858e-17 
  6061.33956   8.298867e-17 
 6063.283112    7.99037e-17 
 6065.226685   9.295095e-17 
 6067.170278   7.167943e-17 
 6069.113891   8.153702e-17 
 6071.057525   9.236048e-17 
  6073.00118   8.170141e-17 
 6074.944855   8.724627e-17 
  6076.88855   8.606388e-17 
 6078.832266     8.9285e-17 
 6080.776003   8.464999e-17 
  6082.71976   9.280572e-17 
 6084.663538   9.080335e-17 
 6086.607336   8.400563e-17 
 6088.551155   9.411393e-17 
 6090.494995   8.551472e-17 
 6092.438855   9.715364e-17 
 6094.382735   9.282102e-17 
 6096.326637   8.491433e-17 
 6098.270559   9.571107e-17 
 6100.214501   9.053508e-17 
 6102.158464    9.04038e-17 
 6104.102448   8.835408e-17 
 6106.046453   9.639171e-17 
 6107.990478    8.52882e-17 
 6109.934524   9.224359e-17 
  6111.87859   9.152286e-17 
 6113.822677   8.651844e-17 
 6115.766785   9.122145e-17 
 6117.710914     9.2705e-17 
 6119.655063   9.342906e-17 
 6121.599233   8.238279e-17 
 6123.543424   9.099548e-17 
 6125.487636   8.811402e-17 
 6127.431868   9.724257e-17 
 6129.376121   7.893683e-17 
 6131.320395   7.973172e-17 
  6133.26469     8.6241e-17 
 6135.209005   8.751126e-17 
 6137.153341   8.754694e-17 
 6139.097698   9.117349e-17 
 6141.042076   7.756626e-17 
 6142.986475   7.375047e-17 
 6144.930894   7.842772e-17 
 6146.875335   7.572276e-17 
 6148.819796   7.521931e-17 
 6150.764278   7.342705e-17 
 6152.708781   6.258219e-17 
 6154.653305   8.273094e-17 
 6156.597849   7.674219e-17 
 6158.542415   8.006507e-17 
 6160.487001    8.32449e-17 
 6162.431609   8.698805e-17 
 6164.376237   7.810595e-17 
 6166.320886   7.523141e-17 
 6168.265557   7.391361e-17 
 6170.210248   7.568297e-17 
  6172.15496   8.296709e-17 
 6174.099693   7.494238e-17 
 6176.044447   7.267926e-17 
 6177.989222   7.346485e-17 
 6179.934018   8.837027e-17 
 6181.878835   8.122501e-17 
 6183.823673    7.42019e-17 
 6185.768532   7.151995e-17 
 6187.713412   8.015783e-17 
 6189.658314   7.625131e-17 
 6191.603236   7.853703e-17 
 6193.548179   7.191705e-17 
 6195.493143   7.603526e-17 
 6197.438129   7.572034e-17 
 6199.383135   6.733206e-17 
 6201.328163   8.570456e-17 
 6203.273211   7.964764e-17 
 6205.218281   7.041947e-17 
 6207.163372   6.325068e-17 
 6209.108484   7.677932e-17 
 6211.053617   7.301475e-17 
 6212.998771   7.270877e-17 
 6214.943947   6.727605e-17 
 6216.889143   7.809176e-17 
 6218.834361   7.867942e-17 
   6220.7796   6.399157e-17 
  6222.72486   7.272399e-17 
 6224.670142   6.638984e-17 
 6226.615444   7.587375e-17 
 6228.560768   6.491887e-17 
 6230.506113     6.5919e-17 
 6232.451479   7.358778e-17 
 6234.396867   7.888414e-17 
 6236.342275    6.96543e-17 
 6238.287705   7.014436e-17 
 6240.233156   7.240476e-17 
 6242.178629   6.178597e-17 
 6244.124123   8.625278e-17 
 6246.069638   7.253995e-17 
 6248.015174   7.994215e-17 
 6249.960732   6.492585e-17 
 6251.906311   6.907344e-17 
 6253.851911    7.35313e-17 
 6255.797533   6.944109e-17 
 6257.743176   7.870435e-17 
  6259.68884   7.337642e-17 
 6261.634526    7.26484e-17 
 6263.580233   7.608196e-17 
 6265.525961   6.710868e-17 
 6267.471711   7.311084e-17 
 6269.417483   6.903471e-17 
 6271.363275   6.862516e-17 
 6273.309089   7.650757e-17 
 6275.254925    7.67085e-17 
 6277.200782   7.657677e-17 
  6279.14666   8.135001e-17 
  6281.09256   6.938336e-17 
 6283.038481   7.251993e-17 
 6284.984424   8.413655e-17 
 6286.930389   9.110559e-17 
 6288.876374   8.012252e-17 
 6290.822382   8.455264e-17 
  6292.76841   8.662901e-17 
 6294.714461   7.877269e-17 
 6296.660532    8.33084e-17 
 6298.606626   7.363721e-17 
 6300.552741    7.56335e-17 
 6302.498877   7.798127e-17 
 6304.445035   8.766587e-17 
 6306.391214   8.315649e-17 
 6308.337416    8.85963e-17 
 6310.283638   8.182336e-17 
 6312.229883   8.216345e-17 
 6314.176148   8.952012e-17 
 6316.122436   8.141488e-17 
 6318.068745   8.349107e-17 
 6320.015076   7.833214e-17 
 6321.961428    7.97219e-17 
 6323.907802   8.021294e-17 
 6325.854198   8.829916e-17 
 6327.800615   8.169227e-17 
 6329.747054   8.334127e-17 
 6331.693515   7.808168e-17 
 6333.639997   8.955839e-17 
 6335.586502   7.886166e-17 
 6337.533027   7.709824e-17 
 6339.479575   7.729833e-17 
 6341.426144   8.291868e-17 
 6343.372735   8.204161e-17 
 6345.319348   8.104192e-17 
 6347.265982   8.109637e-17 
 6349.212639   8.975984e-17 
 6351.159317   8.044328e-17 
 6353.106016   8.733138e-17 
 6355.052738   8.747349e-17 
 6356.999481   8.633546e-17 
 6358.946247   8.761461e-17 
 6360.893034   9.336627e-17 
 6362.839842   8.615666e-17 
 6364.786673   8.675034e-17 
 6366.733525   8.383101e-17 
   6368.6804   7.839368e-17 
 6370.627296   8.908499e-17 
 6372.574214   7.820361e-17 
 6374.521154   8.366025e-17 
 6376.468116   8.751037e-17 
   6378.4151   8.349757e-17 
 6380.362105   8.422977e-17 
 6382.309133   8.066978e-17 
 6384.256182   8.393701e-17 
 6386.203254   8.840459e-17 
 6388.150347   7.823237e-17 
 6390.097462   8.834092e-17 
 6392.044599   8.551386e-17 
 6393.991758   8.461113e-17 
  6395.93894   7.822364e-17 
 6397.886143   8.260864e-17 
 6399.833368   8.984307e-17 
 6401.780615    8.81896e-17 
 6403.727884   8.336709e-17 
 6405.675175   8.089257e-17 
 6407.622488   8.947076e-17 
 6409.569824   8.871491e-17 
 6411.517181   8.534095e-17 
  6413.46456   7.803331e-17 
 6415.411962   8.189841e-17 
 6417.359385   8.637557e-17 
 6419.306831   9.178987e-17 
 6421.254298   8.975795e-17 
 6423.201788   9.439445e-17 
   6425.1493   9.937937e-17 
 6427.096834   8.742757e-17 
  6429.04439   8.089054e-17 
 6430.991968   9.061708e-17 
 6432.939568   8.760086e-17 
 6434.887191   8.749572e-17 
 6436.834835   1.010375e-16 
 6438.782502   8.264028e-17 
 6440.730191   9.257287e-17 
 6442.677902   9.198565e-17 
 6444.625635   8.682319e-17 
 6446.573391   8.996727e-17 
 6448.521169   9.549624e-17 
 6450.468969   8.768115e-17 
 6452.416791   8.818918e-17 
 6454.364635    9.40426e-17 
 6456.312502   8.486216e-17 
 6458.260391   9.255048e-17 
 6460.208302    9.19173e-17 
 6462.156236   8.843788e-17 
 6464.104191   8.822582e-17 
 6466.052169   9.440231e-17 
  6468.00017   9.719565e-17 
 6469.948192    8.69701e-17 
 6471.896237   9.326366e-17 
 6473.844305   8.731595e-17 
 6475.792394   8.889304e-17 
 6477.740506   9.727307e-17 
 6479.688641   9.604109e-17 
 6481.636797   9.626626e-17 
 6483.584976   9.106673e-17 
 6485.533178   9.099399e-17 
 6487.481402    9.11402e-17 
 6489.429648    9.60994e-17 
 6491.377916   9.366643e-17 
 6493.326207   9.618901e-17 
 6495.274521   9.193012e-17 
 6497.222857   9.930474e-17 
 6499.171215   9.130821e-17 
 6501.119596   9.114104e-17 
 6503.067999   9.425796e-17 
 6505.016425     1.0422e-16 
 6506.964873   1.080579e-16 
 6508.913344   9.732709e-17 
 6510.861837    9.75252e-17 
 6512.810352   1.009365e-16 
 6514.758891   1.038087e-16 
 6516.707451    1.09177e-16 
 6518.656034   9.862339e-17 
  6520.60464   1.046161e-16 
 6522.553269   1.009076e-16 
 6524.501919   1.058366e-16 
 6526.450593   1.000284e-16 
 6528.399289   9.929693e-17 
 6530.348007   9.616003e-17 
 6532.296749    9.94283e-17 
 6534.245512   1.052764e-16 
 6536.194299   1.027437e-16 
 6538.143108   1.008908e-16 
 6540.091939   1.055873e-16 
 6542.040794   1.074468e-16 
  6543.98967   1.076185e-16 
  6545.93857   9.434533e-17 
 6547.887492   1.009347e-16 
 6549.836437   1.046014e-16 
 6551.785405    9.75362e-17 
 6553.734395   1.133225e-16 
 6555.683408   1.123574e-16 
 6557.632443   9.944918e-17 
 6559.581502   1.011898e-16 
 6561.530583   9.569702e-17 
 6563.479687   9.616689e-17 
 6565.428813   1.028765e-16 
 6567.377962   9.685851e-17 
 6569.327134   1.139449e-16 
 6571.276329   9.764486e-17 
 6573.225547   1.022235e-16 
 6575.174787   9.615312e-17 
  6577.12405   1.082465e-16 
 6579.073336   9.927163e-17 
 6581.022645   1.072924e-16 
 6582.971977   9.374614e-17 
 6584.921331   9.215572e-17 
 6586.870709   1.009361e-16 
 6588.820109   9.591595e-17 
 6590.769532    8.58333e-17 
 6592.718977   9.431022e-17 
 6594.668446   1.019659e-16 
 6596.617938   8.720371e-17 
 6598.567452   9.537763e-17 
  6600.51699   8.820203e-17 
  6602.46655    8.95764e-17 
 6604.416133   8.729388e-17 
 6606.365739   9.815146e-17 
 6608.315368   8.278632e-17 
  6610.26502   9.500101e-17 
 6612.214695   8.606595e-17 
 6614.164393   9.099004e-17 
 6616.114114   8.629495e-17 
 6618.063858   9.606217e-17 
 6620.013625   9.302801e-17 
 6621.963415     9.0839e-17 
 6623.913227    9.17821e-17 
 6625.863063   8.876004e-17 
 6627.812922   9.257109e-17 
 6629.762804   9.512843e-17 
 6631.712709   8.227083e-17 
 6633.662637   8.927316e-17 
 6635.612588   8.986793e-17 
 6637.562562   8.728967e-17 
 6639.512559   8.946431e-17 
  6641.46258   8.943914e-17 
 6643.412623   8.669478e-17 
  6645.36269   8.953478e-17 
 6647.312779   8.739661e-17 
 6649.262892   8.210516e-17 
 6651.213028   9.028229e-17 
 6653.163187   8.193184e-17 
 6655.113369   8.560506e-17 
 6657.063574   9.092969e-17 
 6659.013803   8.335124e-17 
 6660.964054    9.14444e-17 
 6662.914329   8.700851e-17 
 6664.864627   8.911464e-17 
 6666.814948   9.998066e-17 
 6668.765293   8.751584e-17 
  6670.71566   9.276688e-17 
 6672.666051   8.584598e-17 
 6674.616465   9.613647e-17 
 6676.566902   8.981023e-17 
 6678.517363   9.559051e-17 
 6680.467847    8.44266e-17 
 6682.418354   8.211948e-17 
 6684.368884   8.153498e-17 
 6686.319438   8.531677e-17 
 6688.270015   8.507222e-17 
 6690.220615   7.614267e-17 
 6692.171239   8.177953e-17 
 6694.121886   8.847862e-17 
 6696.072556   9.149366e-17 
  6698.02325   9.131626e-17 
 6699.973966   8.595689e-17 
 6701.924707   8.339842e-17 
  6703.87547   8.627835e-17 
 6705.826257   7.859048e-17 
 6707.777068   7.569725e-17 
 6709.727902   8.771709e-17 
 6711.678759   7.549419e-17 
 6713.629639   7.631195e-17 
 6715.580543   8.231516e-17 
 6717.531471    7.68831e-17 
 6719.482422    8.69443e-17 
 6721.433396   8.363793e-17 
 6723.384394   7.960468e-17 
 6725.335415   8.382666e-17 
  6727.28646   8.194287e-17 
 6729.237528   7.758384e-17 
  6731.18862   7.910725e-17 
 6733.139735   7.899102e-17 
 6735.090874   7.277462e-17 
 6737.042036   7.744205e-17 
 6738.993222   7.583691e-17 
 6740.944431   8.242297e-17 
 6742.895664   7.750687e-17 
  6744.84692   1.034392e-16 
   6746.7982   1.224768e-16 
 6748.749504   1.059712e-16 
 6750.700831    1.00719e-16 
 6752.652181   8.488365e-17 
 6754.603556   7.477506e-17 
 6756.554954   9.046597e-17 
 6758.506375   1.307292e-16 
  6760.45782   3.096389e-16 
 6762.409289   4.415273e-16 
 6764.360781   3.097515e-16 
 6766.312297   1.869169e-16 
 6768.263837   1.014223e-16 
   6770.2154    6.76808e-17 
 6772.166987   6.838523e-17 
 6774.118598   7.013562e-17 
 6776.070233   7.351241e-17 
 6778.021891   8.438226e-17 
 6779.973573    8.61873e-17 
 6781.925278   1.378363e-16 
 6783.877007   1.829846e-16 
  6785.82876   1.494107e-16 
 6787.780537   1.046277e-16 
 6789.732338   8.144805e-17 
 6791.684162   7.743601e-17 
  6793.63601   6.906637e-17 
 6795.587882   6.236268e-17 
 6797.539777   6.589208e-17 
 6799.491697   6.816657e-17 
  6801.44364   6.891767e-17 
 6803.395607   5.441714e-17 
 6805.347598   5.734218e-17 
 6807.299613   5.972703e-17 
 6809.251651   6.851496e-17 
 6811.203713   7.353024e-17 
   6813.1558   6.006313e-17 
  6815.10791   6.197784e-17 
 6817.060044   6.361223e-17 
 6819.012202    5.94796e-17 
 6820.964384   6.698857e-17 
 6822.916589   5.824432e-17 
 6824.868819   6.251675e-17 
 6826.821072   6.388026e-17 
  6828.77335   5.859222e-17 
 6830.725651   5.665779e-17 
 6832.677977   6.011998e-17 
 6834.630326   6.542033e-17 
 6836.582699   6.126102e-17 
 6838.535096   6.423856e-17 
 6840.487518   5.632206e-17 
 6842.439963   6.575358e-17 
 6844.392432   5.229196e-17 
 6846.344925   6.442873e-17 
 6848.297442   5.488545e-17 
 6850.249984   5.327026e-17 
 6852.202549   5.561402e-17 
 6854.155138   6.620687e-17 
 6856.107752   5.739993e-17 
 6858.060389   6.261375e-17 
 6860.013051   5.439961e-17 
 6861.965736   5.545878e-17 
 6863.918446   5.353289e-17 
  6865.87118   5.335343e-17 
 6867.823938    4.58183e-17 
  6869.77672   3.837223e-17 
 6871.729526   4.497752e-17 
 6873.682356   4.042452e-17 
 6875.635211   4.501407e-17 
 6877.588089   6.103314e-17 
 6879.540992   4.987635e-17 
 6881.493919   5.072596e-17 
  6883.44687   4.660973e-17 
 6885.399846   5.592259e-17 
 6887.352845   5.555812e-17 
 6889.305869   5.010723e-17 
 6891.258917    4.88521e-17 
 6893.211989   5.733259e-17 
 6895.165085   5.435746e-17 
 6897.118206   4.561102e-17 
 6899.071351   4.996251e-17 
  6901.02452   5.472358e-17 
 6902.977713   5.341392e-17 
 6904.930931   4.589225e-17 
 6906.884173   5.400115e-17 
 6908.837439   4.777071e-17 
 6910.790729   5.466088e-17 
 6912.744044   5.176047e-17 
 6914.697383   6.114765e-17 
 6916.650747   5.733396e-17 
 6918.604135   7.896071e-17 
 6920.557547   8.994159e-17 
 6922.510983   9.294164e-17 
 6924.464444   7.619909e-17 
  6926.41793   5.152062e-17 
 6928.371439   4.763794e-17 
 6930.324973   4.726828e-17 
 6932.278532   6.686192e-17 
 6934.232114   7.408226e-17 
 6936.185722   8.582193e-17 
 6938.139353   7.675424e-17 
 6940.093009   5.196962e-17 
  6942.04669   5.171446e-17 
 6944.000395   4.913536e-17 
 6945.954124   4.513655e-17 
 6947.907878    5.56669e-17 
 6949.861657   4.598202e-17 
  6951.81546   4.554197e-17 
 6953.769287    4.77801e-17 
 6955.723139   4.908141e-17 
 6957.677015   4.794627e-17 
 6959.630916   4.297292e-17 
 6961.584842   5.316366e-17 
 6963.538792   4.488979e-17 
 6965.492766   4.230796e-17 
 6967.446765   5.645009e-17 
 6969.400789   4.719427e-17 
 6971.354837   4.594617e-17 
  6973.30891   5.299318e-17 
 6975.263008   4.569908e-17 
  6977.21713   4.557345e-17 
 6979.171276   4.931551e-17 
 6981.125448   4.575695e-17 
 6983.079643   4.782704e-17 
 6985.033864   4.677548e-17 
 6986.988109   3.908487e-17 
 6988.942379   5.531812e-17 
 6990.896673    4.20427e-17 
 6992.850993   4.266628e-17 
 6994.805336   4.771466e-17 
 6996.759705   5.042986e-17 
 6998.714098     5.1583e-17 
 7000.668516   4.074268e-17 
 7002.622959   4.266334e-17 
 7004.577426   3.610513e-17 
 7006.531918    4.45163e-17 
 7008.486435   5.090279e-17 
 7010.440977   4.228116e-17 
 7012.395543   4.952463e-17 
 7014.350134   4.254366e-17 
  7016.30475   4.268915e-17 
 7018.259391   4.988227e-17 
 7020.214056    4.57618e-17 
 7022.168747   2.126768e-17 
 7024.123462   4.205689e-17 
 7026.078202   4.246544e-17 
 7028.032967    4.84167e-17 
 7029.987756   4.209509e-17 
 7031.942571   4.947373e-17 
  7033.89741   4.763602e-17 
 7035.852274   3.817859e-17 
 7037.807163   4.811222e-17 
 7039.762077   3.943491e-17 
 7041.717016   3.808578e-17 
  7043.67198   4.388739e-17 
 7045.626968   4.075146e-17 
 7047.581982   5.476489e-17 
  7049.53702   4.051463e-17 
 7051.492084   4.316576e-17 
 7053.447172    4.00948e-17 
 7055.402285   4.161401e-17 
 7057.357424   4.971071e-17 
 7059.312587   3.961275e-17 
 7061.267775   4.881305e-17 
 7063.222988    4.17534e-17 
 7065.178227   4.066798e-17 
  7067.13349   4.534274e-17 
 7069.088778    3.99489e-17 
 7071.044091   4.234734e-17 
  7072.99943   5.006181e-17 
 7074.954793   4.774882e-17 
 7076.910182   3.834005e-17 
 7078.865595   4.514201e-17 
 7080.821034   3.667526e-17 
 7082.776497   3.758885e-17 
 7084.731986   3.538813e-17 
   7086.6875    4.03368e-17 
 7088.643039   3.249493e-17 
 7090.598603   4.159608e-17 
 7092.554192   3.424397e-17 
 7094.509806   3.718711e-17 
 7096.465445   3.394166e-17 
  7098.42111   3.978006e-17 
   7100.3768   3.904247e-17 
 7102.332514   3.590539e-17 
 7104.288255   4.136322e-17 
  7106.24402   4.350374e-17 
  7108.19981   3.547904e-17 
 7110.155626    3.79525e-17 
 7112.111467   2.750395e-17 
 7114.067333   3.684335e-17 
 7116.023224   3.452061e-17 
 7117.979141   4.289583e-17 
 7119.935082   3.881849e-17 
 7121.891049   4.551999e-17 
 7123.847042   3.999898e-17 
 7125.803059   4.130408e-17 
 7127.759102   4.215269e-17 
  7129.71517   3.721351e-17 
 7131.671264   4.084392e-17 
 7133.627382   4.441449e-17 
 7135.583526   3.779766e-17 
 7137.539696   4.307033e-17 
  7139.49589   3.696629e-17 
 7141.452111   3.892537e-17 
 7143.408356   3.622637e-17 
 7145.364627   4.132407e-17 
 7147.320923   3.597654e-17 
 7149.277244   4.988405e-17 
 7151.233591   3.550171e-17 
 7153.189964   3.935719e-17 
 7155.146361   3.691791e-17 
 7157.102784   4.597098e-17 
 7159.059233   3.598728e-17 
 7161.015707   3.707588e-17 
 7162.972206   3.868398e-17 
 7164.928731   4.172821e-17 
 7166.885281   3.765284e-17 
 7168.841857   4.589104e-17 
 7170.798458   4.024358e-17 
 7172.755085   4.197859e-17 
 7174.711737   4.241306e-17 
 7176.668415    4.72375e-17 
 7178.625118   4.357397e-17 
 7180.581847   4.666819e-17 
 7182.538601   4.578044e-17 
 7184.495381   4.379675e-17 
 7186.452187   4.311711e-17 
 7188.409018    3.79063e-17 
 7190.365874   4.255577e-17 
 7192.322756   4.289408e-17 
 7194.279664   4.345915e-17 
 7196.236597   4.100402e-17 
 7198.193556   4.940626e-17 
  7200.15054   4.614843e-17 
  7202.10755   4.519637e-17 
 7204.064586   4.235751e-17 
 7206.021647   5.094513e-17 
 7207.978734   4.640267e-17 
 7209.935847   5.267198e-17 
 7211.892985   4.512409e-17 
 7213.850149   4.713571e-17 
 7215.807339   5.005827e-17 
 7217.764554   4.830895e-17 
 7219.721795   4.692128e-17 
 7221.679062   5.665365e-17 
 7223.636354   5.367083e-17 
 7225.593672   4.648332e-17 
 7227.551016   5.042294e-17 
 7229.508386   5.099028e-17 
 7231.465781   4.860862e-17 
 7233.423202   5.300226e-17 
 7235.380649   4.773194e-17 
 7237.338122   4.860032e-17 
  7239.29562   5.382362e-17 
 7241.253144   4.723925e-17 
 7243.210694   4.833913e-17 
  7245.16827    5.49169e-17 
 7247.125872   5.117132e-17 
 7249.083499   5.209074e-17 
 7251.041153   4.634203e-17 
 7252.998832   5.165432e-17 
 7254.956537   5.429733e-17 
 7256.914268   5.535937e-17 
 7258.872024   4.808823e-17 
 7260.829807    5.01698e-17 
 7262.787616   6.032163e-17 
  7264.74545   5.588319e-17 
  7266.70331   4.919935e-17 
 7268.661197   5.146875e-17 
 7270.619109   5.063735e-17 
 7272.577047    4.97124e-17 
 7274.535011   5.065646e-17 
 7276.493001   4.661583e-17 
 7278.451017   4.701621e-17 
 7280.409059   6.101882e-17 
 7282.367127   5.428028e-17 
  7284.32522   5.144982e-17 
  7286.28334   4.819633e-17 
 7288.241486   5.156253e-17 
 7290.199658   4.578346e-17 
 7292.157856   5.258344e-17 
  7294.11608   5.254853e-17 
  7296.07433   5.201273e-17 
 7298.032606   5.379913e-17 
 7299.990908   5.402869e-17 
 7301.949236   6.026433e-17 
 7303.907591    5.36977e-17 
 7305.865971    5.27803e-17 
 7307.824377   5.237627e-17 
  7309.78281    5.22439e-17 
 7311.741268    5.43415e-17 
 7313.699753   5.546877e-17 
 7315.658264   5.878834e-17 
 7317.616801   5.514436e-17 
 7319.575364   6.230388e-17 
 7321.533954   6.477463e-17 
 7323.492569   5.624184e-17 
 7325.451211   6.564245e-17 
 7327.409879    6.15763e-17 
 7329.368573   6.695341e-17 
 7331.327293   6.558843e-17 
 7333.286039    6.84249e-17 
 7335.244812   6.304513e-17 
 7337.203611   4.954247e-17 
 7339.162436   6.041148e-17 
 7341.121287   5.959482e-17 
 7343.080165   6.127184e-17 
 7345.039069   6.458881e-17 
 7346.997999   6.624117e-17 
 7348.956955   6.444751e-17 
 7350.915938   7.703493e-17 
 7352.874947   7.599372e-17 
 7354.833982   7.619465e-17 
 7356.793044   7.423552e-17 
 7358.752132   6.899838e-17 
 7360.711246   7.159157e-17 
 7362.670386   7.605005e-17 
 7364.629553   7.707941e-17 
 7366.588747   8.028594e-17 
 7368.547966   7.200433e-17 
 7370.507212   7.485418e-17 
 7372.466485   7.559694e-17 
 7374.425784   7.397519e-17 
 7376.385109   7.507547e-17 
  7378.34446   7.121773e-17 
 7380.303838    7.38012e-17 
 7382.263243   7.844573e-17 
 7384.222674   7.648089e-17 
 7386.182131   7.327139e-17 
 7388.141615   8.312332e-17 
 7390.101125    8.41582e-17 
 7392.060662   8.304031e-17 
 7394.020225   8.950302e-17 
 7395.979815   9.146398e-17 
 7397.939431   9.427934e-17 
 7399.899074   8.531039e-17 
 7401.858743   7.997233e-17 
 7403.818439   8.769106e-17 
 7405.778161   8.429149e-17 
  7407.73791   8.317852e-17 
 7409.697685   9.122552e-17 
 7411.657487   8.750759e-17 
 7413.617316   9.302387e-17 
 7415.577171   9.007058e-17 
 7417.537052   7.933336e-17 
 7419.496961   9.158735e-17 
 7421.456896   9.491005e-17 
 7423.416857   8.573939e-17 
 7425.376845   8.645444e-17 
  7427.33686   9.959088e-17 
 7429.296901   1.005885e-16 
 7431.256969   9.164915e-17 
 7433.217064    1.02791e-16 
 7435.177185   1.021971e-16 
 7437.137333   9.636278e-17 
 7439.097508   9.783861e-17 
 7441.057709   9.311469e-17 
 7443.017938   8.804696e-17 
 7444.978192   1.021522e-16 
 7446.938474   9.643773e-17 
 7448.898782   1.006197e-16 
 7450.859117   9.567065e-17 
 7452.819479   9.437101e-17 
 7454.779867   1.034053e-16 
 7456.740283   9.951967e-17 
 7458.700725   1.013427e-16 
 7460.661193   1.014542e-16 
 7462.621689    1.05161e-16 
 7464.582211   1.012186e-16 
 7466.542761   1.071049e-16 
 7468.503337   1.140567e-16 
  7470.46394   1.069574e-16 
 7472.424569   1.137649e-16 
 7474.385226   1.107146e-16 
 7476.345909    1.12201e-16 
 7478.306619   1.200599e-16 
 7480.267356   1.145047e-16 
  7482.22812   1.193201e-16 
 7484.188911   1.152311e-16 
 7486.149729   1.278144e-16 
 7488.110574   1.226524e-16 
 7490.071445   1.399558e-16 
 7492.032344   1.318024e-16 
 7493.993269   1.285737e-16 
 7495.954222   1.322809e-16 
 7497.915201   1.329129e-16 
 7499.876207   1.448805e-16 
  7501.83724   1.394618e-16 
 7503.798301   1.357414e-16 
 7505.759388   1.388111e-16 
 7507.720502   1.321446e-16 
 7509.681643   1.489995e-16 
 7511.642811    1.42792e-16 
 7513.604007   1.414678e-16 
 7515.565229   1.375866e-16 
 7517.526478   1.376996e-16 
 7519.487754   1.435383e-16 
 7521.449058   1.412271e-16 
 7523.410388   1.379836e-16 
 7525.371746   1.467111e-16 
  7527.33313   1.478562e-16 
 7529.294542   1.514108e-16 
 7531.255981   1.376587e-16 
 7533.217447   1.553447e-16 
  7535.17894   1.439438e-16 
  7537.14046   1.480864e-16 
 7539.102007   1.365948e-16 
 7541.063582   1.345956e-16 
 7543.025183   1.403432e-16 
 7544.986812   1.407801e-16 
 7546.948468   1.418491e-16 
 7548.910151   1.424732e-16 
 7550.871861   1.373027e-16 
 7552.833598   1.387813e-16 
 7554.795363    1.32322e-16 
 7556.757155   1.375723e-16 
 7558.718974   1.282827e-16 
  7560.68082   1.219999e-16 
 7562.642694   1.311604e-16 
 7564.604595   1.409135e-16 
 7566.566523   1.397336e-16 
 7568.528478   1.335551e-16 
 7570.490461   1.201449e-16 
 7572.452471   1.260197e-16 
 7574.414508   1.191386e-16 
 7576.376572   1.210595e-16 
 7578.338664    1.19953e-16 
 7580.300783   1.254927e-16 
 7582.262929   1.227079e-16 
 7584.225103   1.216633e-16 
 7586.187304   1.050287e-16 
 7588.149533   1.107054e-16 
 7590.111789   1.087372e-16 
 7592.074072   9.853879e-17 
 7594.036382   9.667128e-17 
  7595.99872      7.748e-17 
 7597.961086   4.932886e-17 
 7599.923479   4.163145e-17 
 7601.885899   3.705895e-17 
 7603.848346   2.952976e-17 
 7605.810821   2.928818e-17 
 7607.773324   3.009115e-17 
 7609.735854    3.21511e-17 
 7611.698411   3.894304e-17 
 7613.660996    4.33431e-17 
 7615.623608   5.027564e-17 
 7617.586248   6.685278e-17 
 7619.548916   6.880894e-17 
  7621.51161   7.185857e-17 
 7623.474333   5.748448e-17 
 7625.437083   5.245218e-17 
  7627.39986    4.43654e-17 
 7629.362665    4.67823e-17 
 7631.325497    4.16126e-17 
 7633.288357   4.250899e-17 
 7635.251245    4.20122e-17 
  7637.21416   5.090036e-17 
 7639.177103   4.555709e-17 
 7641.140073   4.795315e-17 
 7643.103071   5.240888e-17 
 7645.066097   4.740551e-17 
  7647.02915   4.548672e-17 
 7648.992231   4.964944e-17 
 7650.955339   4.959618e-17 
 7652.918475   5.404176e-17 
 7654.881639   5.490454e-17 
 7656.844831   5.349504e-17 
  7658.80805   5.729917e-17 
 7660.771296    6.55752e-17 
 7662.734571   5.410045e-17 
 7664.697873   5.384081e-17 
 7666.661203   5.516206e-17 
  7668.62456   5.768591e-17 
 7670.587946   5.794219e-17 
 7672.551359    5.54574e-17 
   7674.5148   6.723125e-17 
 7676.478268   6.005246e-17 
 7678.441764   5.838229e-17 
 7680.405288   5.998105e-17 
  7682.36884   5.207433e-17 
  7684.33242   6.331035e-17 
 7686.296027    4.77064e-17 
 7688.259662   5.332728e-17 
 7690.223326   5.880691e-17 
 7692.187016   5.512002e-17 
 7694.150735   4.867024e-17 
 7696.114482   5.782556e-17 
 7698.078256   4.969325e-17 
 7700.042058   5.263488e-17 
 7702.005888   4.940324e-17 
 7703.969746   4.582983e-17 
 7705.933632   5.305841e-17 
 7707.897546   4.847725e-17 
 7709.861487   4.515291e-17 
 7711.825457   4.892308e-17 
 7713.789454   5.354416e-17 
  7715.75348   4.588154e-17 
 7717.717533   5.546946e-17 
 7719.681614   5.102129e-17 
 7721.645724   5.131631e-17 
 7723.609861   4.925774e-17 
 7725.574026   4.540853e-17 
 7727.538219   5.334813e-17 
  7729.50244    6.55282e-17 
 7731.466689   3.735744e-17 
 7733.430967   4.474012e-17 
 7735.395272   5.180755e-17 
 7737.359605   4.391062e-17 
 7739.323966   5.287774e-17 
 7741.288355   4.588965e-17 
 7743.252773   4.188291e-17 
 7745.217218   4.788138e-17 
 7747.181691   4.137262e-17 
 7749.146193   4.353074e-17 
 7751.110723     3.2592e-17 
  7753.07528   3.579277e-17 
 7755.039866   4.589455e-17 
  7757.00448   4.212691e-17 
 7758.969122     4.2261e-17 
 7760.933792   4.378141e-17 
  7762.89849    3.62179e-17 
 7764.863217   3.973845e-17 
 7766.827971   4.045001e-17 
 7768.792754    4.42601e-17 
 7770.757565   3.248776e-17 
 7772.722404    3.54346e-17 
 7774.687272   4.758627e-17 
 7776.652167   3.901433e-17 
 7778.617091   4.099427e-17 
 7780.582043   3.540995e-17 
 7782.547023   3.850185e-17 
 7784.512031   4.531774e-17 
 7786.477068   4.080316e-17 
 7788.442133   4.870508e-17 
 7790.407226   4.669772e-17 
 7792.372348    4.28068e-17 
 7794.337497   3.050645e-17 
 7796.302675   3.552648e-17 
 7798.267882    3.82168e-17 
 7800.233116   3.959109e-17 
 7802.198379   3.955782e-17 
  7804.16367   4.522046e-17 
  7806.12899   4.897633e-17 
 7808.094338   3.929625e-17 
 7810.059714   4.290743e-17 
 7812.025119   3.928006e-17 
 7813.990552   4.664076e-17 
 7815.956013   4.262734e-17 
 7817.921503   3.781601e-17 
 7819.887021   3.996757e-17 
 7821.852568   4.026679e-17 
 7823.818143   3.711701e-17 
 7825.783746   4.285627e-17 
 7827.749378   4.401596e-17 
 7829.715038   4.715718e-17 
 7831.680727   4.750141e-17 
 7833.646444   3.791423e-17 
  7835.61219   4.138647e-17 
 7837.577964   4.500666e-17 
 7839.543767   4.097398e-17 
 7841.509598   3.886111e-17 
 7843.475457   4.473328e-17 
 7845.441345   4.531834e-17 
 7847.407262   3.803774e-17 
 7849.373207   4.584307e-17 
 7851.339181   4.576907e-17 
 7853.305183   3.482771e-17 
 7855.271214    3.73349e-17 
 7857.237273   3.845494e-17 
 7859.203361   3.979353e-17 
 7861.169478    3.93169e-17 
 7863.135623   4.019382e-17 
 7865.101796    4.07933e-17 
 7867.067999   4.480185e-17 
  7869.03423   4.264987e-17 
 7871.000489   3.648354e-17 
 7872.966777   4.270273e-17 
 7874.933094    3.05308e-17 
 7876.899439    4.79627e-17 
 7878.865814   4.042754e-17 
 7880.832216   4.801313e-17 
 7882.798648   4.311253e-17 
 7884.765108   4.186733e-17 
 7886.731597   4.083611e-17 
 7888.698114   4.680185e-17 
 7890.664661   3.921736e-17 
 7892.631236   4.918128e-17 
 7894.597839   4.667447e-17 
 7896.564472   5.036154e-17 
 7898.531133    4.12789e-17 
 7900.497823   4.688772e-17 
 7902.464542   4.362919e-17 
 7904.431289   5.498966e-17 
 7906.398065   5.027552e-17 
 7908.364871   4.927907e-17 
 7910.331704   5.691883e-17 
 7912.298567   5.001044e-17 
 7914.265459   4.546907e-17 
 7916.232379   4.973119e-17 
 7918.199328   5.916889e-17 
 7920.166306   5.668096e-17 
 7922.133313   5.537756e-17 
 7924.100349   5.286786e-17 
 7926.067413    5.67987e-17 
 7928.034507   5.844215e-17 
 7930.001629   5.658032e-17 
  7931.96878   6.139366e-17 
  7933.93596   6.048425e-17 
  7935.90317   5.793768e-17 
 7937.870408   5.836897e-17 
 7939.837675   6.567053e-17 
  7941.80497   6.743262e-17 
 7943.772295   6.262799e-17 
 7945.739649   5.868732e-17 
 7947.707032   5.647642e-17 
 7949.674444   6.362926e-17 
 7951.641884   6.630796e-17 
 7953.609354   7.531281e-17 
 7955.576853   7.241142e-17 
  7957.54438   6.950197e-17 
 7959.511937   7.354097e-17 
 7961.479523   8.205535e-17 
 7963.447138   7.616983e-17 
 7965.414782   8.149773e-17 
 7967.382455   7.777627e-17 
 7969.350157   7.817367e-17 
 7971.317888   8.117629e-17 
 7973.285648   8.017267e-17 
 7975.253437   7.899869e-17 
 7977.221255   8.435898e-17 
 7979.189103   8.161383e-17 
 7981.156979      8.182e-17 
 7983.124885   9.419593e-17 
  7985.09282    8.47489e-17 
 7987.060784   9.519805e-17 
 7989.028777   8.480702e-17 
 7990.996799   8.957288e-17 
 7992.964851   8.993416e-17 
 7994.932931   8.998474e-17 
 7996.901041    8.91448e-17 
  7998.86918   8.969357e-17 
 8000.837349   8.844022e-17 
 8002.805546   7.882398e-17 
 8004.773773   7.746154e-17 
 8006.742029   8.229284e-17 
 8008.710314   8.525075e-17 
 8010.678628   7.814234e-17 
 8012.646972   8.768752e-17 
 8014.615345   7.929707e-17 
 8016.583747   7.781697e-17 
 8018.552178   8.868025e-17 
 8020.520639   8.643262e-17 
 8022.489129    7.61773e-17 
 8024.457649   9.637879e-17 
 8026.426197   8.736598e-17 
 8028.394776   7.814534e-17 
 8030.363383   8.391898e-17 
  8032.33202   8.612041e-17 
 8034.300686   9.169243e-17 
 8036.269381   8.378982e-17 
 8038.238106   6.812456e-17 
  8040.20686   8.684645e-17 
 8042.175644   8.283346e-17 
 8044.144457   8.175113e-17 
 8046.113299   7.928318e-17 
 8048.082171   8.721469e-17 
 8050.051072   7.643559e-17 
 8052.020003   7.677167e-17 
 8053.988963   6.877359e-17 
 8055.957953   7.645189e-17 
 8057.926972   7.388319e-17 
  8059.89602   7.333856e-17 
 8061.865099   6.907607e-17 
 8063.834206    7.19482e-17 
 8065.803343   6.934855e-17 
  8067.77251   6.971501e-17 
 8069.741706   7.202836e-17 
 8071.710931    6.94508e-17 
 8073.680186   6.717691e-17 
 8075.649471   6.768116e-17 
 8077.618785   6.663998e-17 
 8079.588129   6.549765e-17 
 8081.557502   6.468797e-17 
 8083.526905   6.157001e-17 
 8085.496337   5.736262e-17 
 8087.465799   5.676917e-17 
 8089.435291   6.291522e-17 
 8091.404812   5.517517e-17 
 8093.374363   6.078068e-17 
 8095.343944   6.110904e-17 
 8097.313554   6.014763e-17 
 8099.283194   6.620207e-17 
 8101.252863   5.298783e-17 
 8103.222562   6.217527e-17 
 8105.192291   6.151895e-17 
  8107.16205   6.410883e-17 
 8109.131838   6.273654e-17 
 8111.101656   4.946284e-17 
 8113.071503   5.579057e-17 
 8115.041381   6.528677e-17 
 8117.011288   5.415992e-17 
 8118.981224   5.192308e-17 
 8120.951191   6.629231e-17 
 8122.921187   6.350225e-17 
 8124.891213   6.992152e-17 
 8126.861269   5.712599e-17 
 8128.831355   5.104042e-17 
  8130.80147   6.719205e-17 
 8132.771615   5.301803e-17 
  8134.74179   5.179434e-17 
 8136.711995   5.857998e-17 
  8138.68223   5.812778e-17 
 8140.652494   5.288546e-17 
 8142.622788   4.942693e-17 
 8144.593112   6.074025e-17 
 8146.563466   5.736404e-17 
  8148.53385   5.500703e-17 
 8150.504264   5.494814e-17 
 8152.474708    5.92417e-17 
 8154.445181   6.142974e-17 
 8156.415685   5.335957e-17 
 8158.386218    5.74137e-17 
 8160.356781   5.401927e-17 
 8162.327374    5.92638e-17 
 8164.297998   5.125381e-17 
 8166.268651   5.783905e-17 
 8168.239334   4.974138e-17 
 8170.210047   6.045238e-17 
  8172.18079   5.950594e-17 
 8174.151563   5.451387e-17 
 8176.122366   5.773294e-17 
 8178.093199   5.417307e-17 
 8180.064062   4.757319e-17 
 8182.034954   4.547978e-17 
 8184.005877   6.156756e-17 
 8185.976831   5.251998e-17 
 8187.947814   4.829745e-17 
 8189.918827   4.693971e-17 
  8191.88987   4.437663e-17 
 8193.860943    5.35125e-17 
 8195.832047    4.42746e-17 
  8197.80318     4.6379e-17 
 8199.774344   5.183576e-17 
 8201.745537   5.239084e-17 
 8203.716761   4.790354e-17 
 8205.688015   6.153837e-17 
 8207.659299   5.020343e-17 
 8209.630613   5.044308e-17 
 8211.601957   5.236179e-17 
 8213.573332   5.795912e-17 
 8215.544736   6.205436e-17 
 8217.516171   5.040511e-17 
 8219.487636   4.876335e-17 
 8221.459131   4.932769e-17 
 8223.430657   5.058493e-17 
 8225.402212   4.835433e-17 
 8227.373798   4.982496e-17 
 8229.345414   5.430225e-17 
 8231.317061   4.883915e-17 
 8233.288737   5.018112e-17 
 8235.260444   4.713541e-17 
 8237.232181   5.443026e-17 
 8239.203948   5.922986e-17 
 8241.175746   5.389706e-17 
 8243.147574   6.124867e-17 
 8245.119432   6.172902e-17 
 8247.091321   5.004106e-17 
 8249.063239   5.009378e-17 
 8251.035189   5.122002e-17 
 8253.007168   4.194739e-17 
 8254.979178   4.881661e-17 
 8256.951218   4.875418e-17 
 8258.923289   4.162138e-17 
  8260.89539   5.507255e-17 
 8262.867521   4.228438e-17 
 8264.839683   5.763116e-17 
 8266.811875   4.568957e-17 
 8268.784097   5.533391e-17 
  8270.75635   5.265839e-17 
 8272.728634   4.973966e-17 
 8274.700947   5.544361e-17 
 8276.673292   3.917357e-17 
 8278.645666   4.201572e-17 
 8280.618071   4.645495e-17 
 8282.590507   4.297113e-17 
 8284.562973   3.833976e-17 
  8286.53547   5.149121e-17 
 8288.507997   4.240761e-17 
 8290.480554   4.247689e-17 
 8292.453142   3.849767e-17 
 8294.425761   4.358088e-17 
  8296.39841    4.71217e-17 
  8298.37109   4.773809e-17 
   8300.3438   4.859112e-17 
 8302.316541   4.772655e-17 
 8304.289312   4.310998e-17 
 8306.262114   5.224324e-17 
 8308.234946   4.019486e-17 
 8310.207809   3.863653e-17 
 8312.180703    4.86982e-17 
 8314.153627   4.881838e-17 
 8316.126582    4.38027e-17 
 8318.099568    4.24409e-17 
 8320.072584   5.186432e-17 
 8322.045631   4.417342e-17 
 8324.018708   4.424316e-17 
 8325.991816    5.05393e-17 
 8327.964955   5.340341e-17 
 8329.938125   5.323263e-17 
 8331.911325   4.289975e-17 
 8333.884556   4.691059e-17 
 8335.857817   4.688774e-17 
  8337.83111   4.828425e-17 
 8339.804433   4.257679e-17 
 8341.777786   4.719972e-17 
 8343.751171   3.941889e-17 
 8345.724586   5.433119e-17 
 8347.698032   4.590049e-17 
 8349.671509   5.675639e-17 
 8351.645016   4.249633e-17 
 8353.618555    4.28658e-17 
 8355.592124   5.620964e-17 
 8357.565724   5.111893e-17 
 8359.539354   4.667059e-17 
 8361.513016   5.773079e-17 
 8363.486708   4.872819e-17 
 8365.460432   4.089093e-17 
 8367.434186   4.290512e-17 
 8369.407971   5.285465e-17 
 8371.381786   4.002176e-17 
 8373.355633   4.671011e-17 
 8375.329511   4.709029e-17 
 8377.303419   5.068422e-17 
 8379.277358   4.564549e-17 
 8381.251329   4.896545e-17 
  8383.22533   5.278948e-17 
 8385.199362   5.287736e-17 
 8387.173425   4.300518e-17 
 8389.147519   5.674226e-17 
 8391.121644   4.700116e-17 
   8393.0958   5.084513e-17 
 8395.069987   5.063565e-17 
 8397.044204   5.160849e-17 
 8399.018453    5.62318e-17 
 8400.992733    4.75212e-17 
 8402.967044   4.685275e-17 
 8404.941386   5.013306e-17 
 8406.915759   4.499631e-17 
 8408.890162   5.240035e-17 
 8410.864597   4.653694e-17 
 8412.839063   5.401693e-17 
  8414.81356   5.605409e-17 
 8416.788089   5.250008e-17 
 8418.762648   5.344036e-17 
 8420.737238   5.359181e-17 
 8422.711859   5.259935e-17 
 8424.686512   5.577945e-17 
 8426.661196   5.610457e-17 
  8428.63591   5.067386e-17 
 8430.610656   5.510378e-17 
 8432.585433    5.65006e-17 
 8434.560241   5.071558e-17 
  8436.53508   4.460714e-17 
 8438.509951   4.714358e-17 
 8440.484853   4.114028e-17 
 8442.459785   5.005923e-17 
 8444.434749   5.154221e-17 
 8446.409745   5.332923e-17 
 8448.384771   4.983506e-17 
 8450.359829   4.308839e-17 
 8452.334917   6.072683e-17 
 8454.310038   5.048289e-17 
 8456.285189   4.905705e-17 
 8458.260371   5.722495e-17 
 8460.235585   5.340409e-17 
  8462.21083   4.414817e-17 
 8464.186107   6.025725e-17 
 8466.161414   5.145808e-17 
 8468.136753   5.058602e-17 
 8470.112124   4.729404e-17 
 8472.087525   4.667902e-17 
 8474.062958   5.917423e-17 
 8476.038423   5.414919e-17 
 8478.013918    4.74059e-17 
 8479.989445   3.826935e-17 
 8481.965003   5.242808e-17 
 8483.940593   6.070185e-17 
 8485.916214   4.676624e-17 
 8487.891867   5.467213e-17 
  8489.86755   4.451805e-17 
 8491.843266   5.155607e-17 
 8493.819012   5.153208e-17 
  8495.79479   4.270711e-17 
   8497.7706   4.986645e-17 
 8499.746441   5.225642e-17 
 8501.722313   1.371158e-16 
 8503.698217   1.083294e-18 
 8505.674152   4.688756e-20 
 8507.650119  -1.076871e-18 
 8509.626117  -4.316579e-19 
 8511.602147    1.15269e-18 
 8513.578208  -8.373298e-19 
 8515.554301  -1.139314e-18 
 8517.530425   1.132237e-18 
 8519.506581  -1.035769e-19 
 8521.482769   2.219432e-18 
 8523.458987   7.740641e-19 
 8525.435238   2.610856e-19 
  8527.41152    2.55807e-18 
 8529.387833   5.372351e-19 
 8531.364179   1.115167e-18 
 8533.340555  -2.832482e-18 
 8535.316964  -1.033876e-18 
 8537.293404  -1.126024e-19 
