# STATUS =
# OBJECT = 2017egm
# TELESCOPE = MMT
# INSTRUMENT = MMT-Blue
# DATE-OBS = 2018-01-26 00:00:00.00
# MJD = 58144.0
# EXPTIME = --
# AIRMASS = --
# SLIT = --
# DISPERSER = --
# SOURCE = 2018arXiv180800510N
# FILTER =
# RESOLUTION =
# FLUX_STANDARD =
# EXTINCTION_CORRECTED = None
# PHOTOMETRY_CALIBRATED =
# TELLURIC_CORRECTED =
# FLUX_UNITS = erg cm(-2) sec(-1) Ang(-1)
# WAVE_UNITS = Angstrom
# QUALITY = High
# MIN_WAVE = 3350.0
# MAX_WAVE = 8399.9999999999
# COMMENT = --
       Wavelength          Flux 
 3351.94455140547  8.756838e-17 
 3353.88910281094  1.117417e-16 
  3355.8336542164  8.714143e-17 
 3357.77820562187  7.136284e-17 
 3359.72275702734   1.04522e-16 
 3361.66730843281  1.247547e-16 
 3363.61185983827   1.15284e-16 
 3365.55641124374  1.067597e-16 
 3367.50096264921  1.061883e-16 
 3369.44551405468  1.153816e-16 
 3371.39006546015  1.276147e-16 
 3373.33461686561  1.216715e-16 
 3375.27916827108  1.179115e-16 
 3377.22371967655  1.199855e-16 
 3379.16827108202  1.505386e-16 
 3381.11282248749  1.502723e-16 
 3383.05737389295  1.399655e-16 
 3385.00192529842  1.364989e-16 
 3386.94647670389  2.032312e-16 
 3388.89102810936  2.318489e-16 
 3390.83557951482  1.773289e-16 
 3392.78013092029  1.624753e-16 
 3394.72468232576  1.642261e-16 
 3396.66923373123  1.561831e-16 
  3398.6137851367  1.620065e-16 
 3400.55833654216  2.319972e-16 
 3402.50288794763  2.452328e-16 
  3404.4474393531  2.848163e-16 
 3406.39199075857  2.688369e-16 
 3408.33654216403  2.688526e-16 
  3410.2810935695  2.348396e-16 
 3412.22564497497  2.284916e-16 
 3414.17019638044  2.036995e-16 
 3416.11474778591  2.446964e-16 
 3418.05929919137  1.526562e-16 
 3420.00385059684  1.212087e-16 
 3421.94840200231  2.144311e-16 
 3423.89295340778  2.277908e-16 
 3425.83750481324  1.590742e-16 
 3427.78205621871  1.227348e-16 
 3429.72660762418  1.870155e-16 
 3431.67115902965  2.341992e-16 
 3433.61571043512  1.893743e-16 
 3435.56026184058  1.996589e-16 
 3437.50481324605  2.176434e-16 
 3439.44936465152  1.963307e-16 
 3441.39391605699   1.91662e-16 
 3443.33846746245  1.895418e-16 
 3445.28301886792  1.843107e-16 
 3447.22757027339  2.489974e-16 
 3449.17212167886  1.924765e-16 
 3451.11667308433  2.406607e-16 
 3453.06122448979  2.698164e-16 
 3455.00577589526  2.522395e-16 
 3456.95032730073  2.638272e-16 
  3458.8948787062  2.818847e-16 
 3460.83943011166  2.455201e-16 
 3462.78398151713  2.317852e-16 
  3464.7285329226   2.14186e-16 
 3466.67308432807   1.40654e-16 
 3468.61763573354  1.476548e-16 
   3470.562187139  1.964832e-16 
 3472.50673854447  1.729697e-16 
 3474.45128994994  1.511187e-16 
 3476.39584135541  1.917017e-16 
 3478.34039276088  2.195778e-16 
 3480.28494416634  1.819434e-16 
 3482.22949557181  1.766648e-16 
 3484.17404697728  1.551043e-16 
 3486.11859838275  1.592328e-16 
 3488.06314978821  1.699485e-16 
 3490.00770119368  1.590732e-16 
 3491.95225259915  1.474643e-16 
 3493.89680400462  1.193111e-16 
 3495.84135541009  1.639378e-16 
 3497.78590681555  1.647016e-16 
 3499.73045822102  1.370461e-16 
 3501.67500962649  1.227683e-16 
 3503.61956103196  1.505426e-16 
 3505.56411243742  1.304613e-16 
 3507.50866384289  1.223234e-16 
 3509.45321524836  1.596358e-16 
 3511.39776665383  1.434514e-16 
  3513.3423180593  1.207725e-16 
 3515.28686946476   1.33212e-16 
 3517.23142087023  1.319302e-16 
  3519.1759722757  1.122684e-16 
 3521.12052368117   1.09533e-16 
 3523.06507508663  1.136956e-16 
  3525.0096264921  1.043934e-16 
 3526.95417789757  1.009686e-16 
 3528.89872930304  1.127102e-16 
 3530.84328070851  1.249788e-16 
 3532.78783211397  1.235106e-16 
 3534.73238351944  1.351294e-16 
 3536.67693492491  1.309914e-16 
 3538.62148633038  1.132707e-16 
 3540.56603773584  1.274752e-16 
 3542.51058914131  1.198704e-16 
 3544.45514054678  1.294459e-16 
 3546.39969195225  1.181084e-16 
 3548.34424335772   1.00833e-16 
 3550.28879476318  1.130436e-16 
 3552.23334616865  1.165834e-16 
 3554.17789757412  9.479443e-17 
 3556.12244897959  9.754834e-17 
 3558.06700038506  1.008473e-16 
 3560.01155179052  9.950072e-17 
 3561.95610319599  1.029876e-16 
 3563.90065460146  1.002633e-16 
 3565.84520600693  9.784753e-17 
 3567.78975741239   8.89638e-17 
 3569.73430881786  8.295534e-17 
 3571.67886022333   8.32097e-17 
  3573.6234116288  9.748018e-17 
 3575.56796303426  1.032325e-16 
 3577.51251443973  8.629185e-17 
  3579.4570658452  8.987476e-17 
 3581.40161725067  9.608216e-17 
 3583.34616865614  8.720945e-17 
  3585.2907200616  7.199022e-17 
 3587.23527146707  8.341103e-17 
 3589.17982287254  9.995999e-17 
 3591.12437427801  1.028301e-16 
 3593.06892568348  1.045474e-16 
 3595.01347708894  9.934859e-17 
 3596.95802849441  9.435639e-17 
 3598.90257989988  1.054649e-16 
 3600.84713130535  7.304584e-17 
 3602.79168271081  8.875431e-17 
 3604.73623411628  9.270779e-17 
 3606.68078552175  9.863328e-17 
 3608.62533692722  1.043787e-16 
 3610.56988833269  9.892221e-17 
 3612.51443973815  1.180484e-16 
 3614.45899114362  1.113657e-16 
 3616.40354254909  9.200542e-17 
 3618.34809395456  1.078208e-16 
 3620.29264536002  9.561982e-17 
 3622.23719676549  8.845517e-17 
 3624.18174817096   1.02658e-16 
 3626.12629957643  1.027186e-16 
  3628.0708509819  9.218334e-17 
 3630.01540238736  1.038343e-16 
 3631.95995379283  1.036289e-16 
  3633.9045051983  1.122692e-16 
 3635.84905660377  1.298539e-16 
 3637.79360800923  1.187404e-16 
  3639.7381594147  1.087916e-16 
 3641.68271082017  1.055655e-16 
 3643.62726222564  9.945961e-17 
 3645.57181363111  1.049933e-16 
 3647.51636503657   1.14565e-16 
 3649.46091644204  1.049756e-16 
 3651.40546784751  9.749004e-17 
 3653.35001925298  9.700113e-17 
 3655.29457065845  9.713328e-17 
 3657.23912206391   1.10049e-16 
 3659.18367346938  1.130415e-16 
 3661.12822487485  1.079486e-16 
 3663.07277628032  1.050039e-16 
 3665.01732768578  1.233085e-16 
 3666.96187909125  1.214885e-16 
 3668.90643049672  1.135299e-16 
 3670.85098190219  1.097866e-16 
 3672.79553330766  1.218668e-16 
 3674.74008471312   1.23943e-16 
 3676.68463611859  1.079349e-16 
 3678.62918752406  1.117558e-16 
 3680.57373892953   1.16298e-16 
 3682.51829033499  1.261077e-16 
 3684.46284174046  1.220094e-16 
 3686.40739314593  1.127809e-16 
  3688.3519445514  1.201098e-16 
 3690.29649595687  1.373125e-16 
 3692.24104736233  1.429769e-16 
  3694.1855987678  1.323701e-16 
 3696.13015017327  1.134019e-16 
 3698.07470157874  1.001525e-16 
  3700.0192529842  1.080477e-16 
 3701.96380438967  1.210841e-16 
 3703.90835579514  1.140299e-16 
 3705.85290720061  1.304322e-16 
 3707.79745860608  1.205228e-16 
 3709.74201001154  1.216495e-16 
 3711.68656141701  1.309425e-16 
 3713.63111282248    1.1914e-16 
 3715.57566422795  1.055704e-16 
 3717.52021563342  1.240799e-16 
 3719.46476703888  1.244533e-16 
 3721.40931844435  1.106611e-16 
 3723.35386984982  1.150589e-16 
 3725.29842125529  1.298782e-16 
 3727.24297266075  1.240893e-16 
 3729.18752406622  1.190364e-16 
 3731.13207547169  1.174164e-16 
 3733.07662687716  1.107782e-16 
 3735.02117828262    1.1094e-16 
 3736.96572968809  9.522632e-17 
 3738.91028109356  9.733931e-17 
 3740.85483249903  1.089401e-16 
  3742.7993839045  1.130421e-16 
 3744.74393530996    1.0453e-16 
 3746.68848671543  1.120533e-16 
  3748.6330381209   1.18489e-16 
 3750.57758952637   1.11909e-16 
 3752.52214093183   1.03987e-16 
  3754.4666923373  1.028803e-16 
 3756.41124374277  1.147765e-16 
 3758.35579514824  1.207337e-16 
 3760.30034655371  1.072525e-16 
 3762.24489795917  1.071272e-16 
 3764.18944936464  1.169838e-16 
 3766.13400077011  1.203365e-16 
 3768.07855217558  1.203071e-16 
 3770.02310358105  1.150766e-16 
 3771.96765498651  1.070052e-16 
 3773.91220639198  9.492309e-17 
 3775.85675779745  1.074146e-16 
 3777.80130920292  1.218233e-16 
 3779.74586060839  1.262865e-16 
 3781.69041201385  1.113565e-16 
 3783.63496341932  1.066193e-16 
 3785.57951482479  1.011798e-16 
 3787.52406623026  1.121139e-16 
 3789.46861763572  1.122774e-16 
 3791.41316904119   1.09902e-16 
 3793.35772044666  1.140332e-16 
 3795.30227185213  1.248265e-16 
  3797.2468232576  1.242448e-16 
 3799.19137466306  1.204495e-16 
 3801.13592606853   1.30663e-16 
   3803.080477474  1.269201e-16 
 3805.02502887947  1.329716e-16 
 3806.96958028493  1.207883e-16 
  3808.9141316904  1.202034e-16 
 3810.85868309587  1.191808e-16 
 3812.80323450134  1.311322e-16 
  3814.7477859068  1.138966e-16 
 3816.69233731227  1.049322e-16 
 3818.63688871774  1.181594e-16 
 3820.58144012321  1.225834e-16 
 3822.52599152868  1.297708e-16 
 3824.47054293414  1.298431e-16 
 3826.41509433961  1.215992e-16 
 3828.35964574508  1.274444e-16 
 3830.30419715055  1.249038e-16 
 3832.24874855602  1.323711e-16 
 3834.19329996148  1.230413e-16 
 3836.13785136695   1.22228e-16 
 3838.08240277242  1.538004e-16 
 3840.02695417789  1.714796e-16 
 3841.97150558335  2.045258e-16 
 3843.91605698882   1.81939e-16 
 3845.86060839429  1.536883e-16 
 3847.80515979976  1.397174e-16 
 3849.74971120522  1.317929e-16 
 3851.69426261069  1.271282e-16 
 3853.63881401616  1.143978e-16 
 3855.58336542163  1.202523e-16 
  3857.5279168271  1.143366e-16 
 3859.47246823256  1.160847e-16 
 3861.41701963803   1.16566e-16 
  3863.3615710435  1.101947e-16 
 3865.30612244897   1.15319e-16 
 3867.25067385444  1.027327e-16 
  3869.1952252599  9.752513e-17 
 3871.13977666537   1.01777e-16 
 3873.08432807084  9.910948e-17 
 3875.02887947631  9.440353e-17 
 3876.97343088177  9.809405e-17 
 3878.91798228724  9.766105e-17 
 3880.86253369271  1.013032e-16 
 3882.80708509818  9.865358e-17 
 3884.75163650365  9.341502e-17 
 3886.69618790911  8.723489e-17 
 3888.64073931458  8.443477e-17 
 3890.58529072005  9.184734e-17 
 3892.52984212552  9.481701e-17 
 3894.47439353099  9.248974e-17 
 3896.41894493645  9.145911e-17 
 3898.36349634192  8.946255e-17 
 3900.30804774739  8.363519e-17 
 3902.25259915286  7.837728e-17 
 3904.19715055832  8.070127e-17 
 3906.14170196379  8.017595e-17 
 3908.08625336926  8.043047e-17 
 3910.03080477473  8.791213e-17 
 3911.97535618019  8.429997e-17 
 3913.91990758566  8.337435e-17 
 3915.86445899113  6.888771e-17 
  3917.8090103966  7.129436e-17 
 3919.75356180207  7.068187e-17 
 3921.69811320753  6.483874e-17 
   3923.642664613  6.616891e-17 
 3925.58721601847  7.556153e-17 
 3927.53176742394  8.421963e-17 
 3929.47631882941  8.678048e-17 
 3931.42087023487  8.478494e-17 
 3933.36542164034  7.983027e-17 
 3935.30997304581  7.827082e-17 
 3937.25452445128  8.256436e-17 
 3939.19907585674  8.111334e-17 
 3941.14362726221  7.642956e-17 
 3943.08817866768  7.957499e-17 
 3945.03273007315  8.412396e-17 
 3946.97728147862  7.923886e-17 
 3948.92183288408  7.431071e-17 
 3950.86638428955  7.165993e-17 
 3952.81093569502  6.899365e-17 
 3954.75548710049  7.070068e-17 
 3956.70003850595  7.800528e-17 
 3958.64458991142  7.982993e-17 
 3960.58914131689  8.801921e-17 
 3962.53369272236  9.929354e-17 
 3964.47824412783  8.585906e-17 
 3966.42279553329   9.08961e-17 
 3968.36734693876  9.267196e-17 
 3970.31189834423  9.974045e-17 
  3972.2564497497  1.053493e-16 
 3974.20100115516   9.87941e-17 
 3976.14555256063  1.024702e-16 
  3978.0901039661  1.019672e-16 
 3980.03465537157  9.681944e-17 
 3981.97920677704  9.463222e-17 
  3983.9237581825  1.021804e-16 
 3985.86830958797  1.046673e-16 
 3987.81286099344  1.094833e-16 
 3989.75741239891  1.174172e-16 
 3991.70196380437  1.182613e-16 
 3993.64651520984  1.122245e-16 
 3995.59106661531   1.16036e-16 
 3997.53561802078  1.211305e-16 
 3999.48016942625  1.133322e-16 
 4001.42472083171  1.132985e-16 
 4003.36927223718  1.232918e-16 
 4005.31382364265  1.172224e-16 
 4007.25837504812  1.314345e-16 
 4009.20292645358  1.271972e-16 
 4011.14747785905  1.252559e-16 
 4013.09202926452   1.27903e-16 
 4015.03658066999  1.208743e-16 
 4016.98113207546  1.165001e-16 
 4018.92568348092  1.246462e-16 
 4020.87023488639  1.255836e-16 
 4022.81478629186  1.286262e-16 
 4024.75933769733  1.367407e-16 
 4026.70388910279  1.438063e-16 
 4028.64844050826  1.394019e-16 
 4030.59299191373  1.588199e-16 
  4032.5375433192  1.643716e-16 
 4034.48209472467  1.632358e-16 
 4036.42664613013  1.552737e-16 
  4038.3711975356  1.513183e-16 
 4040.31574894107  1.653945e-16 
 4042.26030034654  1.705732e-16 
 4044.20485175201  1.781138e-16 
 4046.14940315747  1.899709e-16 
 4048.09395456294  1.799149e-16 
 4050.03850596841  1.752626e-16 
 4051.98305737388  1.937382e-16 
 4053.92760877935  1.883564e-16 
 4055.87216018481  1.880608e-16 
 4057.81671159028  1.846536e-16 
 4059.76126299575  1.921821e-16 
 4061.70581440122  2.082041e-16 
 4063.65036580668  1.921372e-16 
 4065.59491721215  1.982996e-16 
 4067.53946861762  2.051938e-16 
 4069.48402002309  2.076184e-16 
 4071.42857142855  2.013984e-16 
 4073.37312283402  2.057583e-16 
 4075.31767423949  2.080419e-16 
 4077.26222564496  2.103606e-16 
 4079.20677705043  2.066091e-16 
 4081.15132845589  2.136085e-16 
 4083.09587986136  2.351128e-16 
 4085.04043126683    2.2528e-16 
  4086.9849826723  2.095599e-16 
 4088.92953407777  2.033478e-16 
 4090.87408548323  2.140423e-16 
  4092.8186368887  2.186121e-16 
 4094.76318829417  2.142306e-16 
 4096.70773969964  2.197211e-16 
  4098.6522911051  2.238686e-16 
 4100.59684251057  2.229982e-16 
 4102.54139391604  2.145493e-16 
 4104.48594532151   2.20244e-16 
 4106.43049672698  2.279988e-16 
 4108.37504813244  2.331122e-16 
 4110.31959953791  2.291393e-16 
 4112.26415094338  2.278476e-16 
 4114.20870234885   2.20227e-16 
 4116.15325375431   2.09603e-16 
 4118.09780515978  2.126336e-16 
 4120.04235656525  2.175144e-16 
 4121.98690797072  2.199482e-16 
 4123.93145937619  2.248662e-16 
 4125.87601078165  2.251198e-16 
 4127.82056218712  2.171961e-16 
 4129.76511359259  2.087801e-16 
 4131.70966499806  2.132661e-16 
 4133.65421640352  2.198903e-16 
 4135.59876780899  2.151001e-16 
 4137.54331921446  2.268321e-16 
 4139.48787061993  2.207785e-16 
  4141.4324220254  2.159518e-16 
 4143.37697343086  2.192217e-16 
 4145.32152483633   2.19897e-16 
  4147.2660762418  2.087464e-16 
 4149.21062764727  2.076263e-16 
 4151.15517905273  2.104631e-16 
  4153.0997304582  2.160025e-16 
 4155.04428186367  2.085788e-16 
 4156.98883326914  2.052674e-16 
 4158.93338467461  2.143439e-16 
 4160.87793608007  2.024582e-16 
 4162.82248748554  2.054449e-16 
 4164.76703889101  2.224945e-16 
 4166.71159029648  2.215566e-16 
 4168.65614170195   2.10371e-16 
 4170.60069310741  1.981096e-16 
 4172.54524451288  1.927886e-16 
 4174.48979591835  1.986875e-16 
 4176.43434732381  2.030692e-16 
 4178.37889872928  1.976427e-16 
 4180.32345013475  1.947218e-16 
 4182.26800154022  1.942975e-16 
 4184.21255294569  1.867309e-16 
 4186.15710435115  1.819148e-16 
 4188.10165575662  1.845064e-16 
 4190.04620716209  1.920375e-16 
 4191.99075856756  1.835065e-16 
 4193.93530997303  1.757055e-16 
 4195.87986137849  1.734069e-16 
 4197.82441278396  1.672948e-16 
 4199.76896418943  1.741618e-16 
  4201.7135155949  1.813281e-16 
 4203.65806700037  1.794403e-16 
 4205.60261840583  1.712932e-16 
  4207.5471698113  1.807824e-16 
 4209.49172121677  1.790403e-16 
 4211.43627262224  1.748403e-16 
  4213.3808240277  1.567708e-16 
 4215.32537543317  1.525582e-16 
 4217.26992683864  1.617929e-16 
 4219.21447824411  1.643363e-16 
 4221.15902964958  1.563051e-16 
 4223.10358105504  1.479141e-16 
 4225.04813246051  1.558561e-16 
 4226.99268386598  1.546835e-16 
 4228.93723527145  1.410909e-16 
 4230.88178667692  1.324436e-16 
 4232.82633808238  1.353536e-16 
 4234.77088948785  1.372892e-16 
 4236.71544089332  1.367408e-16 
 4238.65999229879  1.383429e-16 
 4240.60454370425  1.268211e-16 
 4242.54909510972  1.351018e-16 
 4244.49364651519  1.415545e-16 
 4246.43819792066  1.388202e-16 
 4248.38274932613  1.352337e-16 
 4250.32730073159   1.24639e-16 
 4252.27185213706     1.316e-16 
 4254.21640354253  1.192548e-16 
   4256.160954948  1.300761e-16 
 4258.10550635346   1.41759e-16 
 4260.05005775893  1.488062e-16 
  4261.9946091644  1.512102e-16 
 4263.93916056987  1.339892e-16 
 4265.88371197534  1.293368e-16 
  4267.8282633808  1.305123e-16 
 4269.77281478627  1.352103e-16 
 4271.71736619174   1.25726e-16 
 4273.66191759721  1.247114e-16 
 4275.60646900268  1.272643e-16 
 4277.55102040814  1.305318e-16 
 4279.49557181361  1.270601e-16 
 4281.44012321908  1.302443e-16 
 4283.38467462454  1.319429e-16 
 4285.32922603001  1.269534e-16 
 4287.27377743548  1.209684e-16 
 4289.21832884095  1.176758e-16 
 4291.16288024642  1.092701e-16 
 4293.10743165188  1.244653e-16 
 4295.05198305735  1.220574e-16 
 4296.99653446282  1.144954e-16 
 4298.94108586829  1.162812e-16 
 4300.88563727376  1.149327e-16 
 4302.83018867922  1.118557e-16 
 4304.77474008469  1.130704e-16 
 4306.71929149016  1.240447e-16 
 4308.66384289563  1.191378e-16 
 4310.60839430109  1.139617e-16 
 4312.55294570656  1.150623e-16 
 4314.49749711203  1.172984e-16 
  4316.4420485175  1.271479e-16 
 4318.38659992297  1.196831e-16 
 4320.33115132843  1.201007e-16 
  4322.2757027339  1.172182e-16 
 4324.22025413937  1.272483e-16 
 4326.16480554484  1.226953e-16 
 4328.10935695031  1.126045e-16 
 4330.05390835577  1.195026e-16 
 4331.99845976124  1.205721e-16 
 4333.94301116671  1.181029e-16 
 4335.88756257218  1.251588e-16 
 4337.83211397764  1.215323e-16 
 4339.77666538311  1.130288e-16 
 4341.72121678858  1.154146e-16 
 4343.66576819405  1.200406e-16 
 4345.61031959951  1.219859e-16 
 4347.55487100498  1.292289e-16 
 4349.49942241045   1.31208e-16 
 4351.44397381592  1.358287e-16 
 4353.38852522139  1.216439e-16 
 4355.33307662685  1.203182e-16 
 4357.27762803232  1.190949e-16 
 4359.22217943779  1.141817e-16 
 4361.16673084326   1.17701e-16 
 4363.11128224873  1.227237e-16 
 4365.05583365419  1.283734e-16 
 4367.00038505966  1.302365e-16 
 4368.94493646513   1.25979e-16 
  4370.8894878706  1.157816e-16 
 4372.83403927606  1.189223e-16 
 4374.77859068153   1.23699e-16 
   4376.723142087  1.266428e-16 
 4378.66769349247  1.227686e-16 
 4380.61224489794  1.270623e-16 
  4382.5567963034  1.252038e-16 
 4384.50134770887  1.299937e-16 
 4386.44589911434  1.327378e-16 
 4388.39045051981   1.25179e-16 
 4390.33500192527  1.245884e-16 
 4392.27955333074  1.294424e-16 
 4394.22410473621  1.259434e-16 
 4396.16865614168   1.22844e-16 
 4398.11320754715  1.235762e-16 
 4400.05775895261  1.159752e-16 
 4402.00231035808   1.14342e-16 
 4403.94686176355  1.198574e-16 
 4405.89141316902  1.243426e-16 
 4407.83596457449  1.278281e-16 
 4409.78051597995  1.196952e-16 
 4411.72506738542  1.167635e-16 
 4413.66961879089  1.194793e-16 
 4415.61417019636  1.242069e-16 
 4417.55872160182  1.340174e-16 
 4419.50327300729  1.359277e-16 
 4421.44782441276  1.376763e-16 
 4423.39237581823  1.295381e-16 
  4425.3369272237  1.254208e-16 
 4427.28147862916  1.216308e-16 
 4429.22603003463  1.279664e-16 
  4431.1705814401  1.370096e-16 
 4433.11513284557  1.281303e-16 
 4435.05968425103  1.313462e-16 
  4437.0042356565  1.303309e-16 
 4438.94878706197   1.20278e-16 
 4440.89333846744  1.174393e-16 
  4442.8378898729  1.230693e-16 
 4444.78244127837  1.295818e-16 
 4446.72699268384  1.281776e-16 
 4448.67154408931  1.248795e-16 
 4450.61609549478  1.248136e-16 
 4452.56064690024  1.168831e-16 
 4454.50519830571  1.298057e-16 
 4456.44974971118    1.2607e-16 
 4458.39430111665  1.212288e-16 
 4460.33885252212    1.1199e-16 
 4462.28340392758   1.23364e-16 
 4464.22795533305  1.243233e-16 
 4466.17250673852  1.182619e-16 
 4468.11705814399  1.239434e-16 
 4470.06160954945  1.441686e-16 
 4472.00616095492  1.587674e-16 
 4473.95071236039  1.505809e-16 
 4475.89526376586  1.367984e-16 
 4477.83981517133   1.22243e-16 
 4479.78436657679  1.154053e-16 
 4481.72891798226  1.130252e-16 
 4483.67346938773  1.208379e-16 
  4485.6180207932   1.26475e-16 
 4487.56257219866  1.234873e-16 
 4489.50712360413  1.254238e-16 
  4491.4516750096  1.201328e-16 
 4493.39622641507  1.195171e-16 
 4495.34077782054  1.238362e-16 
   4497.285329226   1.22104e-16 
 4499.22988063147  1.208482e-16 
 4501.17443203694  1.236994e-16 
 4503.11898344241  1.152085e-16 
 4505.06353484788  1.287726e-16 
 4507.00808625334  1.218582e-16 
 4508.95263765881   1.22847e-16 
 4510.89718906428  1.177552e-16 
 4512.84174046975  1.220995e-16 
 4514.78629187521  1.197814e-16 
 4516.73084328068  1.153163e-16 
 4518.67539468615  1.165817e-16 
 4520.61994609162  1.113502e-16 
 4522.56449749708  1.060295e-16 
 4524.50904890255  1.170266e-16 
 4526.45360030802  1.246773e-16 
 4528.39815171349   1.16108e-16 
 4530.34270311896  1.130941e-16 
 4532.28725452443  1.119154e-16 
 4534.23180592989  1.154835e-16 
 4536.17635733536   1.19192e-16 
 4538.12090874083  1.185759e-16 
  4540.0654601463  1.174995e-16 
 4542.01001155176   1.08518e-16 
 4543.95456295723   1.17228e-16 
  4545.8991143627  1.129535e-16 
 4547.84366576817  1.225579e-16 
 4549.78821717363  1.182531e-16 
  4551.7327685791   1.13072e-16 
 4553.67731998457  1.028565e-16 
 4555.62187139004  9.797367e-17 
 4557.56642279551  1.084607e-16 
 4559.51097420097  1.176696e-16 
 4561.45552560644  1.185452e-16 
 4563.40007701191  1.264817e-16 
 4565.34462841738  1.152605e-16 
 4567.28917982285  9.575269e-17 
 4569.23373122831  1.024476e-16 
 4571.17828263378  1.097712e-16 
 4573.12283403925  1.153482e-16 
 4575.06738544472  1.127434e-16 
 4577.01193685018  1.141496e-16 
 4578.95648825565  1.166654e-16 
 4580.90103966112  1.067051e-16 
 4582.84559106659  1.063302e-16 
 4584.79014247205  1.052999e-16 
 4586.73469387752  1.141242e-16 
 4588.67924528299  1.129982e-16 
 4590.62379668846  1.163391e-16 
 4592.56834809393  1.194304e-16 
 4594.51289949939  1.159064e-16 
 4596.45745090486  1.283889e-16 
 4598.40200231033  1.224821e-16 
  4600.3465537158  1.158321e-16 
 4602.29110512127  1.160614e-16 
 4604.23565652673  1.158665e-16 
  4606.1802079322  1.169545e-16 
 4608.12475933767  1.193587e-16 
 4610.06931074314  1.174394e-16 
  4612.0138621486  1.169917e-16 
 4613.95841355407  1.208383e-16 
 4615.90296495954  1.344798e-16 
 4617.84751636501  1.356355e-16 
 4619.79206777048  1.269741e-16 
 4621.73661917594  1.302253e-16 
 4623.68117058141  1.341356e-16 
 4625.62572198688  1.319176e-16 
 4627.57027339235  1.326563e-16 
 4629.51482479781  1.364716e-16 
 4631.45937620328  1.394196e-16 
 4633.40392760875   1.32098e-16 
 4635.34847901422   1.33348e-16 
 4637.29303041969  1.465867e-16 
 4639.23758182515   1.51645e-16 
 4641.18213323062  1.378025e-16 
 4643.12668463609  1.352542e-16 
 4645.07123604156   1.44903e-16 
 4647.01578744702  1.447199e-16 
 4648.96033885249   1.49258e-16 
 4650.90489025796  1.522453e-16 
 4652.84944166343  1.512951e-16 
  4654.7939930689  1.449631e-16 
 4656.73854447436  1.504856e-16 
 4658.68309587983  1.471373e-16 
  4660.6276472853  1.487926e-16 
 4662.57219869077   1.56857e-16 
 4664.51675009624  1.657104e-16 
  4666.4613015017  1.728637e-16 
 4668.40585290717  1.683376e-16 
 4670.35040431264  1.613695e-16 
  4672.2949557181  1.656021e-16 
 4674.23950712357  1.636439e-16 
 4676.18405852904   1.66418e-16 
 4678.12860993451  1.629842e-16 
 4680.07316133998  1.652789e-16 
 4682.01771274544  1.762034e-16 
 4683.96226415091  1.798975e-16 
 4685.90681555638  1.708892e-16 
 4687.85136696185  1.714328e-16 
 4689.79591836732   1.79043e-16 
 4691.74046977278  1.803883e-16 
 4693.68502117825  1.835112e-16 
 4695.62957258372   1.77201e-16 
 4697.57412398919  1.700278e-16 
 4699.51867539465   1.73187e-16 
 4701.46322680012  1.874169e-16 
 4703.40777820559  1.953717e-16 
 4705.35232961106  1.867463e-16 
 4707.29688101653  1.840688e-16 
 4709.24143242199  1.855777e-16 
 4711.18598382746  1.889332e-16 
 4713.13053523293  1.909968e-16 
  4715.0750866384  1.880895e-16 
 4717.01963804387  1.896635e-16 
 4718.96418944933  1.971423e-16 
  4720.9087408548  1.930458e-16 
 4722.85329226027   1.89636e-16 
 4724.79784366574  1.928277e-16 
  4726.7423950712  1.910794e-16 
 4728.68694647667  1.960688e-16 
 4730.63149788214  1.932605e-16 
 4732.57604928761  1.920832e-16 
 4734.52060069308  1.911991e-16 
 4736.46515209854  1.888922e-16 
 4738.40970350401  1.878929e-16 
 4740.35425490948   1.92404e-16 
 4742.29880631495  1.931547e-16 
 4744.24335772041   1.97732e-16 
 4746.18790912588  1.998922e-16 
 4748.13246053135  1.978955e-16 
 4750.07701193682  1.904319e-16 
 4752.02156334229  1.874293e-16 
 4753.96611474775  1.902013e-16 
 4755.91066615322  1.913883e-16 
 4757.85521755869  1.927634e-16 
 4759.79976896416  1.891935e-16 
 4761.74432036962   1.85661e-16 
 4763.68887177509  1.883031e-16 
 4765.63342318056  1.964625e-16 
 4767.57797458603  1.847311e-16 
  4769.5225259915  1.825804e-16 
 4771.46707739696  1.906964e-16 
 4773.41162880243  1.947041e-16 
  4775.3561802079  1.751854e-16 
 4777.30073161337  1.759835e-16 
 4779.24528301883  1.760033e-16 
  4781.1898344243  1.823798e-16 
 4783.13438582977  1.802799e-16 
 4785.07893723524  1.877157e-16 
 4787.02348864071  1.822431e-16 
 4788.96804004617  1.728338e-16 
 4790.91259145164  1.713255e-16 
 4792.85714285711  1.751488e-16 
 4794.80169426258  1.772336e-16 
 4796.74624566805  1.702969e-16 
 4798.69079707351  1.699383e-16 
 4800.63534847898  1.731767e-16 
 4802.57989988445  1.654495e-16 
 4804.52445128992  1.678157e-16 
 4806.46900269538  1.731796e-16 
 4808.41355410085   1.66002e-16 
 4810.35810550632  1.526756e-16 
 4812.30265691179  1.508955e-16 
 4814.24720831726  1.482277e-16 
 4816.19175972272  1.591096e-16 
 4818.13631112819  1.547246e-16 
 4820.08086253366  1.499317e-16 
 4822.02541393913  1.393016e-16 
  4823.9699653446  1.401301e-16 
 4825.91451675006  1.464806e-16 
 4827.85906815553  1.473842e-16 
   4829.803619561  1.484775e-16 
 4831.74817096647  1.444852e-16 
 4833.69272237193  1.396516e-16 
  4835.6372737774  1.359612e-16 
 4837.58182518287  1.345385e-16 
 4839.52637658834  1.417579e-16 
 4841.47092799381  1.335668e-16 
 4843.41547939927  1.329634e-16 
 4845.36003080474  1.463906e-16 
 4847.30458221021  1.528667e-16 
 4849.24913361568  1.391917e-16 
 4851.19368502114   1.36188e-16 
 4853.13823642661  1.378911e-16 
 4855.08278783208   1.39656e-16 
 4857.02733923755  1.427104e-16 
 4858.97189064301  1.339557e-16 
 4860.91644204848   1.28688e-16 
 4862.86099345395  1.301043e-16 
 4864.80554485942  1.330052e-16 
 4866.75009626489  1.346044e-16 
 4868.69464767035  1.261967e-16 
 4870.63919907582  1.243608e-16 
 4872.58375048129   1.26059e-16 
 4874.52830188676  1.231461e-16 
 4876.47285329223   1.33943e-16 
 4878.41740469769  1.374623e-16 
 4880.36195610316  1.250448e-16 
 4882.30650750863  1.222723e-16 
  4884.2510589141  1.258045e-16 
 4886.19561031956  1.296588e-16 
 4888.14016172503  1.259026e-16 
  4890.0847131305   1.19846e-16 
 4892.02926453597  1.193835e-16 
 4893.97381594144  1.280721e-16 
  4895.9183673469  1.270886e-16 
 4897.86291875237  1.205055e-16 
 4899.80747015784  1.254053e-16 
 4901.75202156331  1.265944e-16 
 4903.69657296878  1.207334e-16 
 4905.64112437424  1.244135e-16 
 4907.58567577971  1.265537e-16 
 4909.53022718518  1.179863e-16 
 4911.47477859065  1.120465e-16 
 4913.41932999611  1.070794e-16 
 4915.36388140158  1.155329e-16 
 4917.30843280705  1.139072e-16 
 4919.25298421252  1.118614e-16 
 4921.19753561799  1.191648e-16 
 4923.14208702345  1.148093e-16 
 4925.08663842892  1.140712e-16 
 4927.03118983439  1.213228e-16 
 4928.97574123986  1.198698e-16 
 4930.92029264532  1.206619e-16 
 4932.86484405079  1.178943e-16 
 4934.80939545626  1.200743e-16 
 4936.75394686173   1.13411e-16 
  4938.6984982672  1.081524e-16 
 4940.64304967266  1.143216e-16 
 4942.58760107813  1.286267e-16 
  4944.5321524836  1.217886e-16 
 4946.47670388907  1.210661e-16 
 4948.42125529453  1.210245e-16 
     4950.3658067  1.186161e-16 
 4952.31035810547  1.244246e-16 
 4954.25490951094  1.162509e-16 
  4956.1994609164  1.190299e-16 
 4958.14401232187  1.228488e-16 
 4960.08856372734  1.247681e-16 
 4962.03311513281  1.348985e-16 
 4963.97766653828  1.370079e-16 
 4965.92221794374  1.372906e-16 
 4967.86676934921  1.286019e-16 
 4969.81132075468  1.270065e-16 
 4971.75587216015  1.287523e-16 
 4973.70042356562  1.274543e-16 
 4975.64497497108  1.321002e-16 
 4977.58952637655  1.287986e-16 
 4979.53407778202  1.279548e-16 
 4981.47862918749  1.253613e-16 
 4983.42318059295  1.277613e-16 
 4985.36773199842  1.269821e-16 
 4987.31228340389  1.270061e-16 
 4989.25683480936  1.210664e-16 
 4991.20138621482  1.232052e-16 
 4993.14593762029  1.302406e-16 
 4995.09048902576  1.288878e-16 
 4997.03504043123  1.319555e-16 
  4998.9795918367  1.225567e-16 
 5000.92414324217  1.284987e-16 
 5002.86869464763  1.334101e-16 
  5004.8132460531  1.255184e-16 
 5006.75779745857   1.28171e-16 
 5008.70234886404  1.721563e-16 
  5010.6469002695  1.948215e-16 
 5012.59145167497  1.789111e-16 
 5014.53600308044  1.518853e-16 
 5016.48055448591  1.308398e-16 
 5018.42510589138  1.273279e-16 
 5020.36965729684  1.239315e-16 
 5022.31420870231  1.237984e-16 
 5024.25876010778   1.27754e-16 
 5026.20331151325  1.161196e-16 
 5028.14786291871    1.2038e-16 
 5030.09241432418   1.30988e-16 
 5032.03696572965  1.335388e-16 
 5033.98151713512  1.355995e-16 
 5035.92606854059  1.313493e-16 
 5037.87061994605  1.260944e-16 
 5039.81517135152  1.262734e-16 
 5041.75972275699  1.186162e-16 
 5043.70427416246  1.207872e-16 
 5045.64882556793  1.222077e-16 
 5047.59337697339  1.179445e-16 
 5049.53792837886  1.182939e-16 
 5051.48247978433  1.230957e-16 
  5053.4270311898  1.274656e-16 
 5055.37158259526  1.325503e-16 
 5057.31613400073   1.35204e-16 
  5059.2606854062  1.356334e-16 
 5061.20523681167  1.351006e-16 
 5063.14978821713  1.319289e-16 
  5065.0943396226  1.359399e-16 
 5067.03889102807  1.373905e-16 
 5068.98344243354  1.318304e-16 
 5070.92799383901  1.286038e-16 
 5072.87254524447  1.275579e-16 
 5074.81709664994  1.282512e-16 
 5076.76164805541  1.358352e-16 
 5078.70619946088  1.351837e-16 
 5080.65075086634  1.381456e-16 
 5082.59530227181  1.402563e-16 
 5084.53985367728  1.481094e-16 
 5086.48440508275   1.45962e-16 
 5088.42895648822  1.386304e-16 
 5090.37350789368  1.364391e-16 
 5092.31805929915  1.406246e-16 
 5094.26261070462  1.434737e-16 
 5096.20716211009  1.486941e-16 
 5098.15171351556  1.477922e-16 
 5100.09626492102  1.404642e-16 
 5102.04081632649  1.432735e-16 
 5103.98536773196  1.464972e-16 
 5105.92991913743  1.528311e-16 
  5107.8744705429  1.500027e-16 
 5109.81902194836  1.487329e-16 
 5111.76357335383   1.54297e-16 
  5113.7081247593  1.590679e-16 
 5115.65267616477  1.529794e-16 
 5117.59722757023   1.45501e-16 
  5119.5417789757  1.441702e-16 
 5121.48633038117  1.507141e-16 
 5123.43088178664   1.45429e-16 
 5125.37543319211  1.519349e-16 
 5127.31998459757  1.608156e-16 
 5129.26453600304  1.646097e-16 
 5131.20908740851  1.557965e-16 
 5133.15363881398   1.52042e-16 
 5135.09819021944   1.45449e-16 
 5137.04274162491  1.456276e-16 
 5138.98729303038  1.488015e-16 
 5140.93184443585  1.475683e-16 
 5142.87639584131  1.479326e-16 
 5144.82094724678  1.496396e-16 
 5146.76549865225  1.455362e-16 
 5148.71005005772  1.476275e-16 
 5150.65460146319  1.473808e-16 
 5152.59915286866  1.412033e-16 
 5154.54370427412  1.414291e-16 
 5156.48825567959  1.464794e-16 
 5158.43280708506  1.494749e-16 
 5160.37735849053  1.613782e-16 
 5162.32190989599  1.660302e-16 
 5164.26646130146  1.589904e-16 
 5166.21101270693  1.394443e-16 
  5168.1555641124  1.348669e-16 
 5170.10011551786  1.338695e-16 
 5172.04466692333   1.46758e-16 
  5173.9892183288  1.450571e-16 
 5175.93376973427  1.360195e-16 
 5177.87832113974  1.312617e-16 
  5179.8228725452  1.266897e-16 
 5181.76742395067  1.264404e-16 
 5183.71197535614  1.196697e-16 
 5185.65652676161  1.185714e-16 
 5187.60107816707  1.152853e-16 
 5189.54562957254  1.244997e-16 
 5191.49018097801  1.267347e-16 
 5193.43473238348   1.18367e-16 
 5195.37928378895  1.181057e-16 
 5197.32383519441  1.153102e-16 
 5199.26838659988  1.145196e-16 
 5201.21293800535  1.202656e-16 
 5203.15748941082  1.175807e-16 
 5205.10204081628  1.146393e-16 
 5207.04659222175  1.124337e-16 
 5208.99114362722  1.114385e-16 
 5210.93569503269  1.080559e-16 
 5212.88024643816  1.155694e-16 
 5214.82479784362  1.086335e-16 
 5216.76934924909  1.046347e-16 
 5218.71390065456  1.160629e-16 
 5220.65845206003  1.125497e-16 
  5222.6030034655  1.056006e-16 
 5224.54755487096  1.054648e-16 
 5226.49210627643  1.025402e-16 
  5228.4366576819  9.936071e-17 
 5230.38120908737  9.899745e-17 
 5232.32576049283  1.010177e-16 
  5234.2703118983  1.042246e-16 
 5236.21486330377  1.026712e-16 
 5238.15941470924  1.111544e-16 
  5240.1039661147  1.064921e-16 
 5242.04851752017  1.041986e-16 
 5243.99306892564  1.046295e-16 
 5245.93762033111  1.067806e-16 
 5247.88217173658  1.022577e-16 
 5249.82672314204  1.030776e-16 
 5251.77127454751  1.027701e-16 
 5253.71582595298  1.045191e-16 
 5255.66037735845  1.046057e-16 
 5257.60492876392  9.947878e-17 
 5259.54948016938   1.02773e-16 
 5261.49403157485   1.05341e-16 
 5263.43858298032  1.072743e-16 
 5265.38313438579  1.060198e-16 
 5267.32768579126  1.099714e-16 
 5269.27223719672  1.099068e-16 
 5271.21678860219  1.134411e-16 
 5273.16134000766  1.134557e-16 
 5275.10589141312  1.188041e-16 
 5277.05044281859  1.120635e-16 
 5278.99499422406  1.143691e-16 
 5280.93954562953  1.155829e-16 
   5282.884097035  1.172913e-16 
 5284.82864844046  1.121362e-16 
 5286.77319984593  1.150863e-16 
  5288.7177512514  1.248513e-16 
 5290.66230265687  1.207918e-16 
 5292.60685406234  1.251789e-16 
  5294.5514054678  1.276909e-16 
 5296.49595687327  1.245308e-16 
 5298.44050827874  1.254677e-16 
 5300.38505968421  1.208307e-16 
 5302.32961108967   1.24163e-16 
 5304.27416249514  1.247962e-16 
 5306.21871390061  1.304804e-16 
 5308.16326530608   1.31913e-16 
 5310.10781671155  1.223791e-16 
 5312.05236811701  1.268296e-16 
 5313.99691952248  1.207981e-16 
 5315.94147092795  1.357154e-16 
 5317.88602233342  1.397505e-16 
 5319.83057373888  1.383761e-16 
 5321.77512514435  1.384563e-16 
 5323.71967654982   1.41136e-16 
 5325.66422795529  1.440321e-16 
 5327.60877936076  1.349748e-16 
 5329.55333076622  1.361996e-16 
 5331.49788217169  1.457204e-16 
 5333.44243357716  1.340209e-16 
 5335.38698498263  1.349831e-16 
 5337.33153638809  1.435051e-16 
 5339.27608779356  1.404319e-16 
 5341.22063919903  1.399243e-16 
  5343.1651906045  1.346759e-16 
 5345.10974200997  1.358004e-16 
 5347.05429341543  1.381342e-16 
  5348.9988448209  1.392277e-16 
 5350.94339622637  1.349151e-16 
 5352.88794763184  1.472348e-16 
 5354.83249903731  1.472416e-16 
 5356.77705044277  1.486417e-16 
 5358.72160184824  1.520434e-16 
 5360.66615325371  1.493663e-16 
 5362.61070465918  1.510786e-16 
 5364.55525606464  1.527074e-16 
 5366.49980747011  1.532784e-16 
 5368.44435887558  1.550564e-16 
 5370.38891028105  1.621434e-16 
 5372.33346168651  1.611464e-16 
 5374.27801309198  1.616509e-16 
 5376.22256449745  1.529191e-16 
 5378.16711590292  1.519219e-16 
 5380.11166730839  1.505059e-16 
 5382.05621871385  1.452603e-16 
 5384.00077011932  1.475461e-16 
 5385.94532152479  1.450819e-16 
 5387.88987293026   1.39742e-16 
 5389.83442433572   1.38617e-16 
 5391.77897574119  1.446154e-16 
 5393.72352714666  1.448652e-16 
 5395.66807855213  1.384498e-16 
  5397.6126299576  1.470666e-16 
 5399.55718136306  1.533677e-16 
 5401.50173276853  1.537424e-16 
   5403.446284174  1.470599e-16 
 5405.39083557947   1.48797e-16 
 5407.33538698494  1.626199e-16 
  5409.2799383904  1.567399e-16 
 5411.22448979587  1.492331e-16 
 5413.16904120134  1.509998e-16 
 5415.11359260681  1.502731e-16 
 5417.05814401228  1.481972e-16 
 5419.00269541774  1.516706e-16 
 5420.94724682321  1.559791e-16 
 5422.89179822868   1.57508e-16 
 5424.83634963415  1.606164e-16 
 5426.78090103961  1.586136e-16 
 5428.72545244508  1.565279e-16 
 5430.67000385055  1.556851e-16 
 5432.61455525602  1.506668e-16 
 5434.55910666149  1.575955e-16 
 5436.50365806695   1.54707e-16 
 5438.44820947242  1.471367e-16 
 5440.39276087789  1.437381e-16 
 5442.33731228336  1.505331e-16 
 5444.28186368882  1.600786e-16 
 5446.22641509429  1.577526e-16 
 5448.17096649976  1.562008e-16 
 5450.11551790523  1.513705e-16 
  5452.0600693107  1.638443e-16 
 5454.00462071616  1.633465e-16 
 5455.94917212163  1.607199e-16 
  5457.8937235271  1.560657e-16 
 5459.83827493257  1.574075e-16 
 5461.78282633803  1.521673e-16 
  5463.7273777435  1.536273e-16 
 5465.67192914897  1.403518e-16 
 5467.61648055444  1.435717e-16 
 5469.56103195991  1.624287e-16 
 5471.50558336537   1.64955e-16 
 5473.45013477084  1.637843e-16 
 5475.39468617631  1.616431e-16 
 5477.33923758178  1.551578e-16 
 5479.28378898724  1.537493e-16 
 5481.22834039271   1.52934e-16 
 5483.17289179818  1.471256e-16 
 5485.11744320365  1.535048e-16 
 5487.06199460912  1.530636e-16 
 5489.00654601458  1.571555e-16 
 5490.95109742005  1.524317e-16 
 5492.89564882552  1.529535e-16 
 5494.84020023099  1.573988e-16 
 5496.78475163645   1.52413e-16 
 5498.72930304192  1.496019e-16 
 5500.67385444739  1.456147e-16 
 5502.61840585286  1.463166e-16 
 5504.56295725833  1.497134e-16 
 5506.50750866379  1.519206e-16 
 5508.45206006926  1.502096e-16 
 5510.39661147473  1.546815e-16 
  5512.3411628802  1.529144e-16 
 5514.28571428567  1.524819e-16 
 5516.23026569113  1.523982e-16 
  5518.1748170966  1.535136e-16 
 5520.11936850207  1.470508e-16 
 5522.06391990754  1.471964e-16 
   5524.008471313   1.46884e-16 
 5525.95302271847  1.415512e-16 
 5527.89757412394  1.391105e-16 
 5529.84212552941  1.453827e-16 
 5531.78667693488  1.469177e-16 
 5533.73122834034  1.522719e-16 
 5535.67577974581  1.507048e-16 
 5537.62033115128  1.501325e-16 
 5539.56488255675  1.423899e-16 
 5541.50943396221   1.41861e-16 
 5543.45398536768    1.3554e-16 
 5545.39853677315  1.366556e-16 
 5547.34308817862  1.421248e-16 
 5549.28763958409   1.49231e-16 
 5551.23219098955  1.456532e-16 
 5553.17674239502  1.443865e-16 
 5555.12129380049  1.459048e-16 
 5557.06584520596   1.43552e-16 
 5559.01039661142  1.402864e-16 
 5560.95494801689  1.408371e-16 
 5562.89949942236  1.365443e-16 
 5564.84405082783       1.3e-16 
  5566.7886022333  1.275491e-16 
 5568.73315363876  1.312301e-16 
 5570.67770504423  1.359621e-16 
  5572.6222564497  1.332739e-16 
 5574.56680785517  1.341314e-16 
 5576.51135926063  1.383683e-16 
  5578.4559106661  1.447604e-16 
 5580.40046207157  1.404374e-16 
 5582.34501347704  1.461599e-16 
 5584.28956488251  1.365128e-16 
 5586.23411628797  1.272867e-16 
 5588.17866769344  1.254178e-16 
 5590.12321909891   1.33844e-16 
 5592.06777050438  1.363617e-16 
 5594.01232190984  1.410857e-16 
 5595.95687331531  1.323841e-16 
 5597.90142472078  1.336524e-16 
 5599.84597612625  1.349055e-16 
 5601.79052753172  1.357325e-16 
 5603.73507893718  1.292719e-16 
 5605.67963034265  1.210862e-16 
 5607.62418174812  1.210949e-16 
 5609.56873315359  1.303834e-16 
 5611.51328455905  1.277504e-16 
 5613.45783596452  1.246033e-16 
 5615.40238736999  1.295301e-16 
 5617.34693877546  1.338232e-16 
 5619.29149018093   1.29722e-16 
 5621.23604158639  1.271085e-16 
 5623.18059299186  1.297647e-16 
 5625.12514439733  1.342727e-16 
  5627.0696958028  1.319475e-16 
 5629.01424720826  1.334643e-16 
 5630.95879861373  1.332157e-16 
  5632.9033500192  1.297634e-16 
 5634.84790142467  1.296595e-16 
 5636.79245283014  1.302403e-16 
  5638.7370042356  1.384759e-16 
 5640.68155564107  1.384598e-16 
 5642.62610704654  1.354185e-16 
 5644.57065845201  1.335326e-16 
 5646.51520985747  1.305722e-16 
 5648.45976126294  1.279448e-16 
 5650.40431266841  1.348539e-16 
 5652.34886407388  1.316296e-16 
 5654.29341547935  1.347457e-16 
 5656.23796688482  1.317838e-16 
 5658.18251829028  1.291816e-16 
 5660.12706969575  1.343753e-16 
 5662.07162110122   1.41149e-16 
 5664.01617250669  1.372591e-16 
 5665.96072391215  1.315657e-16 
 5667.90527531762  1.321076e-16 
 5669.84982672309  1.367125e-16 
 5671.79437812856  1.316244e-16 
 5673.73892953403  1.348245e-16 
 5675.68348093949  1.302412e-16 
 5677.62803234496  1.309388e-16 
 5679.57258375043  1.302194e-16 
  5681.5171351559  1.284879e-16 
 5683.46168656136  1.396589e-16 
 5685.40623796683  1.368812e-16 
  5687.3507893723  1.284349e-16 
 5689.29534077777  1.281091e-16 
 5691.23989218324  1.331759e-16 
  5693.1844435887  1.347814e-16 
 5695.12899499417  1.292954e-16 
 5697.07354639964  1.318678e-16 
 5699.01809780511  1.318639e-16 
 5700.96264921057  1.364419e-16 
 5702.90720061604  1.367008e-16 
 5704.85175202151  1.448666e-16 
 5706.79630342698  1.411733e-16 
 5708.74085483245  1.311945e-16 
 5710.68540623791  1.305544e-16 
 5712.62995764338  1.454961e-16 
 5714.57450904885  1.422581e-16 
 5716.51906045432  1.332061e-16 
 5718.46361185978  1.364959e-16 
 5720.40816326525  1.321396e-16 
 5722.35271467072  1.224127e-16 
 5724.29726607619   1.25183e-16 
 5726.24181748166  1.264827e-16 
 5728.18636888712  1.242882e-16 
 5730.13092029259  1.198183e-16 
 5732.07547169806  1.198299e-16 
 5734.02002310353  1.139944e-16 
   5735.964574509  1.148117e-16 
 5737.90912591446  1.129438e-16 
 5739.85367731993  1.090764e-16 
  5741.7982287254  9.749448e-17 
 5743.74278013087  9.845346e-17 
 5745.68733153633  1.027951e-16 
  5747.6318829418  1.045986e-16 
 5749.57643434727  1.084923e-16 
 5751.52098575274  1.071056e-16 
  5753.4655371582  1.150974e-16 
 5755.41008856367  1.181513e-16 
 5757.35463996914    1.0977e-16 
 5759.29919137461   1.10326e-16 
 5761.24374278008  1.097811e-16 
 5763.18829418554  1.188849e-16 
 5765.13284559101  1.132057e-16 
 5767.07739699648  1.076916e-16 
 5769.02194840195  1.038707e-16 
 5770.96649980742  1.019965e-16 
 5772.91105121288  1.086525e-16 
 5774.85560261835  1.066442e-16 
 5776.80015402382  1.141731e-16 
 5778.74470542929  1.135265e-16 
 5780.68925683476  1.088666e-16 
 5782.63380824022  1.071127e-16 
 5784.57835964569  1.092569e-16 
 5786.52291105116  1.100297e-16 
 5788.46746245663  1.022885e-16 
 5790.41201386209  1.097145e-16 
 5792.35656526756   1.11353e-16 
 5794.30111667303  1.049977e-16 
  5796.2456680785  1.019569e-16 
 5798.19021948396  1.067332e-16 
 5800.13477088943  1.049268e-16 
  5802.0793222949  1.033859e-16 
 5804.02387370037  1.116423e-16 
 5805.96842510584  1.124454e-16 
  5807.9129765113  1.145279e-16 
 5809.85752791677  1.152041e-16 
 5811.80207932224  1.161466e-16 
 5813.74663072771  1.102945e-16 
 5815.69118213318  1.072425e-16 
 5817.63573353864  1.046753e-16 
 5819.58028494411  1.088686e-16 
 5821.52483634958  1.137388e-16 
 5823.46938775505  1.204844e-16 
 5825.41393916051  1.250767e-16 
 5827.35849056598  1.213492e-16 
 5829.30304197145   1.14537e-16 
 5831.24759337692  1.073077e-16 
 5833.19214478239  1.032257e-16 
 5835.13669618785  1.003659e-16 
 5837.08124759332  9.929794e-17 
 5839.02579899879  1.034448e-16 
 5840.97035040426  1.064006e-16 
 5842.91490180972  1.051541e-16 
 5844.85945321519   9.94639e-17 
 5846.80400462066  9.637616e-17 
 5848.74855602613  1.034363e-16 
 5850.69310743159   1.05018e-16 
 5852.63765883706  1.088596e-16 
 5854.58221024253  1.144724e-16 
   5856.526761648  1.031285e-16 
 5858.47131305347  9.787228e-17 
 5860.41586445893  9.443764e-17 
  5862.3604158644  9.531628e-17 
 5864.30496726987  1.003502e-16 
 5866.24951867534  1.117653e-16 
 5868.19407008081  1.066924e-16 
 5870.13862148627  9.227423e-17 
 5872.08317289174  8.878583e-17 
 5874.02772429721  8.756918e-17 
 5875.97227570268  9.407795e-17 
 5877.91682710814  8.802736e-17 
 5879.86137851361  7.550295e-17 
 5881.80592991908  7.509387e-17 
 5883.75048132455  8.270121e-17 
 5885.69503273001  7.978489e-17 
 5887.63958413548  8.349654e-17 
 5889.58413554095  8.497239e-17 
 5891.52868694642     8.537e-17 
 5893.47323835189  7.663386e-17 
 5895.41778975735  7.162553e-17 
 5897.36234116282  6.589646e-17 
 5899.30689256829  6.179255e-17 
 5901.25144397376  6.274539e-17 
 5903.19599537923  6.946137e-17 
 5905.14054678469  7.150487e-17 
 5907.08509819016  7.149748e-17 
 5909.02964959563  6.957061e-17 
  5910.9742010011   6.73078e-17 
 5912.91875240656   6.75823e-17 
 5914.86330381203  6.501763e-17 
  5916.8078552175   6.49554e-17 
 5918.75240662297  6.412186e-17 
 5920.69695802844  6.474396e-17 
  5922.6415094339  5.899958e-17 
 5924.58606083937  5.785481e-17 
 5926.53061224484   6.29325e-17 
 5928.47516365031  6.586706e-17 
 5930.41971505578  6.258099e-17 
 5932.36426646124  5.961335e-17 
 5934.30881786671  5.754408e-17 
 5936.25336927218  6.379266e-17 
 5938.19792067765   6.55754e-17 
 5940.14247208311  6.308478e-17 
 5942.08702348858  4.812364e-17 
 5944.03157489405  5.244749e-17 
 5945.97612629952   5.44365e-17 
 5947.92067770498   5.25395e-17 
 5949.86522911045  5.682609e-17 
 5951.80978051592  4.463576e-17 
 5953.75433192139  4.612858e-17 
 5955.69888332686  5.291054e-17 
 5957.64343473232    5.3034e-17 
 5959.58798613779   5.77408e-17 
 5961.53253754326  5.817146e-17 
 5963.47708894873  5.841399e-17 
  5965.4216403542   5.78953e-17 
 5967.36619175966  5.693708e-17 
 5969.31074316513  6.296475e-17 
  5971.2552945706  6.316237e-17 
 5973.19984597607   5.47362e-17 
 5975.14439738153  5.214723e-17 
   5977.088948787  5.697567e-17 
 5979.03350019247  5.819876e-17 
 5980.97805159794  6.351644e-17 
 5982.92260300341  6.614034e-17 
 5984.86715440887  6.294302e-17 
 5986.81170581434  6.073226e-17 
 5988.75625721981  6.436063e-17 
 5990.70080862528  7.088446e-17 
 5992.64536003074  7.129643e-17 
 5994.58991143621  7.505006e-17 
 5996.53446284168   7.28473e-17 
 5998.47901424715  7.191762e-17 
 6000.42356565262  7.046427e-17 
 6002.36811705808  6.872279e-17 
 6004.31266846355  7.185449e-17 
 6006.25721986902  7.667598e-17 
 6008.20177127449  8.062305e-17 
 6010.14632267995  7.779296e-17 
 6012.09087408542   7.02861e-17 
 6014.03542549089  7.659329e-17 
 6015.97997689636  7.465075e-17 
 6017.92452830183  8.560795e-17 
 6019.86907970729  8.422077e-17 
 6021.81363111276  8.176145e-17 
 6023.75818251823  8.197818e-17 
  6025.7027339237  8.759231e-17 
 6027.64728532917  9.302391e-17 
 6029.59183673463  9.175512e-17 
  6031.5363881401  9.046481e-17 
 6033.48093954557  8.423703e-17 
 6035.42549095104  8.035567e-17 
 6037.37004235651   8.81286e-17 
 6039.31459376197   8.84504e-17 
 6041.25914516744  8.557726e-17 
 6043.20369657291  9.395491e-17 
 6045.14824797838  8.808958e-17 
 6047.09279938384  9.338467e-17 
 6049.03735078931  1.058505e-16 
 6050.98190219478  1.059141e-16 
 6052.92645360025  1.015136e-16 
 6054.87100500571    1.0098e-16 
 6056.81555641118  1.023407e-16 
 6058.76010781665  9.992293e-17 
 6060.70465922212  9.458486e-17 
 6062.64921062759  9.315466e-17 
 6064.59376203305  9.639707e-17 
 6066.53831343852   1.07069e-16 
 6068.48286484399  1.123724e-16 
 6070.42741624946  1.051955e-16 
 6072.37196765492  1.033563e-16 
 6074.31651906039  1.110701e-16 
 6076.26107046586     1.143e-16 
 6078.20562187133  1.059748e-16 
  6080.1501732768  1.077127e-16 
 6082.09472468226  1.051578e-16 
 6084.03927608773  1.079783e-16 
  6085.9838274932  1.091469e-16 
 6087.92837889867  1.075093e-16 
 6089.87293030414  1.025645e-16 
  6091.8174817096   1.00441e-16 
 6093.76203311507  1.066152e-16 
 6095.70658452054  1.116051e-16 
 6097.65113592601  1.134139e-16 
 6099.59568733147  1.107292e-16 
 6101.54023873694  1.115135e-16 
 6103.48479014241  1.096458e-16 
 6105.42934154788  1.076799e-16 
 6107.37389295334  1.130758e-16 
 6109.31844435881  1.138999e-16 
 6111.26299576428  1.095273e-16 
 6113.20754716975  1.032039e-16 
 6115.15209857522  1.100334e-16 
 6117.09664998068  1.092349e-16 
 6119.04120138615  1.016624e-16 
 6120.98575279162  9.319013e-17 
 6122.93030419709  9.183433e-17 
 6124.87485560255  9.509021e-17 
 6126.81940700802  9.591621e-17 
 6128.76395841349   1.02156e-16 
 6130.70850981896  9.781978e-17 
 6132.65306122443  1.055112e-16 
 6134.59761262989   1.00454e-16 
 6136.54216403536  1.045646e-16 
 6138.48671544083  9.876769e-17 
  6140.4312668463  9.482963e-17 
 6142.37581825176  9.260064e-17 
 6144.32036965723   9.33793e-17 
  6146.2649210627  9.493884e-17 
 6148.20947246817  9.593645e-17 
 6150.15402387364  9.035895e-17 
  6152.0985752791  9.405435e-17 
 6154.04312668457  9.483074e-17 
 6155.98767809004  8.877736e-17 
 6157.93222949551  9.001123e-17 
 6159.87678090098  9.277746e-17 
 6161.82133230644  9.136717e-17 
 6163.76588371191  9.879144e-17 
 6165.71043511738   9.12262e-17 
 6167.65498652285  8.262712e-17 
 6169.59953792831   8.01108e-17 
 6171.54408933378  7.509283e-17 
 6173.48864073925   8.65272e-17 
 6175.43319214472  8.741678e-17 
 6177.37774355019  8.247095e-17 
 6179.32229495565  8.466383e-17 
 6181.26684636112  8.537436e-17 
 6183.21139776659  8.714857e-17 
 6185.15594917206  8.654511e-17 
 6187.10050057752   8.53844e-17 
 6189.04505198299  8.621818e-17 
 6190.98960338846  8.336221e-17 
 6192.93415479393  8.722326e-17 
  6194.8787061994  8.978658e-17 
 6196.82325760486  8.949403e-17 
 6198.76780901033  8.882225e-17 
  6200.7123604158  8.846146e-17 
 6202.65691182127  9.085228e-17 
 6204.60146322673  8.149745e-17 
  6206.5460146322  7.800486e-17 
 6208.49056603767  8.288425e-17 
 6210.43511744314  8.044146e-17 
 6212.37966884861  7.421374e-17 
 6214.32422025407  8.698109e-17 
 6216.26877165954  8.428842e-17 
 6218.21332306501  8.387406e-17 
 6220.15787447048  8.503818e-17 
 6222.10242587594  7.736274e-17 
 6224.04697728141  8.016172e-17 
 6225.99152868688  8.538556e-17 
 6227.93608009235  7.563094e-17 
 6229.88063149782  7.770967e-17 
 6231.82518290328  8.394364e-17 
 6233.76973430875  8.574702e-17 
 6235.71428571422    8.4417e-17 
 6237.65883711969  7.615211e-17 
 6239.60338852516  7.826706e-17 
 6241.54793993062  7.766936e-17 
 6243.49249133609  7.626073e-17 
 6245.43704274156  8.405091e-17 
 6247.38159414703  8.540578e-17 
 6249.32614555249  7.882129e-17 
 6251.27069695796  7.810527e-17 
 6253.21524836343  7.074272e-17 
  6255.1597997689  7.536618e-17 
 6257.10435117436  9.115409e-17 
 6259.04890257983  8.676448e-17 
  6260.9934539853  8.425632e-17 
 6262.93800539077  8.658624e-17 
 6264.88255679624  8.578477e-17 
  6266.8271082017  8.470576e-17 
 6268.77165960717  8.700993e-17 
 6270.71621101264  8.858873e-17 
 6272.66076241811  8.152763e-17 
 6274.60531382357   8.62887e-17 
 6276.54986522904  8.942004e-17 
 6278.49441663451  8.793486e-17 
 6280.43896803998   8.65092e-17 
 6282.38351944545  8.668448e-17 
 6284.32807085092  8.911038e-17 
 6286.27262225638  9.096532e-17 
 6288.21717366185  9.710415e-17 
 6290.16172506732  9.467298e-17 
 6292.10627647279  9.306812e-17 
 6294.05082787825  9.727405e-17 
 6295.99537928372  1.012588e-16 
 6297.93993068919  9.556032e-17 
 6299.88448209466  9.905435e-17 
 6301.82903350013  9.690558e-17 
 6303.77358490559  9.376755e-17 
 6305.71813631106  9.889607e-17 
 6307.66268771653  9.441722e-17 
   6309.607239122  9.785142e-17 
 6311.55179052746  9.412323e-17 
 6313.49634193293  1.037135e-16 
  6315.4408933384  1.027591e-16 
 6317.38544474387  9.558477e-17 
 6319.32999614933  1.002845e-16 
  6321.2745475548  1.118892e-16 
 6323.21909896027  1.085572e-16 
 6325.16365036574  1.026407e-16 
 6327.10820177121  9.901129e-17 
 6329.05275317667  9.920631e-17 
 6330.99730458214  1.036844e-16 
 6332.94185598761  1.028611e-16 
 6334.88640739308  1.033287e-16 
 6336.83095879855  1.003474e-16 
 6338.77551020401  1.026758e-16 
 6340.72006160948  1.043698e-16 
 6342.66461301495  1.052284e-16 
 6344.60916442042  1.057458e-16 
 6346.55371582589  1.072601e-16 
 6348.49826723135  1.094538e-16 
 6350.44281863682  1.029617e-16 
 6352.38737004229  9.250927e-17 
 6354.33192144776  9.431871e-17 
 6356.27647285322  1.039314e-16 
 6358.22102425869  1.053123e-16 
 6360.16557566416  1.025545e-16 
 6362.11012706963  1.007726e-16 
  6364.0546784751  1.058598e-16 
 6365.99922988056  1.065084e-16 
 6367.94378128603  1.049499e-16 
  6369.8883326915  1.080383e-16 
 6371.83288409697  1.152191e-16 
 6373.77743550243  1.110767e-16 
  6375.7219869079  1.099694e-16 
 6377.66653831337  1.066282e-16 
 6379.61108971884  1.009827e-16 
 6381.55564112431  1.050999e-16 
 6383.50019252977   1.08415e-16 
 6385.44474393524  1.019203e-16 
 6387.38929534071  9.881408e-17 
 6389.33384674618  1.098318e-16 
 6391.27839815165  1.099476e-16 
 6393.22294955711  1.084793e-16 
 6395.16750096258  1.048288e-16 
 6397.11205236805  1.116845e-16 
 6399.05660377351  1.020099e-16 
 6401.00115517898  1.005365e-16 
 6402.94570658445  1.036546e-16 
 6404.89025798992  1.085398e-16 
 6406.83480939539  1.099961e-16 
 6408.77936080085  9.995308e-17 
 6410.72391220632  1.018883e-16 
 6412.66846361179  1.133747e-16 
 6414.61301501726  1.127284e-16 
 6416.55756642273  1.150985e-16 
 6418.50211782819   1.21518e-16 
 6420.44666923366  1.176643e-16 
 6422.39122063913  1.089053e-16 
  6424.3357720446  1.024991e-16 
 6426.28032345006  1.121697e-16 
 6428.22487485553  1.097304e-16 
   6430.169426261  1.036572e-16 
 6432.11397766647  1.043491e-16 
 6434.05852907194  1.132828e-16 
  6436.0030804774  1.109792e-16 
 6437.94763188287  1.080098e-16 
 6439.89218328834  1.040076e-16 
 6441.83673469381  1.049487e-16 
 6443.78128609928   1.07116e-16 
 6445.72583750474  1.065773e-16 
 6447.67038891021  1.101892e-16 
 6449.61494031568  1.111443e-16 
 6451.55949172115   1.08976e-16 
 6453.50404312662  1.141325e-16 
 6455.44859453208   1.19454e-16 
 6457.39314593755  1.149955e-16 
 6459.33769734302   1.13787e-16 
 6461.28224874848   1.20153e-16 
 6463.22680015395   1.17693e-16 
 6465.17135155942  1.115355e-16 
 6467.11590296489  1.102132e-16 
 6469.06045437036  1.142529e-16 
 6471.00500577582   1.15381e-16 
 6472.94955718129  1.114392e-16 
 6474.89410858676  1.141042e-16 
 6476.83865999223   1.16611e-16 
  6478.7832113977  1.196465e-16 
 6480.72776280316  1.157487e-16 
 6482.67231420863  1.167606e-16 
  6484.6168656141  1.194605e-16 
 6486.56141701957  1.187031e-16 
 6488.50596842503  1.155896e-16 
  6490.4505198305  1.149453e-16 
 6492.39507123597  1.159794e-16 
 6494.33962264144  1.119645e-16 
 6496.28417404691  1.088399e-16 
 6498.22872545237  1.097351e-16 
 6500.17327685784  1.177581e-16 
 6502.11782826331  1.241259e-16 
 6504.06237966878  1.160465e-16 
 6506.00693107424   1.10721e-16 
 6507.95148247971  1.195294e-16 
 6509.89603388518  1.307623e-16 
 6511.84058529065  1.294142e-16 
 6513.78513669611  1.350515e-16 
 6515.72968810158  1.372517e-16 
 6517.67423950705  1.342194e-16 
 6519.61879091252  1.323297e-16 
 6521.56334231799  1.307563e-16 
 6523.50789372345  1.308205e-16 
 6525.45244512892  1.274456e-16 
 6527.39699653439  1.271334e-16 
 6529.34154793986  1.254103e-16 
 6531.28609934533  1.304535e-16 
 6533.23065075079  1.332585e-16 
 6535.17520215626  1.289265e-16 
 6537.11975356173  1.236167e-16 
  6539.0643049672  1.218169e-16 
 6541.00885637267  1.263972e-16 
 6542.95340777813  1.281507e-16 
  6544.8979591836  1.354135e-16 
 6546.84251058907  1.327656e-16 
 6548.78706199454  1.254341e-16 
     6550.7316134  1.241083e-16 
 6552.67616480547  1.282894e-16 
 6554.62071621094   1.23849e-16 
 6556.56526761641  1.259635e-16 
 6558.50981902187  1.287323e-16 
 6560.45437042734  1.247032e-16 
 6562.39892183281  1.242076e-16 
 6564.34347323828  1.244473e-16 
 6566.28802464375  1.253299e-16 
 6568.23257604921  1.250299e-16 
 6570.17712745468  1.311574e-16 
 6572.12167886015  1.309654e-16 
 6574.06623026562  1.181024e-16 
 6576.01078167108  1.197638e-16 
 6577.95533307655  1.198107e-16 
 6579.89988448202  1.205774e-16 
 6581.84443588749  1.242133e-16 
 6583.78898729296  1.215165e-16 
 6585.73353869842  1.131703e-16 
 6587.67809010389  1.131591e-16 
 6589.62264150936  1.102391e-16 
 6591.56719291483  1.125569e-16 
  6593.5117443203  1.143381e-16 
 6595.45629572576  1.227159e-16 
 6597.40084713123  1.159504e-16 
  6599.3453985367  1.076666e-16 
 6601.28994994217  1.078989e-16 
 6603.23450134764  1.133777e-16 
  6605.1790527531  1.124505e-16 
 6607.12360415857  1.147495e-16 
 6609.06815556404  1.125419e-16 
 6611.01270696951  1.113548e-16 
 6612.95725837497  1.167577e-16 
 6614.90180978044  1.134366e-16 
 6616.84636118591  1.116889e-16 
 6618.79091259138  1.179087e-16 
 6620.73546399684  1.180082e-16 
 6622.68001540231  1.183773e-16 
 6624.62456680778  1.167263e-16 
 6626.56911821325  1.092404e-16 
 6628.51366961872  1.104563e-16 
 6630.45822102418  1.180667e-16 
 6632.40277242965  1.197585e-16 
 6634.34732383512  1.202986e-16 
 6636.29187524059   1.11805e-16 
 6638.23642664605  1.139256e-16 
 6640.18097805152  1.221397e-16 
 6642.12552945699  1.237529e-16 
 6644.07008086246  1.157339e-16 
 6646.01463226793  1.136829e-16 
 6647.95918367339  1.155317e-16 
 6649.90373507886  1.092771e-16 
 6651.84828648433  1.137895e-16 
  6653.7928378898  1.195332e-16 
 6655.73738929527  1.161804e-16 
 6657.68194070073   1.12237e-16 
  6659.6264921062  1.179655e-16 
 6661.57104351167  1.171599e-16 
 6663.51559491714  1.124109e-16 
  6665.4601463226  1.158546e-16 
 6667.40469772807  1.203157e-16 
 6669.34924913354   1.17182e-16 
 6671.29380053901   1.14545e-16 
 6673.23835194448  1.130757e-16 
 6675.18290334994  1.091223e-16 
 6677.12745475541  1.120533e-16 
 6679.07200616088  1.121281e-16 
 6681.01655756635  1.107477e-16 
 6682.96110897182   1.07516e-16 
 6684.90566037728  1.076131e-16 
 6686.85021178275  1.109821e-16 
 6688.79476318822  1.105745e-16 
 6690.73931459369  9.960192e-17 
 6692.68386599916  1.013826e-16 
 6694.62841740462  1.114552e-16 
 6696.57296881009  1.086028e-16 
 6698.51752021556  1.034175e-16 
 6700.46207162103  9.715968e-17 
 6702.40662302649  1.007261e-16 
 6704.35117443196  1.007289e-16 
 6706.29572583743  9.936827e-17 
  6708.2402772429  1.052241e-16 
 6710.18482864837  1.051825e-16 
 6712.12938005383  1.006405e-16 
  6714.0739314593  9.627569e-17 
 6716.01848286477  9.862815e-17 
 6717.96303427024  9.871362e-17 
  6719.9075856757  9.757585e-17 
 6721.85213708117  9.837903e-17 
 6723.79668848664  9.794885e-17 
 6725.74123989211  9.847074e-17 
 6727.68579129757  9.641366e-17 
 6729.63034270304   1.00567e-16 
 6731.57489410851  1.005375e-16 
 6733.51944551398  1.061437e-16 
 6735.46399691945  9.963347e-17 
 6737.40854832491  1.022411e-16 
 6739.35309973038  1.035423e-16 
 6741.29765113585  1.061279e-16 
 6743.24220254132  9.645157e-17 
 6745.18675394678  1.049332e-16 
 6747.13130535225  1.194124e-16 
 6749.07585675772  1.294425e-16 
 6751.02040816319  1.248926e-16 
 6752.96495956866  1.067564e-16 
 6754.90951097412  9.899647e-17 
 6756.85406237959   9.74282e-17 
 6758.79861378506  9.736308e-17 
 6760.74316519053  1.513487e-16 
 6762.68771659599  2.271773e-16 
 6764.63226800146  2.087732e-16 
 6766.57681940693  1.853159e-16 
  6768.5213708124  1.486336e-16 
 6770.46592221787  1.059399e-16 
 6772.41047362333   9.37637e-17 
  6774.3550250288  8.978394e-17 
 6776.29957643427  8.424109e-17 
 6778.24412783974  8.374269e-17 
 6780.18867924521  9.213039e-17 
 6782.13323065067  1.193865e-16 
 6784.07778205614  1.347926e-16 
 6786.02233346161  1.232482e-16 
 6787.96688486708  1.251624e-16 
 6789.91143627254   1.13642e-16 
 6791.85598767801  9.141643e-17 
 6793.80053908348  8.712541e-17 
 6795.74509048895  7.738024e-17 
 6797.68964189442  8.147247e-17 
 6799.63419329988   7.46142e-17 
 6801.57874470535  7.317414e-17 
 6803.52329611082  7.442057e-17 
 6805.46784751629  7.686265e-17 
 6807.41239892175  7.554762e-17 
 6809.35695032722  7.978982e-17 
 6811.30150173269  7.414854e-17 
 6813.24605313816  7.376289e-17 
 6815.19060454363  7.827206e-17 
 6817.13515594909   7.64698e-17 
 6819.07970735456  7.518008e-17 
 6821.02425876003  7.968106e-17 
  6822.9688101655  7.743084e-17 
 6824.91336157096   8.12089e-17 
 6826.85791297643   7.97617e-17 
  6828.8024643819  7.316958e-17 
 6830.74701578737  6.940996e-17 
 6832.69156719283    6.7231e-17 
  6834.6361185983  7.241753e-17 
 6836.58067000377   7.17788e-17 
 6838.52522140924  6.957977e-17 
 6840.46977281471  7.429518e-17 
 6842.41432422017      8.09e-17 
 6844.35887562564  7.866042e-17 
 6846.30342703111  7.935378e-17 
 6848.24797843658  8.046881e-17 
 6850.19252984205  6.957767e-17 
 6852.13708124751  6.974813e-17 
 6854.08163265298  6.916407e-17 
 6856.02618405845  7.228174e-17 
 6857.97073546392  6.781702e-17 
 6859.91528686938  7.032259e-17 
 6861.85983827485  6.922853e-17 
 6863.80438968032  7.300959e-17 
 6865.74894108579  7.136408e-17 
 6867.69349249126  6.832557e-17 
 6869.63804389672  6.546984e-17 
 6871.58259530219  7.421662e-17 
 6873.52714670766  7.889402e-17 
 6875.47169811313  7.045058e-17 
 6877.41624951859   6.31514e-17 
 6879.36080092406  6.935267e-17 
 6881.30535232953  7.134918e-17 
   6883.249903735  7.088728e-17 
 6885.19445514047  7.104139e-17 
 6887.13900654593  7.105068e-17 
  6889.0835579514  6.820421e-17 
 6891.02810935687  6.272675e-17 
 6892.97266076234  5.989193e-17 
  6894.9172121678  6.382289e-17 
 6896.86176357327  7.356441e-17 
 6898.80631497874  7.784415e-17 
 6900.75086638421  7.257557e-17 
 6902.69541778968  6.997712e-17 
 6904.63996919514  7.023522e-17 
 6906.58452060061  7.233516e-17 
 6908.52907200608  6.550981e-17 
 6910.47362341155  6.195527e-17 
 6912.41817481702  6.752985e-17 
 6914.36272622248  5.911242e-17 
 6916.30727762795  5.986143e-17 
 6918.25182903342  7.821736e-17 
 6920.19638043889  9.833229e-17 
 6922.14093184435  1.161143e-16 
 6924.08548324982  1.057911e-16 
 6926.03003465529   7.52454e-17 
 6927.97458606076  5.990522e-17 
 6929.91913746622  6.520634e-17 
 6931.86368887169  7.056164e-17 
 6933.80824027716   7.06397e-17 
 6935.75279168263  8.033792e-17 
  6937.6973430881  9.625106e-17 
 6939.64189449356  9.040714e-17 
 6941.58644589903  6.650801e-17 
  6943.5309973045   6.12196e-17 
 6945.47554870997  6.373771e-17 
 6947.42010011544  6.817601e-17 
  6949.3646515209  7.082118e-17 
 6951.30920292637  7.039005e-17 
 6953.25375433184  6.224457e-17 
 6955.19830573731   5.19028e-17 
 6957.14285714277  6.116033e-17 
 6959.08740854824  6.356757e-17 
 6961.03195995371  6.356544e-17 
 6962.97651135918  6.283292e-17 
 6964.92106276465  5.685637e-17 
 6966.86561417011  5.514894e-17 
 6968.81016557558  5.731525e-17 
 6970.75471698105  6.296713e-17 
 6972.69926838652   6.32568e-17 
 6974.64381979198  5.489515e-17 
 6976.58837119745  6.052614e-17 
 6978.53292260292  5.938752e-17 
 6980.47747400839  5.825133e-17 
 6982.42202541386  5.428564e-17 
 6984.36657681932  5.342101e-17 
 6986.31112822479  5.837322e-17 
 6988.25567963026  5.886659e-17 
 6990.20023103573  5.528067e-17 
  6992.1447824412  5.380056e-17 
 6994.08933384666  5.352103e-17 
 6996.03388525213  5.174919e-17 
  6997.9784366576  5.279576e-17 
 6999.92298806307   5.50135e-17 
 7001.86753946853  5.576825e-17 
   7003.812090874  5.445825e-17 
 7005.75664227947  6.070706e-17 
 7007.70119368494  6.320137e-17 
 7009.64574509041  6.136326e-17 
 7011.59029649587  6.475757e-17 
 7013.53484790134   6.64268e-17 
 7015.47939930681  6.393097e-17 
 7017.42395071228  5.692024e-17 
 7019.36850211775  5.993781e-17 
 7021.31305352321  6.158752e-17 
 7023.25760492868  5.905172e-17 
 7025.20215633415  5.498838e-17 
 7027.14670773962  5.360033e-17 
 7029.09125914508  5.171625e-17 
 7031.03581055055  5.324701e-17 
 7032.98036195602  5.487432e-17 
 7034.92491336149  5.486347e-17 
 7036.86946476695   5.90122e-17 
 7038.81401617242  6.261947e-17 
 7040.75856757789  5.540346e-17 
 7042.70311898336  5.500687e-17 
 7044.64767038883  5.803547e-17 
 7046.59222179429  5.654654e-17 
 7048.53677319976  6.141814e-17 
 7050.48132460523  5.189035e-17 
  7052.4258760107   3.48731e-17 
 7054.37042741617  4.951489e-17 
 7056.31497882163  5.746549e-17 
  7058.2595302271  5.470078e-17 
 7060.20408163257  4.380077e-17 
 7062.14863303804  4.148631e-17 
  7064.0931844435  5.181197e-17 
 7066.03773584897  5.833847e-17 
 7067.98228725444   6.25568e-17 
 7069.92683865991  5.586045e-17 
 7071.87139006537  4.926442e-17 
 7073.81594147084  5.170435e-17 
 7075.76049287631  5.561412e-17 
 7077.70504428178  5.529956e-17 
 7079.64959568725  5.815313e-17 
 7081.59414709271  5.519419e-17 
 7083.53869849818  5.659939e-17 
 7085.48324990365  5.544503e-17 
 7087.42780130912  5.272078e-17 
 7089.37235271459  4.831915e-17 
 7091.31690412005  4.912002e-17 
 7093.26145552552  5.067413e-17 
 7095.20600693099  4.596532e-17 
 7097.15055833646  4.610555e-17 
 7099.09510974192  4.567527e-17 
 7101.03966114739  4.661394e-17 
 7102.98421255286  4.871594e-17 
 7104.92876395833  4.715012e-17 
  7106.8733153638  4.123079e-17 
 7108.81786676926   4.63158e-17 
 7110.76241817473  5.003648e-17 
  7112.7069695802  5.501517e-17 
 7114.65152098567  5.319934e-17 
 7116.59607239114  4.224562e-17 
  7118.5406237966  4.437953e-17 
 7120.48517520207  5.101923e-17 
 7122.42972660754  4.814378e-17 
 7124.37427801301  5.000684e-17 
 7126.31882941847  5.065735e-17 
 7128.26338082394  5.413762e-17 
 7130.20793222941   5.70823e-17 
 7132.15248363488  5.633055e-17 
 7134.09703504034   5.26701e-17 
 7136.04158644581   4.96859e-17 
 7137.98613785128  5.439399e-17 
 7139.93068925675  5.136293e-17 
 7141.87524066221  5.106502e-17 
 7143.81979206768   5.11722e-17 
 7145.76434347315  4.984454e-17 
 7147.70889487862  4.466185e-17 
 7149.65344628409  4.834901e-17 
 7151.59799768955  5.564265e-17 
 7153.54254909502   5.85094e-17 
 7155.48710050049  5.173717e-17 
 7157.43165190596  5.540126e-17 
 7159.37620331143  5.232919e-17 
 7161.32075471689   5.21963e-17 
 7163.26530612236  5.120521e-17 
 7165.20985752783   5.10187e-17 
  7167.1544089333  5.668211e-17 
 7169.09896033876  5.865015e-17 
 7171.04351174423  5.543972e-17 
  7172.9880631497  6.113281e-17 
 7174.93261455517   6.87131e-17 
 7176.87716596064  6.547382e-17 
  7178.8217173661  6.504688e-17 
 7180.76626877157  6.012098e-17 
 7182.71082017704  6.195397e-17 
 7184.65537158251  6.204219e-17 
 7186.59992298798  6.047283e-17 
 7188.54447439344  5.724026e-17 
 7190.48902579891  6.831094e-17 
 7192.43357720438  6.923325e-17 
 7194.37812860985  6.463329e-17 
 7196.32268001531  7.046731e-17 
 7198.26723142078  6.971317e-17 
 7200.21178282625  7.457672e-17 
 7202.15633423172   7.88925e-17 
 7204.10088563719  7.495728e-17 
 7206.04543704265  6.674488e-17 
 7207.98998844812  6.555492e-17 
 7209.93453985359  6.445816e-17 
 7211.87909125906   6.84518e-17 
 7213.82364266453  7.213083e-17 
 7215.76819406999  7.678086e-17 
 7217.71274547546  7.261502e-17 
 7219.65729688093  7.156502e-17 
  7221.6018482864  8.079123e-17 
 7223.54639969187  8.011859e-17 
 7225.49095109733  7.488609e-17 
  7227.4355025028  6.495056e-17 
 7229.38005390827  6.611854e-17 
 7231.32460531374   7.88506e-17 
  7233.2691567192  7.205115e-17 
 7235.21370812467  7.856566e-17 
 7237.15825953014  7.963379e-17 
 7239.10281093561  7.549138e-17 
 7241.04736234107  7.287039e-17 
 7242.99191374654  7.248738e-17 
 7244.93646515201  7.437223e-17 
 7246.88101655748   7.46601e-17 
 7248.82556796294  7.620652e-17 
 7250.77011936841  7.933694e-17 
 7252.71467077388  7.736014e-17 
 7254.65922217935  7.172731e-17 
 7256.60377358482  7.591379e-17 
 7258.54832499028  7.507851e-17 
 7260.49287639575  7.050672e-17 
 7262.43742780122  7.121174e-17 
 7264.38197920669  7.618424e-17 
 7266.32653061216  7.371284e-17 
 7268.27108201762  8.159899e-17 
 7270.21563342309  7.818836e-17 
 7272.16018482856  7.890031e-17 
 7274.10473623403  7.642143e-17 
 7276.04928763949  7.390992e-17 
 7277.99383904496  7.839897e-17 
 7279.93839045043  7.549032e-17 
  7281.8829418559  8.355607e-17 
 7283.82749326137  7.755187e-17 
 7285.77204466683  7.515095e-17 
  7287.7165960723  7.936206e-17 
 7289.66114747777  8.772709e-17 
 7291.60569888324   7.83379e-17 
 7293.55025028871  6.739679e-17 
 7295.49480169417  6.621066e-17 
 7297.43935309964  6.924822e-17 
 7299.38390450511  7.599316e-17 
 7301.32845591058  7.843655e-17 
 7303.27300731604   7.87856e-17 
 7305.21755872151  7.756489e-17 
 7307.16211012698  7.776203e-17 
 7309.10666153245  8.647985e-17 
 7311.05121293792  7.450213e-17 
 7312.99576434338   8.87157e-17 
 7314.94031574885  8.867321e-17 
 7316.88486715432   7.64145e-17 
 7318.82941855979  7.266082e-17 
 7320.77396996525  8.261587e-17 
 7322.71852137072  8.836137e-17 
 7324.66307277619  9.403005e-17 
 7326.60762418166  9.686804e-17 
 7328.55217558713   8.80517e-17 
 7330.49672699259  8.591241e-17 
 7332.44127839806  8.157968e-17 
 7334.38582980353  8.829868e-17 
   7336.330381209  1.002667e-16 
 7338.27493261447  1.001801e-16 
 7340.21948401993  9.932314e-17 
  7342.1640354254  9.754265e-17 
 7344.10858683087  9.512341e-17 
 7346.05313823634   9.74411e-17 
  7347.9976896418  1.015869e-16 
 7349.94224104727  1.044412e-16 
 7351.88679245274  1.142957e-16 
 7353.83134385821  1.214706e-16 
 7355.77589526367  1.140885e-16 
 7357.72044666914  1.091657e-16 
 7359.66499807461  1.070659e-16 
 7361.60954948008  1.105393e-16 
 7363.55410088555  1.142805e-16 
 7365.49865229101  1.103538e-16 
 7367.44320369648  1.130505e-16 
 7369.38775510195  1.179931e-16 
 7371.33230650742   1.18706e-16 
 7373.27685791289  1.106801e-16 
 7375.22140931835  1.129984e-16 
 7377.16596072382  1.175522e-16 
 7379.11051212929  1.238866e-16 
 7381.05506353476  1.220725e-16 
 7382.99961494022  1.176784e-16 
 7384.94416634569  1.162481e-16 
 7386.88871775116  1.258205e-16 
 7388.83326915663  1.261531e-16 
 7390.77782056209  1.295937e-16 
 7392.72237196756  1.327431e-16 
 7394.66692337303  1.334369e-16 
  7396.6114747785  1.368282e-16 
 7398.55602618397  1.372066e-16 
 7400.50057758943  1.357816e-16 
  7402.4451289949  1.338112e-16 
 7404.38968040037  1.381071e-16 
 7406.33423180584  1.443846e-16 
  7408.2787832113  1.461539e-16 
 7410.22333461677  1.481467e-16 
 7412.16788602224   1.49383e-16 
 7414.11243742771  1.482021e-16 
 7416.05698883318  1.359152e-16 
 7418.00154023864  1.371859e-16 
 7419.94609164411   1.44265e-16 
 7421.89064304958  1.416564e-16 
 7423.83519445505  1.422453e-16 
 7425.77974586052  1.489913e-16 
 7427.72429726598  1.596301e-16 
 7429.66884867145  1.486316e-16 
 7431.61340007692  1.468717e-16 
 7433.55795148239  1.462133e-16 
 7435.50250288785  1.458654e-16 
 7437.44705429332   1.49952e-16 
 7439.39160569879  1.592832e-16 
 7441.33615710426  1.585581e-16 
 7443.28070850973  1.581373e-16 
 7445.22525991519  1.566757e-16 
 7447.16981132066  1.617531e-16 
 7449.11436272613  1.616776e-16 
  7451.0589141316  1.597969e-16 
 7453.00346553706  1.586404e-16 
 7454.94801694253  1.588756e-16 
   7456.892568348  1.630067e-16 
 7458.83711975347  1.679482e-16 
 7460.78167115894  1.644722e-16 
  7462.7262225644  1.679766e-16 
 7464.67077396987  1.725416e-16 
 7466.61532537534  1.730322e-16 
 7468.55987678081  1.804382e-16 
 7470.50442818627  1.872302e-16 
 7472.44897959174  1.845587e-16 
 7474.39353099721  1.990749e-16 
 7476.33808240268  1.972389e-16 
 7478.28263380815  1.905144e-16 
 7480.22718521361  1.914866e-16 
 7482.17173661908  1.911694e-16 
 7484.11628802455  2.121827e-16 
 7486.06083943002   2.17204e-16 
 7488.00539083549  2.134561e-16 
 7489.94994224095  2.159319e-16 
 7491.89449364642  2.239318e-16 
 7493.83904505189  2.247444e-16 
 7495.78359645736  2.240783e-16 
 7497.72814786282  2.288273e-16 
 7499.67269926829  2.335622e-16 
 7501.61725067376  2.379197e-16 
 7503.56180207923  2.392963e-16 
  7505.5063534847  2.373436e-16 
 7507.45090489016  2.315559e-16 
 7509.39545629563  2.349317e-16 
  7511.3400077011  2.367577e-16 
 7513.28455910657  2.368536e-16 
 7515.22911051203  2.413351e-16 
  7517.1736619175  2.441102e-16 
 7519.11821332297  2.383609e-16 
 7521.06276472844   2.49329e-16 
 7523.00731613391  2.494716e-16 
 7524.95186753937  2.441929e-16 
 7526.89641894484  2.414378e-16 
 7528.84097035031  2.424302e-16 
 7530.78552175578  2.355814e-16 
 7532.73007316125  2.380072e-16 
 7534.67462456671  2.440092e-16 
 7536.61917597218  2.393953e-16 
 7538.56372737765  2.273889e-16 
 7540.50827878312  2.284503e-16 
 7542.45283018858  2.239098e-16 
 7544.39738159405  2.276283e-16 
 7546.34193299952  2.303965e-16 
 7548.28648440499  2.307007e-16 
 7550.23103581046   2.25061e-16 
 7552.17558721592  2.227807e-16 
 7554.12013862139  2.270919e-16 
 7556.06469002686  2.270297e-16 
 7558.00924143233  2.277748e-16 
 7559.95379283779  2.173674e-16 
 7561.89834424326  2.181378e-16 
 7563.84289564873   2.13002e-16 
  7565.7874470542   2.05536e-16 
 7567.73199845967  2.020978e-16 
 7569.67654986513  1.971846e-16 
  7571.6211012706  2.043717e-16 
 7573.56565267607   1.85767e-16 
 7575.51020408154  1.780683e-16 
   7577.454755487  1.839536e-16 
 7579.39930689247  1.895767e-16 
 7581.34385829794  1.871535e-16 
 7583.28840970341  1.895235e-16 
 7585.23296110888   1.81021e-16 
 7587.17751251434  1.841107e-16 
 7589.12206391981  1.860959e-16 
 7591.06661532528  1.976447e-16 
 7593.01116673075  1.952795e-16 
 7594.95571813621  1.860867e-16 
 7596.90026954168    1.8163e-16 
 7598.84482094715  1.935121e-16 
 7600.78937235262  1.717067e-16 
 7602.73392375809  1.478412e-16 
 7604.67847516355  1.343525e-16 
 7606.62302656902  1.310607e-16 
 7608.56757797449  1.478859e-16 
 7610.51212937996  1.655519e-16 
 7612.45668078542  1.642118e-16 
 7614.40123219089  1.631096e-16 
 7616.34578359636  1.770379e-16 
 7618.29033500183  1.718787e-16 
 7620.23488640729  1.544375e-16 
 7622.17943781276  1.474415e-16 
 7624.12398921823  1.358267e-16 
  7626.0685406237  1.254123e-16 
 7628.01309202917  1.305358e-16 
 7629.95764343463  1.313932e-16 
  7631.9021948401  1.389642e-16 
 7633.84674624557  1.311534e-16 
 7635.79129765104  1.350117e-16 
 7637.73584905651   1.45572e-16 
 7639.68040046197  1.411775e-16 
 7641.62495186744  1.326781e-16 
 7643.56950327291  1.433007e-16 
 7645.51405467838  1.212177e-16 
 7647.45860608385  1.143044e-16 
 7649.40315748931  1.174956e-16 
 7651.34770889478  1.136551e-16 
 7653.29226030025  1.034523e-16 
 7655.23681170572  1.066285e-16 
 7657.18136311118  1.022533e-16 
 7659.12591451665  1.037301e-16 
 7661.07046592212  9.273465e-17 
 7663.01501732759  1.020039e-16 
 7664.95956873306  9.480277e-17 
 7666.90412013852   8.65788e-17 
 7668.84867154399  7.414664e-17 
 7670.79322294946   8.40471e-17 
 7672.73777435493  8.427708e-17 
 7674.68232576039  7.417544e-17 
 7676.62687716586  7.758034e-17 
 7678.57142857133  7.941214e-17 
  7680.5159799768  7.485424e-17 
 7682.46053138227  7.902597e-17 
 7684.40508278773  8.304969e-17 
  7686.3496341932  7.457054e-17 
 7688.29418559867  6.959538e-17 
 7690.23873700414  7.569153e-17 
  7692.1832884096  7.211378e-17 
 7694.12783981507  6.896317e-17 
 7696.07239122054  6.923144e-17 
 7698.01694262601  7.357279e-17 
 7699.96149403147  7.015366e-17 
 7701.90604543694  6.155119e-17 
 7703.85059684241  4.834625e-17 
 7705.79514824788  5.440733e-17 
 7707.73969965335  6.399442e-17 
 7709.68425105881   6.89879e-17 
 7711.62880246428  6.329788e-17 
 7713.57335386975   6.06165e-17 
 7715.51790527522  5.733615e-17 
 7717.46245668068  5.986705e-17 
 7719.40700808615  6.505086e-17 
 7721.35155949162  7.190092e-17 
 7723.29611089709  6.589488e-17 
 7725.24066230256  6.346582e-17 
 7727.18521370802  6.324055e-17 
 7729.12976511349  5.934742e-17 
 7731.07431651896  6.136138e-17 
 7733.01886792443  6.548707e-17 
  7734.9634193299  6.075512e-17 
 7736.90797073536   5.95949e-17 
 7738.85252214083  5.722218e-17 
  7740.7970735463  5.952916e-17 
 7742.74162495177  5.476516e-17 
 7744.68617635723  4.789267e-17 
  7746.6307277627  4.375837e-17 
 7748.57527916817  4.988245e-17 
 7750.51983057364  4.535253e-17 
 7752.46438197911  4.903926e-17 
 7754.40893338457  6.220499e-17 
 7756.35348479004  5.825439e-17 
 7758.29803619551  5.526007e-17 
 7760.24258760098  4.897839e-17 
 7762.18713900644  5.020655e-17 
 7764.13169041191  5.231638e-17 
 7766.07624181738  5.646171e-17 
 7768.02079322285  5.509477e-17 
 7769.96534462832   5.43055e-17 
 7771.90989603378  5.248911e-17 
 7773.85444743925  4.651074e-17 
 7775.79899884472  4.274624e-17 
 7777.74355025019  4.924928e-17 
 7779.68810165566  4.711756e-17 
 7781.63265306112  4.674357e-17 
 7783.57720446659  5.074472e-17 
 7785.52175587206  5.063662e-17 
 7787.46630727752    4.8528e-17 
 7789.41085868299  4.904802e-17 
 7791.35541008846  5.350452e-17 
 7793.29996149393  5.797556e-17 
  7795.2445128994  5.263046e-17 
 7797.18906430486  4.658089e-17 
 7799.13361571033  3.658095e-17 
  7801.0781671158  5.515085e-17 
 7803.02271852127  5.647617e-17 
 7804.96726992674  4.690695e-17 
  7806.9118213322  4.385002e-17 
 7808.85637273767  3.617945e-17 
 7810.80092414314  3.626299e-17 
 7812.74547554861  5.186034e-17 
 7814.69002695408  5.316294e-17 
 7816.63457835954  5.569191e-17 
 7818.57912976501  5.083967e-17 
 7820.52368117048  5.235324e-17 
 7822.46823257595  5.132675e-17 
 7824.41278398141  4.775211e-17 
 7826.35733538688  4.882243e-17 
 7828.30188679235  5.093333e-17 
 7830.24643819782  4.796105e-17 
 7832.19098960329  5.003592e-17 
 7834.13554100875  5.241412e-17 
 7836.08009241422  5.268665e-17 
 7838.02464381969  5.445438e-17 
 7839.96919522516  5.610221e-17 
 7841.91374663063  5.411285e-17 
 7843.85829803609  5.423467e-17 
 7845.80284944156  5.222001e-17 
 7847.74740084703  5.334315e-17 
  7849.6919522525  5.135391e-17 
 7851.63650365796  4.361934e-17 
 7853.58105506343  4.722774e-17 
  7855.5256064689  5.275042e-17 
 7857.47015787437  4.634038e-17 
 7859.41470927984  4.601155e-17 
  7861.3592606853  5.556573e-17 
 7863.30381209077  5.882494e-17 
 7865.24836349624  4.934217e-17 
 7867.19291490171  4.434004e-17 
 7869.13746630717  5.084997e-17 
 7871.08201771264  4.923462e-17 
 7873.02656911811  4.838943e-17 
 7874.97112052358  5.288879e-17 
 7876.91567192905  5.354016e-17 
 7878.86022333451  5.959494e-17 
 7880.80477473998  5.695723e-17 
 7882.74932614545  5.054608e-17 
 7884.69387755092  5.237574e-17 
 7886.63842895639  5.816943e-17 
 7888.58298036185  5.826198e-17 
 7890.52753176732  5.212815e-17 
 7892.47208317279   5.13442e-17 
 7894.41663457825  5.130755e-17 
 7896.36118598372  5.811255e-17 
 7898.30573738919  5.783219e-17 
 7900.25028879466  6.733756e-17 
 7902.19484020013  6.758308e-17 
 7904.13939160559  6.532964e-17 
 7906.08394301106  6.762015e-17 
 7908.02849441653  7.160205e-17 
   7909.973045822  7.620984e-17 
 7911.91759722747  6.780939e-17 
 7913.86214863293  7.191367e-17 
  7915.8067000384  7.858468e-17 
 7917.75125144387    8.6418e-17 
 7919.69580284934  7.161335e-17 
  7921.6403542548    6.9461e-17 
 7923.58490566027  6.553917e-17 
 7925.52945706574  7.688441e-17 
 7927.47400847121  8.802435e-17 
 7929.41855987668  7.998364e-17 
 7931.36311128214  8.124034e-17 
 7933.30766268761   8.28647e-17 
 7935.25221409308   8.32508e-17 
 7937.19676549855   9.06331e-17 
 7939.14131690401  8.071482e-17 
 7941.08586830948  8.410522e-17 
 7943.03041971495  8.146318e-17 
 7944.97497112042  8.511843e-17 
 7946.91952252589  9.121454e-17 
 7948.86407393135   9.48528e-17 
 7950.80862533682  1.014113e-16 
 7952.75317674229  1.007476e-16 
 7954.69772814776  9.811412e-17 
 7956.64227955322  9.950306e-17 
 7958.58683095869  1.062951e-16 
 7960.53138236416  1.097672e-16 
 7962.47593376963  1.159945e-16 
  7964.4204851751  1.142338e-16 
 7966.36503658056  1.065077e-16 
 7968.30958798603   1.05385e-16 
  7970.2541393915   1.06726e-16 
 7972.19869079697  1.107624e-16 
 7974.14324220244  1.145727e-16 
  7976.0877936079  1.113186e-16 
 7978.03234501337  1.120597e-16 
 7979.97689641884  1.163432e-16 
 7981.92144782431  1.166021e-16 
 7983.86599922978  1.226398e-16 
 7985.81055063524  1.283603e-16 
 7987.75510204071  1.426247e-16 
 7989.69965344618  1.344707e-16 
 7991.64420485165  1.217843e-16 
 7993.58875625711  1.292865e-16 
 7995.53330766258  1.267119e-16 
 7997.47785906805  1.236478e-16 
 7999.42241047352  1.180911e-16 
 8001.36696187898  1.185275e-16 
 8003.31151328445  1.090658e-16 
 8005.25606468992  1.142779e-16 
 8007.20061609539  1.169437e-16 
 8009.14516750086  1.190226e-16 
 8011.08971890632  1.134641e-16 
 8013.03427031179  1.111819e-16 
 8014.97882171726  1.165333e-16 
 8016.92337312273  1.248405e-16 
 8018.86792452819  1.290591e-16 
 8020.81247593366  1.338317e-16 
 8022.75702733913  1.368557e-16 
  8024.7015787446  1.266594e-16 
 8026.64613015007  1.125575e-16 
 8028.59068155553  1.157699e-16 
   8030.535232961  1.303807e-16 
 8032.47978436647  1.371303e-16 
 8034.42433577194   1.22554e-16 
 8036.36888717741  1.142337e-16 
 8038.31343858287   1.13903e-16 
 8040.25798998834  1.126039e-16 
 8042.20254139381  1.087278e-16 
 8044.14709279927  1.114429e-16 
 8046.09164420474  1.105942e-16 
 8048.03619561021   1.17302e-16 
 8049.98074701568  1.069333e-16 
 8051.92529842115  1.070566e-16 
 8053.86984982662  1.043963e-16 
 8055.81440123208  1.037512e-16 
 8057.75895263755  1.048172e-16 
 8059.70350404302  1.034582e-16 
 8061.64805544849  1.091448e-16 
 8063.59260685395   1.01269e-16 
 8065.53715825942  8.938168e-17 
 8067.48170966489  9.107859e-17 
 8069.42626107036  9.451206e-17 
 8071.37081247583  9.740572e-17 
 8073.31536388129   9.68524e-17 
 8075.25991528676  9.072539e-17 
 8077.20446669223  8.115871e-17 
  8079.1490180977  8.142471e-17 
 8081.09356950316   7.77981e-17 
 8083.03812090863  7.588839e-17 
  8084.9826723141  7.226561e-17 
 8086.92722371957  8.077412e-17 
 8088.87177512504  7.905198e-17 
  8090.8163265305   9.11924e-17 
 8092.76087793597  7.852946e-17 
 8094.70542934144  8.114099e-17 
 8096.64998074691  8.316842e-17 
 8098.59453215237   7.35405e-17 
 8100.53908355784  6.940722e-17 
 8102.48363496331  7.906927e-17 
 8104.42818636878  8.390088e-17 
 8106.37273777425  7.639297e-17 
 8108.31728917971  8.261118e-17 
 8110.26184058518  7.407551e-17 
 8112.20639199065  6.527363e-17 
 8114.15094339612  8.108341e-17 
 8116.09549480159  8.983522e-17 
 8118.04004620705  8.375621e-17 
 8119.98459761252  7.945826e-17 
 8121.92914901799  7.316793e-17 
 8123.87370042346  7.794828e-17 
 8125.81825182892  7.244267e-17 
 8127.76280323439  6.942651e-17 
 8129.70735463986  7.178672e-17 
 8131.65190604533  6.769072e-17 
  8133.5964574508  5.920704e-17 
 8135.54100885626   6.94555e-17 
 8137.48556026173  7.956427e-17 
  8139.4301116672  6.971668e-17 
 8141.37466307267  6.978746e-17 
 8143.31921447814  8.603839e-17 
  8145.2637658836  8.275775e-17 
 8147.20831728907  7.473094e-17 
 8149.15286869454  7.180013e-17 
     8151.0974201  7.241001e-17 
 8153.04197150547  6.580083e-17 
 8154.98652291094  6.871615e-17 
 8156.93107431641  6.898847e-17 
 8158.87562572188  6.756595e-17 
 8160.82017712735  7.242141e-17 
 8162.76472853281  7.262667e-17 
 8164.70927993828   7.36188e-17 
 8166.65383134375  7.313812e-17 
 8168.59838274922  7.086113e-17 
 8170.54293415468  6.309016e-17 
 8172.48748556015  6.968152e-17 
 8174.43203696562  6.742537e-17 
 8176.37658837109  6.814756e-17 
 8178.32113977655  7.520549e-17 
 8180.26569118202  6.794491e-17 
 8182.21024258749  6.782784e-17 
 8184.15479399296  5.671627e-17 
 8186.09934539843  6.644805e-17 
 8188.04389680389  7.140318e-17 
 8189.98844820936  7.520251e-17 
 8191.93299961483  7.091543e-17 
  8193.8775510203  5.265914e-17 
 8195.82210242577  6.014602e-17 
 8197.76665383123  6.601668e-17 
  8199.7112052367  6.617554e-17 
 8201.65575664217  6.191911e-17 
 8203.60030804764  6.425609e-17 
  8205.5448594531  6.656216e-17 
 8207.48941085857  6.057289e-17 
 8209.43396226404  5.559286e-17 
 8211.37851366951  5.647085e-17 
 8213.32306507498  6.793311e-17 
 8215.26761648044  7.024426e-17 
 8217.21216788591  6.288021e-17 
 8219.15671929138  5.601103e-17 
 8221.10127069685  7.242363e-17 
 8223.04582210232  7.058211e-17 
 8224.99037350778  5.372242e-17 
 8226.93492491325  6.384005e-17 
 8228.87947631872  6.442001e-17 
 8230.82402772419  6.313258e-17 
 8232.76857912965  5.029847e-17 
 8234.71313053512  6.050504e-17 
 8236.65768194059  6.551069e-17 
 8238.60223334606  6.352359e-17 
 8240.54678475153  6.270765e-17 
 8242.49133615699   4.55117e-17 
 8244.43588756246   3.98032e-17 
 8246.38043896793  5.063721e-17 
  8248.3249903734  6.262318e-17 
 8250.26954177887  6.736238e-17 
 8252.21409318433  5.641629e-17 
  8254.1586445898  5.199414e-17 
 8256.10319599527  5.856408e-17 
 8258.04774740073  6.361532e-17 
  8259.9922988062  6.023628e-17 
 8261.93685021167  5.291349e-17 
 8263.88140161714  4.877101e-17 
 8265.82595302261  5.389875e-17 
 8267.77050442808  7.349521e-17 
 8269.71505583354  6.232613e-17 
 8271.65960723901  6.910067e-17 
 8273.60415864448   5.65619e-17 
 8275.54871004995  3.957316e-17 
 8277.49326145541  5.410767e-17 
 8279.43781286088  5.176727e-17 
 8281.38236426635  5.315712e-17 
 8283.32691567182   5.75892e-17 
 8285.27146707728  5.955162e-17 
 8287.21601848275   5.15425e-17 
 8289.16056988822  4.318764e-17 
 8291.10512129369  5.700886e-17 
 8293.04967269916   6.06794e-17 
 8294.99422410462  5.846157e-17 
 8296.93877551009  5.756774e-17 
 8298.88332691556  5.509881e-17 
 8300.82787832103  5.420378e-17 
 8302.77242972649  5.911799e-17 
 8304.71698113196  5.123465e-17 
 8306.66153253743  4.057381e-17 
  8308.6060839429  5.585788e-17 
 8310.55063534837  5.848899e-17 
 8312.49518675383  5.604851e-17 
  8314.4397381593  4.987959e-17 
 8316.38428956477  5.434958e-17 
 8318.32884097024  6.089767e-17 
 8320.27339237571  5.796315e-17 
 8322.21794378117   5.44135e-17 
 8324.16249518664  5.718145e-17 
 8326.10704659211  5.905097e-17 
 8328.05159799758   5.05033e-17 
 8329.99614940304  5.187245e-17 
 8331.94070080851  4.563187e-17 
 8333.88525221398  3.993754e-17 
 8335.82980361945  4.604561e-17 
 8337.77435502492  5.471638e-17 
 8339.71890643038   5.78057e-17 
 8341.66345783585  6.860058e-17 
 8343.60800924132  7.788287e-17 
 8345.55256064679  5.575344e-17 
 8347.49711205225   4.49084e-17 
 8349.44166345772  5.057146e-17 
 8351.38621486319    5.7601e-17 
 8353.33076626866  5.429511e-17 
 8355.27531767412  5.003208e-17 
 8357.21986907959  5.406764e-17 
 8359.16442048506  5.634778e-17 
 8361.10897189053  5.563235e-17 
   8363.053523296  6.624661e-17 
 8364.99807470146  5.900909e-17 
 8366.94262610693    4.6095e-17 
  8368.8871775124  5.210356e-17 
 8370.83172891787  6.124252e-17 
 8372.77628032333   4.91057e-17 
  8374.7208317288  4.505282e-17 
 8376.66538313427  5.664553e-17 
 8378.60993453974  5.349289e-17 
 8380.55448594521  6.293973e-17 
 8382.49903735067    5.6502e-17 
 8384.44358875614  5.559939e-17 
 8386.38814016161  5.327589e-17 
 8388.33269156708  4.844599e-17 
 8390.27724297254   4.81696e-17 
 8392.22179437801   4.66436e-17 
 8394.16634578348  4.854778e-17 
 8396.11089718895   4.82675e-17 
 8398.05544859442  5.252922e-17 
 8399.99999999988  5.365479e-17 
