# STATUS =
# OBJECT = 2002gh
# TELESCOPE = Baade
# INSTRUMENT = LDSS-2
# DATE-OBS = 2002-10-25 00:00:00.000
# MJD = 52572.0
# EXPTIME =
# AIRMASS =
# SLIT =
# DISPERSER =
# SOURCE =
# FILTER =
# RESOLUTION = 13.5
# FLUX_STANDARD =
# EXTINCTION_CORRECTED = True
# PHOTOMETRY_CALIBRATED =
# TELLURIC_CORRECTED = True
# FLUX_UNITS =
# WAVE_UNITS =
# QUALITY =
# MIN_WAVE = 3602.4996942
# MAX_WAVE = 9002.5001217
# COMMENT =
   Wavelength                Flux 
 3606.7512384   3.34879904826e-18 
 3611.0041479  -2.52540372036e-17 
 3615.2556921   1.00157602396e-16 
 3619.5072363   1.01298579512e-16 
 3623.7601458   4.02934754016e-17 
   3628.01169  -3.46562810264e-17 
 3632.2632342   1.10432994118e-16 
 3636.5161437   2.37338780387e-16 
 3640.7676879   1.38357303714e-16 
 3645.0192321   5.61692887027e-17 
 3649.2721416     7.478453386e-17 
 3653.5236858   9.94130461982e-17 
   3657.77523   3.89140371393e-17 
 3662.0267742   2.29285242196e-17 
 3666.2796837   1.00241121977e-16 
 3670.5312279   5.02546178966e-17 
 3674.7827721   6.02753324182e-17 
 3679.0356816   9.73613190337e-17 
 3683.2872258   2.44839387358e-17 
   3687.53877   6.37209053038e-17 
 3691.7916795   6.16846084571e-17 
 3696.0432237    2.1765879848e-16 
 3700.2947679   9.92577952808e-17 
 3704.5476774   5.52636388757e-17 
 3708.7992216   2.00500976218e-16 
 3713.0507658   1.85206076785e-16 
   3717.30231   1.39614343636e-16 
 3721.5552195   1.00312871106e-16 
 3725.8067637   1.89489589432e-16 
 3730.0583079   1.84415228244e-16 
 3734.3112174   1.13770580692e-16 
 3738.5627616   1.28811419638e-16 
 3742.8143058   2.42501646357e-16 
 3747.0672153   2.05451574295e-16 
 3751.3187595   7.32396641504e-17 
 3755.5703037   1.59076784236e-16 
 3759.8232132   2.03334192059e-16 
 3764.0747574   1.60652711026e-16 
 3768.3263016   1.55173575722e-16 
 3772.5792111   1.00220589973e-16 
 3776.8307553   5.74487757621e-17 
 3781.0822995   8.57776277147e-17 
 3785.3338437   1.42096130233e-16 
 3789.5867532    1.4774248383e-16 
 3793.8382974   1.02191721797e-16 
 3798.0898416    1.0285869905e-16 
 3802.3427511   1.27208026723e-17 
 3806.5942953   1.00240373794e-17 
 3810.8458395    8.2874602457e-17 
  3815.098749   7.05583184463e-17 
 3819.3502932   4.88528734508e-17 
 3823.6018374   1.53222052362e-16 
 3827.8547469   1.47386895729e-16 
 3832.1062911   1.08410611431e-16 
 3836.3578353   1.65551334051e-16 
 3840.6093795   1.19376755704e-16 
  3844.862289   1.14634789598e-16 
 3849.1138332   1.32096390873e-16 
 3853.3653774   9.36324742187e-17 
 3857.6182869   8.78991505817e-17 
 3861.8698311   7.26592378328e-17 
 3866.1213753   6.51471493814e-17 
 3870.3742848   1.29881581565e-16 
  3874.625829   1.60132943151e-16 
 3878.8773732   1.79013704113e-16 
 3883.1302827   1.92612288767e-16 
 3887.3818269     1.132655859e-16 
 3891.6333711   1.25472618751e-16 
 3895.8862806   1.52239994824e-16 
 3900.1378248   1.38152947046e-16 
  3904.389369   1.60730204109e-16 
 3908.6409132   8.48452950492e-17 
 3912.8938227   5.73406482618e-17 
 3917.1453669   1.09974566602e-16 
 3921.3969111   1.12617001311e-16 
 3925.6498206   9.16317756095e-17 
 3929.9013648   1.10134780827e-16 
  3934.152909   1.17236628019e-16 
 3938.4058185   1.01554428965e-16 
 3942.6573627   1.30706928663e-16 
 3946.9089069     1.646645821e-16 
 3951.1618164   1.16759891877e-16 
 3955.4133606   9.32307207764e-17 
 3959.6649048   1.56974804198e-16 
 3963.9178143   1.33200334507e-16 
 3968.1693585   1.01100579566e-16 
 3972.4209027   1.59271092237e-16 
 3976.6724469   1.62502713146e-16 
 3980.9253564    1.4686428679e-16 
 3985.1769006   1.44844637897e-16 
 3989.4284448   1.54354747429e-16 
 3993.6813543    1.6483502572e-16 
 3997.9328985   1.65458637697e-16 
 4002.1844427   2.00848677756e-16 
 4006.4373522   2.11847998883e-16 
 4010.6888964   1.50596789992e-16 
 4014.9404406   1.88120212714e-16 
 4019.1933501   1.90419055298e-16 
 4023.4448943   1.89326667231e-16 
 4027.6964385   1.59303273466e-16 
 4031.9479827   2.01962966906e-16 
 4036.2008922   1.73327090306e-16 
 4040.4524364   1.81135408528e-16 
 4044.7039806   1.85136616866e-16 
 4048.9568901   1.60955295091e-16 
 4053.2084343   1.48815264143e-16 
 4057.4599785   1.38798353812e-16 
  4061.712888   1.25535132796e-16 
 4065.9644322    1.3652159001e-16 
 4070.2159764   1.01249131179e-16 
 4074.4688859    8.4807722944e-17 
 4078.7204301   8.94138906948e-17 
 4082.9719743   1.14659475282e-16 
 4087.2248838   1.40005742038e-16 
  4091.476428   8.99550850755e-17 
 4095.7279722   7.54828311457e-17 
 4099.9795164   1.05499893071e-16 
 4104.2324259   1.33839346027e-16 
 4108.4839701   1.41770044077e-16 
 4112.7355143   1.21910945991e-16 
 4116.9884238    1.2591853173e-16 
  4121.239968   8.81415019853e-17 
 4125.4915122   1.11642288861e-16 
 4129.7444217   1.02674054931e-16 
 4133.9959659    1.3332648732e-16 
 4138.2475101   1.34005324059e-16 
 4142.5004196   1.15853587332e-16 
 4146.7519638   1.04926127027e-16 
  4151.003508   8.46500540279e-17 
 4155.2550522   7.92654101559e-17 
 4159.5079617   1.30292772858e-16 
 4163.7595059   1.86539310992e-16 
 4168.0110501   1.67321589999e-16 
 4172.2639596    1.3292489014e-16 
 4176.5155038   9.25103553794e-17 
  4180.767048   1.36653964319e-16 
 4185.0199575   9.53304443459e-17 
 4189.2715017   6.68479055664e-17 
 4193.5230459   8.99672148257e-17 
 4197.7759554   1.10396727696e-16 
 4202.0274996   1.36556033435e-16 
 4206.2790438   1.15279832001e-16 
 4210.5319533   5.77716751918e-17 
 4214.7834975   1.17761177698e-16 
 4219.0350417   1.40891383587e-16 
 4223.2865859    8.5620077982e-17 
 4227.5394954   1.09137520307e-16 
 4231.7910396   1.45975832057e-16 
 4236.0425838   1.36402522666e-16 
 4240.2954933   1.38367148974e-16 
 4244.5470375   1.23742652895e-16 
 4248.7985817   8.70953176841e-17 
 4253.0514912   1.11560329509e-16 
 4257.3030354   1.26062317395e-16 
 4261.5545796   9.56525504977e-17 
 4265.8074891   1.32423433204e-16 
 4270.0590333    1.3226337571e-16 
 4274.3105775   9.42941035713e-17 
  4278.563487   1.01823206502e-16 
 4282.8150312   1.29479170011e-16 
 4287.0665754   1.03049277809e-16 
 4291.3181196   9.37711319558e-17 
 4295.5710291   1.35918535009e-16 
 4299.8225733    1.0164275965e-16 
 4304.0741175   1.09728794852e-16 
  4308.327027   1.41499582919e-16 
 4312.5785712   1.49518255426e-16 
 4316.8301154   1.38623377119e-16 
 4321.0830249   1.54511070855e-16 
 4325.3345691   1.27376014068e-16 
 4329.5861133   8.46184320824e-17 
 4333.8390228    1.0505034989e-16 
  4338.090567   9.78019805633e-17 
 4342.3421112   7.02601581515e-17 
 4346.5936554   9.75705581207e-17 
 4350.8465649   1.37774888225e-16 
 4355.0981091   1.21261286607e-16 
 4359.3496533   1.22234801725e-16 
 4363.6025628   1.14636436363e-16 
  4367.854107   8.70071599508e-17 
 4372.1056512    8.7901914332e-17 
 4376.3585607   1.03154274492e-16 
 4380.6101049   1.12277180539e-16 
 4384.8616491   8.09262479502e-17 
 4389.1145586   7.70139091195e-17 
 4393.3661028   9.26728292387e-17 
  4397.617647   1.19189880401e-16 
 4401.8705565   1.12520219052e-16 
 4406.1221007   1.11099861123e-16 
 4410.3736449   1.13123230789e-16 
 4414.6251891    9.4869487312e-17 
 4418.8780986   1.24263006178e-16 
 4423.1296428   7.03812256399e-17 
  4427.381187   1.15144772995e-16 
 4431.6340965   1.02110570909e-16 
 4435.8856407   1.05450399408e-16 
 4440.1371849   1.03336645591e-16 
 4444.3900944    6.7937570378e-17 
 4448.6416386   7.99400224346e-17 
 4452.8931828   1.18771890566e-16 
 4457.1460923   1.21793337673e-16 
 4461.3976365   1.05016189474e-16 
 4465.6491807   8.43739567018e-17 
 4469.9007249   9.36302382511e-17 
 4474.1536344   1.17675183814e-16 
 4478.4051786   1.02765092795e-16 
 4482.6567228   8.91999796372e-17 
 4486.9096323   1.12849489627e-16 
 4491.1611765   1.05178424854e-16 
 4495.4127207   9.61383525801e-17 
 4499.6656302   1.35877500345e-16 
 4503.9171744   1.32590214355e-16 
 4508.1687186   9.80660845673e-17 
 4512.4216281   1.01893590083e-16 
 4516.6731723   1.15371335812e-16 
 4520.9247165   9.14023958129e-17 
  4525.177626   7.30186424071e-17 
 4529.4291702   9.85317255894e-17 
 4533.6807144   1.28725115205e-16 
 4537.9322586   1.26430485825e-16 
 4542.1851681   9.56999434055e-17 
 4546.4367123   1.09248460447e-16 
 4550.6882565   1.35717907036e-16 
  4554.941166   1.26152742724e-16 
 4559.1927102   1.09749893186e-16 
 4563.4442544   1.02588175097e-16 
 4567.6971639   1.01526047162e-16 
 4571.9487081   9.35081793206e-17 
 4576.2002523    9.2247422718e-17 
 4580.4531618   9.13348348244e-17 
  4584.704706   1.02538422173e-16 
 4588.9562502   1.09162266265e-16 
 4593.2091597   9.42441089472e-17 
 4597.4607039   9.45662277473e-17 
 4601.7122481   1.07049836549e-16 
 4605.9637923   1.13518516708e-16 
 4610.2167018   1.03060960247e-16 
  4614.468246   9.83611388437e-17 
 4618.7197902   1.05709118829e-16 
 4622.9726997   1.18669917797e-16 
 4627.2242439   1.22913389704e-16 
 4631.4757881   1.02133968342e-16 
 4635.7286976    8.9235597341e-17 
 4639.9802418   1.10733674145e-16 
  4644.231786   1.04683994556e-16 
 4648.4846955   1.03860961409e-16 
 4652.7362397   9.89014670978e-17 
 4656.9877839   9.22068526473e-17 
 4661.2393281   9.54880347188e-17 
 4665.4922376   8.98280559036e-17 
 4669.7437818   9.50510007789e-17 
  4673.995326   1.09012248557e-16 
 4678.2482355   1.08781513017e-16 
 4682.4997797   9.47765265896e-17 
 4686.7513239   8.12178193522e-17 
 4691.0042334   7.96559351626e-17 
 4695.2557776   9.86069731854e-17 
 4699.5073218   1.13918408203e-16 
 4703.7602313   8.44808965079e-17 
 4708.0117755    9.3664252226e-17 
 4712.2633197    1.0877706907e-16 
 4716.5162292   1.09121676069e-16 
 4720.7677734   9.43679403894e-17 
 4725.0193176   8.40335001505e-17 
 4729.2708618    1.0660183977e-16 
 4733.5237713   1.19122621664e-16 
 4737.7753155   1.18633163339e-16 
 4742.0268597   1.08918813957e-16 
 4746.2797692   9.47632477068e-17 
 4750.5313134   1.20831948577e-16 
 4754.7828576   1.41984518286e-16 
 4759.0357671   9.68676450448e-17 
 4763.2873113    7.4805058179e-17 
 4767.5388555   1.01801225325e-16 
  4771.791765   1.13570037476e-16 
 4776.0433092   1.02298173859e-16 
 4780.2948534    9.7669997567e-17 
 4784.5463976    1.0714637124e-16 
 4788.7993071   1.08676072545e-16 
 4793.0508513   1.00219481606e-16 
 4797.3023955   1.07361352573e-16 
  4801.555305   9.39624590702e-17 
 4805.8068492    1.1142743586e-16 
 4810.0583934     1.053849705e-16 
 4814.3113029   9.83562831904e-17 
 4818.5628471   1.06632366612e-16 
 4822.8143913   8.82461089241e-17 
 4827.0673008   9.89521623109e-17 
  4831.318845   1.09866756863e-16 
 4835.5703892   1.06066674764e-16 
 4839.8232987   9.04181212743e-17 
 4844.0748429   8.01459520608e-17 
 4848.3263871   9.33628378463e-17 
 4852.5779313   1.20269435583e-16 
 4856.8308408   1.22014666119e-16 
  4861.082385   9.36857453033e-17 
 4865.3339292   1.07153592126e-16 
 4869.5868387   1.27638632384e-16 
 4873.8383829    1.1875425884e-16 
 4878.0899271   1.00702587605e-16 
 4882.3428366   1.01867440568e-16 
 4886.5943808   1.11833666623e-16 
  4890.845925   9.90252022508e-17 
 4895.0988345   8.83785121161e-17 
 4899.3503787   1.00843523355e-16 
 4903.6019229   9.54851370572e-17 
 4907.8534671   7.54574387733e-17 
 4912.1063766   7.94428311855e-17 
 4916.3579208   9.21535227177e-17 
  4920.609465   8.98784996065e-17 
 4924.8623745   7.69802027781e-17 
 4929.1139187   8.95438012613e-17 
 4933.3654629   8.93600257299e-17 
 4937.6183724   7.62660219873e-17 
 4941.8699166   8.70164552979e-17 
 4946.1214608   9.78422933614e-17 
 4950.3743703   8.65521709585e-17 
 4954.6259145   7.67503461372e-17 
 4958.8774587   8.36503386044e-17 
 4963.1303682   8.20461322054e-17 
 4967.3819124   8.98706807391e-17 
 4971.6334566   1.08748785894e-16 
 4975.8850008   9.28102810998e-17 
 4980.1379103   8.94769202996e-17 
 4984.3894545   9.59735631563e-17 
 4988.6409987   9.87163286782e-17 
 4992.8939082   1.14403472168e-16 
 4997.1454524   1.17062098666e-16 
 5001.3969966   9.93479338775e-17 
 5005.6499061   1.08064345343e-16 
 5009.9014503   9.34916004541e-17 
 5014.1529945   7.95015290052e-17 
  5018.405904   8.98736994538e-17 
 5022.6574482   8.61702579936e-17 
 5026.9089924   8.31316864529e-17 
 5031.1619019   1.03415716412e-16 
 5035.4134461   9.12400462303e-17 
 5039.6649903   8.57739284203e-17 
 5043.9165345   8.92243269948e-17 
  5048.169444   8.79916795264e-17 
 5052.4209882   8.31076976041e-17 
 5056.6725324   8.21692949681e-17 
 5060.9254419   8.39668738196e-17 
 5065.1769861   8.26327658635e-17 
 5069.4285303   7.90051149198e-17 
 5073.6814398    7.9307704657e-17 
  5077.932984   8.06692568377e-17 
 5082.1845282   8.50696501742e-17 
 5086.4374377    9.2347819099e-17 
 5090.6889819   9.42441072367e-17 
 5094.9405261   8.96471472512e-17 
 5099.1920703   7.61259290833e-17 
 5103.4449798   8.65492508774e-17 
  5107.696524   9.17177934897e-17 
 5111.9480682   8.67400923081e-17 
 5116.2009777   9.81778875472e-17 
 5120.4525219   1.05248044086e-16 
 5124.7040661   9.15577979054e-17 
 5128.9569756   7.76085211618e-17 
 5133.2085198   8.32099734023e-17 
  5137.460064   8.88206215945e-17 
 5141.7129735   7.70370859314e-17 
 5145.9645177   6.95412015491e-17 
 5150.2160619   8.39983041013e-17 
 5154.4689714   8.63161960806e-17 
 5158.7205156   8.70695961506e-17 
 5162.9720598   9.14456964235e-17 
  5167.223604   8.13886066669e-17 
 5171.4765135   7.11502031052e-17 
 5175.7280577   8.74090453321e-17 
 5179.9796019   8.36668568189e-17 
 5184.2325114    6.8660798042e-17 
 5188.4840556   7.60907890313e-17 
 5192.7355998   8.79928096441e-17 
 5196.9885093   8.28933240421e-17 
 5201.2400535   7.66397223902e-17 
 5205.4915977   7.99909725644e-17 
 5209.7445072   8.16846220276e-17 
 5213.9960514   8.01659863114e-17 
 5218.2475956   8.25266159652e-17 
 5222.4991398   8.23969448861e-17 
 5226.7520493   7.62565534366e-17 
 5231.0035935   7.16365366126e-17 
 5235.2551377   6.45848339999e-17 
 5239.5080472   7.68986032244e-17 
 5243.7595914   8.36834791552e-17 
 5248.0111356    8.0715736809e-17 
 5252.2640451   8.16901115189e-17 
 5256.5155893   8.28820006393e-17 
 5260.7671335   7.75301663718e-17 
  5265.020043   7.37407517799e-17 
 5269.2715872   7.70698325927e-17 
 5273.5231314   8.64020336714e-17 
 5277.7760409   9.45892466612e-17 
 5282.0275851   8.80684471036e-17 
 5286.2791293   7.29318650564e-17 
 5290.5306735   8.89085531473e-17 
  5294.783583   8.56508268048e-17 
 5299.0351272   9.03030127495e-17 
 5303.2866714   9.01027432265e-17 
 5307.5395809   8.06649510012e-17 
 5311.7911251   9.35599989623e-17 
 5316.0426693   8.14398059085e-17 
 5320.2955788   8.72487896922e-17 
  5324.547123    8.9536308153e-17 
 5328.7986672   7.88419121607e-17 
 5333.0515767   7.78058793709e-17 
 5337.3031209   8.55754776957e-17 
 5341.5546651     7.834095615e-17 
 5345.8075746   8.02346324606e-17 
 5350.0591188   7.51364780271e-17 
  5354.310663   7.29465929448e-17 
 5358.5622072   7.56380832643e-17 
 5362.8151167   7.56298931234e-17 
 5367.0666609   8.64814654511e-17 
 5371.3182051   9.86637147142e-17 
 5375.5711146   8.90659078981e-17 
 5379.8226588   8.41316812435e-17 
  5384.074203   8.88113614546e-17 
 5388.3271125   8.61914211914e-17 
 5392.5786567   8.40047795193e-17 
 5396.8302009   8.91004830969e-17 
 5401.0831104   9.19780228826e-17 
 5405.3346546   8.71125534894e-17 
 5409.5861988   7.48150961827e-17 
  5413.837743   6.72053051265e-17 
 5418.0906525   7.12076341107e-17 
 5422.3421967   6.95805217812e-17 
 5426.5937409   7.41971772188e-17 
 5430.8466504   8.18643688997e-17 
 5435.0981946   8.49602419153e-17 
 5439.3497388   8.09368928424e-17 
 5443.6026483   7.93245579612e-17 
 5447.8541925   8.81734613425e-17 
 5452.1057367   7.03146018978e-17 
 5456.3586462   7.27318538828e-17 
 5460.6101904   8.05474228979e-17 
 5464.8617346   7.61499275188e-17 
 5469.1146441   8.19110816239e-17 
 5473.3661883   8.69804208538e-17 
 5477.6177325   8.40623737921e-17 
 5481.8692767   7.70748346386e-17 
 5486.1221862   8.18957605135e-17 
 5490.3737304    8.5330144117e-17 
 5494.6252746   7.60168964856e-17 
 5498.8781841   7.98517001918e-17 
 5503.1297283   7.90621833015e-17 
 5507.3812725   8.04396852724e-17 
  5511.634182    8.0983548207e-17 
 5515.8857262   7.54197040928e-17 
 5520.1372704   7.33506423719e-17 
 5524.3901799   8.15304116497e-17 
 5528.6417241   7.97985805277e-17 
 5532.8932683   7.56025455325e-17 
 5537.1448125   8.07662461276e-17 
  5541.397722    8.7356460582e-17 
 5545.6492662   8.42545121688e-17 
 5549.9008104   7.58241687532e-17 
 5554.1537199   6.50351032707e-17 
 5558.4052641   7.42654853628e-17 
 5562.6568083   7.92267370075e-17 
 5566.9097178   7.64896323203e-17 
  5571.161262   7.83500398535e-17 
 5575.4128062   7.27470801792e-17 
 5579.6657157   8.62517118884e-17 
 5583.9172599   9.87931534642e-17 
 5588.1688041   9.73886114674e-17 
 5592.4217136   9.16801645135e-17 
 5596.6732578   8.82633279297e-17 
  5600.924802   8.17623301875e-17 
 5605.1763462   7.96723742434e-17 
 5609.4292557   7.63095337788e-17 
 5613.6807999   6.77646247476e-17 
 5617.9323441    6.1080253432e-17 
 5622.1852536   6.39947770694e-17 
 5626.4367978   7.53472378337e-17 
  5630.688342   8.86458406977e-17 
 5634.9412515   7.34730019028e-17 
 5639.1927957   6.76473022441e-17 
 5643.4443399   8.14459143653e-17 
 5647.6972494   8.16404637712e-17 
 5651.9487936   7.49448193045e-17 
 5656.2003378   7.08886660675e-17 
 5660.4532473   7.18613304477e-17 
 5664.7047915   7.07645522266e-17 
 5668.9563357   7.55139218862e-17 
 5673.2078799   8.31018903784e-17 
 5677.4607894   6.81538127865e-17 
 5681.7123336   7.26348062585e-17 
 5685.9638778   7.04791890057e-17 
 5690.2167873   6.37706693679e-17 
 5694.4683315   6.47750402931e-17 
 5698.7198757   6.22160894532e-17 
 5702.9727852   5.54860707447e-17 
 5707.2243294   5.42701464445e-17 
 5711.4758736   5.93526524319e-17 
 5715.7287831   6.86271313718e-17 
 5719.9803273     7.129123641e-17 
 5724.2318715    6.2284529514e-17 
 5728.4834157   6.15552975373e-17 
 5732.7363252   6.40096431728e-17 
 5736.9878694   5.44505202977e-17 
 5741.2394136   4.73937892412e-17 
 5745.4923231   5.14817919913e-17 
 5749.7438673   5.08491484714e-17 
 5753.9954115   5.32624718439e-17 
  5758.248321    6.2587416057e-17 
 5762.4998652   5.98516257461e-17 
 5766.7514094   5.27039582965e-17 
 5771.0043189    6.0757942681e-17 
 5775.2558631   6.82595418539e-17 
 5779.5074073   4.96389920558e-17 
 5783.7603168   5.04428541504e-17 
  5788.011861   6.46272509855e-17 
 5792.2634052   6.05912053814e-17 
 5796.5149494   4.87906764132e-17 
 5800.7678589   5.92688860021e-17 
 5805.0194031   6.05178394714e-17 
 5809.2709473    6.0442761496e-17 
 5813.5238568   6.22338052321e-17 
  5817.775401   6.66227453197e-17 
 5822.0269452   7.31324823267e-17 
 5826.2798547   6.73595128611e-17 
 5830.5313989    5.5813594941e-17 
 5834.7829431   5.70454637389e-17 
 5839.0358526   7.02437401428e-17 
 5843.2873968   6.97707903953e-17 
  5847.538941   5.11727864842e-17 
 5851.7904852   5.41649429367e-17 
 5856.0433947   5.16872391693e-17 
 5860.2949389   6.30469123226e-17 
 5864.5464831   7.03748097321e-17 
 5868.7993926   5.88355756517e-17 
 5873.0509368   6.09875394829e-17 
  5877.302481   5.48856697987e-17 
 5881.5553905   5.47829371401e-17 
 5885.8069347   6.21989107806e-17 
 5890.0584789   6.47236285594e-17 
 5894.3113884   6.57268774198e-17 
 5898.5629326   7.49418876988e-17 
 5902.8144768   6.08752973809e-17 
 5907.0673863   6.08865968069e-17 
 5911.3189305   6.72286035041e-17 
 5915.5704747   6.04288145326e-17 
 5919.8220189   5.60988537407e-17 
 5924.0749284   6.01176321514e-17 
 5928.3264726   6.42401400128e-17 
 5932.5780168   5.58191130056e-17 
 5936.8309263   5.82589859047e-17 
 5941.0824705   7.39293594447e-17 
 5945.3340147   6.92934481053e-17 
 5949.5869242   6.73833658815e-17 
 5953.8384684    6.1742283294e-17 
 5958.0900126   5.69597613484e-17 
 5962.3429221   6.18911506719e-17 
 5966.5944663   6.73587146546e-17 
 5970.8460105   5.99315160719e-17 
   5975.09892   6.09915329679e-17 
 5979.3504642   6.13580199778e-17 
 5983.6020084   6.42480209584e-17 
 5987.8535526   6.70241650109e-17 
 5992.1064621   5.91054975247e-17 
 5996.3580063   5.94579711837e-17 
 6000.6095505   6.69476311045e-17 
   6004.86246   7.00609994741e-17 
 6009.1140042   7.28572654069e-17 
 6013.3655484   6.99356535138e-17 
 6017.6184579   4.93674656042e-17 
 6021.8700021   5.32058369405e-17 
 6026.1215463   6.18841426434e-17 
 6030.3744558    5.6408618575e-17 
     6034.626   5.60565635638e-17 
 6038.8775442   7.16879612713e-17 
 6043.1290884   6.90298274203e-17 
 6047.3819979   5.89886095858e-17 
 6051.6335421   5.22016559034e-17 
 6055.8850863   5.54287752358e-17 
 6060.1379958   6.11683430066e-17 
   6064.38954    5.6944971346e-17 
 6068.6410842   5.73981586557e-17 
 6072.8939937   6.19305516992e-17 
 6077.1455379     6.362468004e-17 
 6081.3970821   6.20226088186e-17 
 6085.6499916   5.95692353705e-17 
 6089.9015358   5.32688233151e-17 
   6094.15308    4.3733406377e-17 
 6098.4059895     4.749473807e-17 
 6102.6575337   5.72824316298e-17 
 6106.9090779   6.45198362423e-17 
 6111.1606221    7.0937839333e-17 
 6115.4135316   5.92648490783e-17 
 6119.6650758   5.33475636064e-17 
   6123.91662   6.03293021229e-17 
 6128.1695295   6.25263899381e-17 
 6132.4210737   5.27279591189e-17 
 6136.6726179   5.06238841846e-17 
 6140.9255274    6.1113054537e-17 
 6145.1770716   6.54848576717e-17 
 6149.4286158   6.23816318366e-17 
 6153.6815253   5.80290133212e-17 
 6157.9330695   5.37457971401e-17 
 6162.1846137   5.95328030888e-17 
 6166.4361579   6.13911396657e-17 
 6170.6890674   5.59608456176e-17 
 6174.9406116   5.78030678892e-17 
 6179.1921558    6.8393495532e-17 
 6183.4450653   6.61129895385e-17 
 6187.6966095   5.95495848017e-17 
 6191.9481537   5.70866287047e-17 
 6196.2010632     5.524611529e-17 
 6200.4526074   5.72337599955e-17 
 6204.7041516   6.70793206019e-17 
 6208.9570611    6.4065477076e-17 
 6213.2086053   6.67494544116e-17 
 6217.4601495   7.13506936073e-17 
  6221.713059   6.72148984235e-17 
 6225.9646032    6.1171097367e-17 
 6230.2161474   6.16566865931e-17 
 6234.4676916   5.26927029525e-17 
 6238.7206011   5.75155876639e-17 
 6242.9721453   6.17827290485e-17 
 6247.2236895   5.19518226921e-17 
  6251.476599   5.34503729992e-17 
 6255.7281432   6.04771232129e-17 
 6259.9796874   7.07774448447e-17 
 6264.2325969   7.24038329549e-17 
 6268.4841411   6.53952410623e-17 
 6272.7356853   6.15463398863e-17 
 6276.9885948    6.1934498688e-17 
  6281.240139   6.03770511525e-17 
 6285.4916832    6.0031396634e-17 
 6289.7445927   5.93874680017e-17 
 6293.9961369   5.61837409395e-17 
 6298.2476811   5.62628715343e-17 
 6302.4992253   4.95710044303e-17 
 6306.7521348    5.6324865616e-17 
  6311.003679   6.39032870342e-17 
 6315.2552232    5.9325036143e-17 
 6319.5081327   5.71016975608e-17 
 6323.7596769   6.07952092792e-17 
 6328.0112211   6.62083361967e-17 
 6332.2641306   7.34401587349e-17 
 6336.5156748   7.08150471045e-17 
  6340.767219   5.95398522457e-17 
 6345.0201285   6.27340767628e-17 
 6349.2716727   6.27853806922e-17 
 6353.5232169   6.36293047336e-17 
 6357.7747611   6.05626958647e-17 
 6362.0276706    5.3596777067e-17 
 6366.2792148   5.94501830829e-17 
  6370.530759   6.00065019686e-17 
 6374.7836685   5.51265377293e-17 
 6379.0352127   5.15069613225e-17 
 6383.2867569   5.53402737177e-17 
 6387.5396664   6.45116365924e-17 
 6391.7912106   6.55546406053e-17 
 6396.0427548   5.87982487321e-17 
 6400.2956643   5.44132594754e-17 
 6404.5472085   5.76259625513e-17 
 6408.7987527    6.1586504885e-17 
 6413.0516622   5.90771171701e-17 
 6417.3032064   6.16246316992e-17 
 6421.5547506   6.01447399807e-17 
 6425.8062948   5.60389785328e-17 
 6430.0592043   5.76479479864e-17 
 6434.3107485   5.92006433073e-17 
 6438.5622927   5.11126517293e-17 
 6442.8152022   6.14204047089e-17 
 6447.0667464   5.98879061871e-17 
 6451.3182906    4.5823400953e-17 
 6455.5712001   5.31535013505e-17 
 6459.8227443   4.82866568684e-17 
 6464.0742885   4.77527932481e-17 
  6468.327198   5.02512572207e-17 
 6472.5787422   5.29863835013e-17 
 6476.8302864   5.65025308635e-17 
 6481.0818306   5.31202943499e-17 
 6485.3347401   5.18520399678e-17 
 6489.5862843   4.12191272649e-17 
 6493.8378285   4.29697113073e-17 
  6498.090738   5.93690650522e-17 
 6502.3422822   5.39155150448e-17 
 6506.5938264   5.96115626403e-17 
 6510.8467359   5.48027798516e-17 
 6515.0982801    4.2792642531e-17 
 6519.3498243   4.16450599458e-17 
 6523.6027338   4.77955256108e-17 
  6527.854278   5.09196998609e-17 
 6532.1058222   5.04748318868e-17 
 6536.3587317   4.91404177415e-17 
 6540.6102759   4.76861569737e-17 
 6544.8618201   4.64103090023e-17 
 6549.1133643   4.95111588323e-17 
 6553.3662738   6.29153029152e-17 
  6557.617818   6.19783202709e-17 
 6561.8693622   5.51939339775e-17 
 6566.1222717   5.84021764109e-17 
 6570.3738159   5.15796918884e-17 
 6574.6253601   5.32709982334e-17 
 6578.8782696   4.75476366741e-17 
 6583.1298138    4.7119845041e-17 
  6587.381358   5.69462948048e-17 
 6591.6342675   4.94699050379e-17 
 6595.8858117   4.68015238371e-17 
 6600.1373559   5.32907160403e-17 
 6604.3889001    5.6603316281e-17 
 6608.6418096   5.12007012159e-17 
 6612.8933538   4.43807029047e-17 
  6617.144898   4.98790467802e-17 
 6621.3978075     5.341157713e-17 
 6625.6493517   4.60677598144e-17 
 6629.9008959   4.22741112407e-17 
 6634.1538054   5.38146404425e-17 
 6638.4053496   6.09074560393e-17 
 6642.6568938   5.31744069855e-17 
 6646.9098033   4.25099281146e-17 
 6651.1613475   4.04744666512e-17 
 6655.4128917   5.01531113278e-17 
 6659.6658012   5.95515914344e-17 
 6663.9173454   5.51051802387e-17 
 6668.1688896   4.86706534188e-17 
 6672.4204338   4.45695828265e-17 
 6676.6733433   4.38498512281e-17 
 6680.9248875   5.33432450915e-17 
 6685.1764317   5.25511880687e-17 
 6689.4293412   4.71652027943e-17 
 6693.6808854   5.23264837192e-17 
 6697.9324296    6.0018476973e-17 
 6702.1853391   4.98986224623e-17 
 6706.4368833   3.93830419329e-17 
 6710.6884275   3.96387371185e-17 
  6714.941337   4.63871754676e-17 
 6719.1928812   4.97510843121e-17 
 6723.4444254   4.63529918134e-17 
 6727.6973349   4.20738632751e-17 
 6731.9488791   4.68019890505e-17 
 6736.2004233   5.20138624442e-17 
 6740.4519675   5.15223075311e-17 
  6744.704877   5.16081161652e-17 
 6748.9564212    5.3531356921e-17 
 6753.2079654   5.44431576451e-17 
 6757.4608749    4.6959815511e-17 
 6761.7124191   4.21246403296e-17 
 6765.9639633   5.19364400454e-17 
 6770.2168728   5.59841399406e-17 
  6774.468417   4.06085793112e-17 
 6778.7199612   4.44250871229e-17 
 6782.9728707   5.97748416129e-17 
 6787.2244149    5.1784366073e-17 
 6791.4759591   4.25635239424e-17 
 6795.7275033   4.80534265495e-17 
 6799.9804128   5.33919666922e-17 
  6804.231957   5.72892300499e-17 
 6808.4835012   6.38314422653e-17 
 6812.7364107   5.94423587409e-17 
 6816.9879549    5.3592193786e-17 
 6821.2394991   4.90468801488e-17 
 6825.4924086   4.76734945212e-17 
 6829.7439528   5.06976681787e-17 
  6833.995497   5.64041236873e-17 
 6838.2484065   5.01652581142e-17 
 6842.4999507   4.46633320769e-17 
 6846.7514949   4.65276801363e-17 
 6851.0044044   4.76364829975e-17 
 6855.2559486   4.46647327399e-17 
 6859.5074928   5.04067409517e-17 
  6863.759037   4.59350722898e-17 
 6868.0119465   4.85650425033e-17 
 6872.2634907   5.84813503442e-17 
 6876.5150349   5.76123636753e-17 
 6880.7679444   5.59835198439e-17 
 6885.0194886   5.77546027584e-17 
 6889.2710328   5.09537880734e-17 
 6893.5239423   4.10916757419e-17 
 6897.7754865   3.84735610232e-17 
 6902.0270307   4.28579704686e-17 
 6906.2799402   4.71680110906e-17 
 6910.5314844    4.6808032549e-17 
 6914.7830286   4.50312090867e-17 
 6919.0345728   4.50625515665e-17 
 6923.2874823   4.28920467583e-17 
 6927.5390265   4.53712467286e-17 
 6931.7905707   4.55623657989e-17 
 6936.0434802   4.75563551363e-17 
 6940.2950244   4.94582291279e-17 
 6944.5465686   4.81447373606e-17 
 6948.7994781   4.36949456542e-17 
 6953.0510223   4.48322991283e-17 
 6957.3025665   4.85215737633e-17 
  6961.555476   4.65618169512e-17 
 6965.8070202   5.66353982616e-17 
 6970.0585644   5.42856593659e-17 
 6974.3114739   4.80229345528e-17 
 6978.5630181   4.45428377897e-17 
 6982.8145623   4.08878972062e-17 
 6987.0661065   5.23597008208e-17 
  6991.319016   4.31927295292e-17 
 6995.5705602   4.25218828716e-17 
 6999.8221044   5.16390774355e-17 
 7004.0750139   4.41479448972e-17 
 7008.3265581   4.03667656788e-17 
 7012.5781023   4.52007608113e-17 
 7016.8310118   5.16343045697e-17 
  7021.082556   5.17419583814e-17 
 7025.3341002   4.78961658958e-17 
 7029.5870097   4.81878716366e-17 
 7033.8385539   5.77757718008e-17 
 7038.0900981   5.25583330308e-17 
 7042.3430076   4.14472657013e-17 
 7046.5945518   4.87334318014e-17 
  7050.846096   4.90922917102e-17 
 7055.0976402   4.80448039815e-17 
 7059.3505497   4.90707992074e-17 
 7063.6020939   5.60044476434e-17 
 7067.8536381   6.23918436021e-17 
 7072.1065476   4.89946342408e-17 
 7076.3580918   4.51266779039e-17 
  7080.609636   4.79971966864e-17 
 7084.8625455    4.6873216972e-17 
 7089.1140897   4.63952303567e-17 
 7093.3656339   5.39468410698e-17 
 7097.6185434   5.49133941188e-17 
 7101.8700876   4.90766503759e-17 
 7106.1216318   4.22811555941e-17 
  7110.373176   3.88503552435e-17 
 7114.6260855   4.38120232764e-17 
 7118.8776297    4.4702808445e-17 
 7123.1291739   4.22070371109e-17 
 7127.3820834   4.72541040038e-17 
 7131.6336276   5.37105794272e-17 
 7135.8851718    3.8885435814e-17 
 7140.1380813   3.61929591391e-17 
 7144.3896255   4.58550807253e-17 
 7148.6411697   4.99330825261e-17 
 7152.8940792   4.33477138319e-17 
 7157.1456234   3.47206603129e-17 
 7161.3971676   4.67463290451e-17 
 7165.6500771   5.42908341268e-17 
 7169.9016213   4.55133453208e-17 
 7174.1531655   4.21566884032e-17 
 7178.4047097   4.34840059826e-17 
 7182.6576192   4.69845136845e-17 
 7186.9091634   4.52307337104e-17 
 7191.1607076   4.21024691364e-17 
 7195.4136171    3.8008130991e-17 
 7199.6651613   4.18349371726e-17 
 7203.9167055   4.54252452298e-17 
  7208.169615   5.01407631417e-17 
 7212.4211592   4.56407167465e-17 
 7216.6727034      3.44843698e-17 
 7220.9256129   5.15707056206e-17 
 7225.1771571   4.55484793301e-17 
 7229.4287013   3.57075911887e-17 
 7233.6802455   4.17117958747e-17 
  7237.933155   4.13993954155e-17 
 7242.1846992   4.62356176409e-17 
 7246.4362434   5.13602366555e-17 
 7250.6891529   5.27714293323e-17 
 7254.9406971   4.75086323929e-17 
 7259.1922413   5.07806963433e-17 
 7263.4451508   5.03893238965e-17 
  7267.696695   3.70339781209e-17 
 7271.9482392   2.71253726092e-17 
 7276.2011487   3.32721972343e-17 
 7280.4526929   4.78879297366e-17 
 7284.7042371   4.14157404936e-17 
 7288.9571466    4.7886702506e-17 
 7293.2086908   4.86975313434e-17 
  7297.460235   3.83427035152e-17 
 7301.7117792    4.1944334914e-17 
 7305.9646887   5.12972354083e-17 
 7310.2162329   5.68649719257e-17 
 7314.4677771   4.55909401146e-17 
 7318.7206866   3.49811044811e-17 
 7322.9722308   4.65779763834e-17 
  7327.223775   4.51125958756e-17 
 7331.4766845   3.72616892374e-17 
 7335.7282287   4.14239420109e-17 
 7339.9797729   4.99121853301e-17 
 7344.2326824   4.02746715235e-17 
 7348.4842266   4.02327743061e-17 
 7352.7357708   3.79019561413e-17 
 7356.9886803   3.73019107123e-17 
 7361.2402245   4.20094526306e-17 
 7365.4917687   3.95341318093e-17 
 7369.7433129   4.95279405179e-17 
 7373.9962224   4.27643821177e-17 
 7378.2477666   3.16846864076e-17 
 7382.4993108    3.5803067642e-17 
 7386.7522203   3.33895775588e-17 
 7391.0037645   3.15415646561e-17 
 7395.2553087   3.14067970039e-17 
 7399.5082182    3.0080543188e-17 
 7403.7597624   2.93509601377e-17 
 7408.0113066   3.58738247584e-17 
 7412.2642161    3.7427392277e-17 
 7416.5157603   3.88220165283e-17 
 7420.7673045   3.43975165236e-17 
 7425.0188487   2.18425498738e-17 
 7429.2717582   2.43709604324e-17 
 7433.5233024   2.58696105709e-17 
 7437.7748466    3.0187219729e-17 
 7442.0277561   3.16990280503e-17 
 7446.2793003   2.37431907892e-17 
 7450.5308445   2.66761095777e-17 
  7454.783754   2.49005776028e-17 
 7459.0352982   2.92890682042e-17 
 7463.2868424    3.8543884723e-17 
 7467.5397519   3.74610817704e-17 
 7471.7912961   4.00206118942e-17 
 7476.0428403   3.68351030769e-17 
 7480.2957498   3.63041474228e-17 
  7484.547294   4.04064265033e-17 
 7488.7988382    3.8154222126e-17 
 7493.0503824   3.76078235636e-17 
 7497.3032919   2.87592849607e-17 
 7501.5548361   2.56809573495e-17 
 7505.8063803   3.91130905603e-17 
 7510.0592898   5.20054421314e-17 
  7514.310834   5.06553067997e-17 
 7518.5623782   4.19505823132e-17 
 7522.8152877   3.28662982419e-17 
 7527.0668319   3.28938929321e-17 
 7531.3183761   4.42997066015e-17 
 7535.5712856   4.11811220414e-17 
 7539.8228298   3.27223663196e-17 
  7544.074374   2.77104587254e-17 
 7548.3259182   2.71312460165e-17 
 7552.5788277   3.78822393861e-17 
 7556.8303719   3.35599604511e-17 
 7561.0819161   2.92260102339e-17 
 7565.3348256   2.99640750848e-17 
 7569.5863698   2.98511993782e-17 
  7573.837914   4.10971162863e-17 
 7578.0908235   3.62855087653e-17 
 7582.3423677   3.27096324997e-17 
 7586.5939119   3.06639524189e-17 
 7590.8468214   1.85774307041e-17 
 7595.0983656   3.59757007792e-17 
 7599.3499098   3.37526142073e-17 
 7603.6028193   2.94247001989e-17 
 7607.8543635   4.77231551363e-17 
 7612.1059077   3.56628320549e-17 
 7616.3574519   2.30100186715e-17 
 7620.6103614   3.19418960498e-17 
 7624.8619056   4.39610511668e-17 
 7629.1134498   3.81449330531e-17 
 7633.3663593   2.96581664866e-17 
 7637.6179035   3.17921779285e-17 
 7641.8694477   3.96550248485e-17 
 7646.1223572    3.6218552689e-17 
 7650.3739014   2.60016612527e-17 
 7654.6254456   3.14419509123e-17 
 7658.8783551   4.10811567911e-17 
 7663.1298993    3.2583778523e-17 
 7667.3814435   3.07736164913e-17 
  7671.634353   4.82002268828e-17 
 7675.8858972   4.32586783739e-17 
 7680.1374414   2.70395666614e-17 
 7684.3889856   3.26718741859e-17 
 7688.6418951   4.30458692619e-17 
 7692.8934393   3.18725516571e-17 
 7697.1449835   2.66428126963e-17 
  7701.397893   3.02026360542e-17 
 7705.6494372   3.01857643161e-17 
 7709.9009814   2.23818695494e-17 
 7714.1538909    1.8241663391e-17 
 7718.4054351   3.53558245342e-17 
 7722.6569793   4.79525675278e-17 
 7726.9098888   4.15404701556e-17 
  7731.161433   3.29952659712e-17 
 7735.4129772   4.05140445993e-17 
 7739.6645214    3.2698496416e-17 
 7743.9174309   1.95924009944e-17 
 7748.1689751   1.71762583676e-17 
 7752.4205193   2.59922324398e-17 
 7756.6734288    3.6342113625e-17 
  7760.924973   4.30378269547e-17 
 7765.1765172   4.92488243348e-17 
 7769.4294267   4.77130954568e-17 
 7773.6809709   3.75195124297e-17 
 7777.9325151   3.62214179243e-17 
 7782.1854246   4.01118299699e-17 
 7786.4369688   4.15696464671e-17 
  7790.688513   3.33095917746e-17 
 7794.9414225    2.0329060016e-17 
 7799.1929667   2.68681899325e-17 
 7803.4445109   3.24503607886e-17 
 7807.6960551   3.76805716461e-17 
 7811.9489646   4.84359228554e-17 
 7816.2005088   5.40077285259e-17 
  7820.452053   5.73800592553e-17 
 7824.7049625   4.95925991496e-17 
 7828.9565067   3.41677427216e-17 
 7833.2080509   2.11388523287e-17 
 7837.4609604   1.63435451471e-17 
 7841.7125046    2.6839272498e-17 
 7845.9640488   4.15970699387e-17 
 7850.2169583   5.11565455647e-17 
 7854.4685025   5.41637167684e-17 
 7858.7200467   4.84713505044e-17 
 7862.9715909   2.65451933311e-17 
 7867.2245004    2.1677782469e-17 
 7871.4760446   3.12148709158e-17 
 7875.7275888   2.92520200544e-17 
 7879.9804983   3.64435153519e-17 
 7884.2320425   3.37334039323e-17 
 7888.4835867   2.22203869839e-17 
 7892.7364962   1.50455828745e-17 
 7896.9880404   1.94346125164e-17 
 7901.2395846   3.77622999911e-17 
 7905.4924941   3.38474907393e-17 
 7909.7440383   2.50616711541e-17 
 7913.9955825   3.05653074398e-17 
  7918.248492   2.68170067242e-17 
 7922.5000362   3.12115691365e-17 
 7926.7515804    3.8437350066e-17 
 7931.0031246   3.28696509798e-17 
 7935.2560341   2.70730576405e-17 
 7939.5075783    4.8528832094e-17 
 7943.7591225   3.32811402713e-17 
  7948.012032   2.09934982386e-17 
 7952.2635762    2.8351098932e-17 
 7956.5151204    1.7984868209e-17 
 7960.7680299   7.92851175207e-18 
 7965.0195741   1.74802919555e-17 
 7969.2711183   2.97977952309e-17 
 7973.5240278   2.88271940785e-17 
  7977.775572   2.52286396703e-17 
 7982.0271162   2.64807773281e-17 
 7986.2800257   1.68566688229e-17 
 7990.5315699   1.16948298998e-17 
 7994.7831141   2.55516320906e-17 
 7999.0346583   3.66145416247e-17 
 8003.2875678    3.9714764899e-17 
  8007.539112   3.71261872967e-17 
 8011.7906562   3.18524538495e-17 
 8016.0435657   3.05736237514e-17 
 8020.2951099   3.97774060098e-17 
 8024.5466541   3.40876287683e-17 
 8028.7995636   2.78299043447e-17 
 8033.0511078    2.8701638868e-17 
  8037.302652   2.53857220461e-17 
 8041.5555615   3.32628787604e-17 
 8045.8071057    3.3044157007e-17 
 8050.0586499   2.86922512593e-17 
 8054.3101941   2.74522829348e-17 
 8058.5631036   2.13889261663e-17 
 8062.8146478    2.1615952936e-17 
  8067.066192   2.22898318003e-17 
 8071.3191015   2.63173279583e-17 
 8075.5706457   3.47206333953e-17 
 8079.8221899   2.80748453792e-17 
 8084.0750994    2.4990785589e-17 
 8088.3266436   2.89778571604e-17 
 8092.5781878   2.98744336081e-17 
 8096.8310973   2.53123255092e-17 
 8101.0826415   2.92089749251e-17 
 8105.3341857    2.3524729343e-17 
 8109.5870952   1.99582029348e-17 
 8113.8386394   2.15995720277e-17 
 8118.0901836    1.1285209401e-17 
 8122.3417278   2.89417081256e-17 
 8126.5946373   3.54849773831e-17 
 8130.8461815   3.05271932195e-17 
 8135.0977257   3.48004645039e-17 
 8139.3506352   3.34817713809e-17 
 8143.6021794   2.68197752077e-17 
 8147.8537236   2.38730993833e-17 
 8152.1066331   3.65715894026e-17 
 8156.3581773   5.18600899878e-17 
 8160.6097215   3.21954928185e-17 
  8164.862631     1.861375932e-17 
 8169.1141752   2.11445303707e-17 
 8173.3657194   2.30723520956e-17 
 8177.6172636   3.11204567679e-17 
 8181.8701731   2.99229678529e-17 
 8186.1217173   2.98635670489e-17 
 8190.3732615   3.17683134444e-17 
  8194.626171   3.32592789377e-17 
 8198.8777152   3.27413101157e-17 
 8203.1292594   3.42744077756e-17 
 8207.3821689   3.18137330737e-17 
 8211.6337131   2.45306294709e-17 
 8215.8852573   2.23786935752e-17 
 8220.1381668   2.29457041025e-17 
  8224.389711   2.63481916267e-17 
 8228.6412552   3.54557549086e-17 
 8232.8941647   3.50516665867e-17 
 8237.1457089   2.55543489205e-17 
 8241.3972531   2.65133552475e-17 
 8245.6487973   3.32197880624e-17 
 8249.9017068   3.04257848938e-17 
  8254.153251   2.24720582478e-17 
 8258.4047952   3.19144488823e-17 
 8262.6577047   2.43868140118e-17 
 8266.9092489    2.2186085184e-17 
 8271.1607931   3.17486411483e-17 
 8275.4137026   3.08010739265e-17 
 8279.6652468   2.91381303321e-17 
  8283.916791   3.72059510721e-17 
 8288.1697005   4.38944295161e-17 
 8292.4212447   4.06360612949e-17 
 8296.6727889   3.64226094622e-17 
 8300.9243331   1.58490761429e-17 
 8305.1772426   1.01917642006e-17 
 8309.4287868   1.76458832702e-17 
  8313.680331   2.36048104995e-17 
 8317.9332405   3.88541990491e-17 
 8322.1847847   2.86438727496e-17 
 8326.4363289   2.35726168113e-17 
 8330.6892384   2.91223507489e-17 
 8334.9407826    2.3621252158e-17 
 8339.1923268   2.19222485186e-17 
 8343.4452363   1.76589836862e-17 
 8347.6967805   2.34274909694e-17 
 8351.9483247   3.62468802541e-17 
 8356.2012342    3.1832478941e-17 
 8360.4527784   2.21091637028e-17 
 8364.7043226   2.99741286919e-17 
 8368.9558668   3.82792776678e-17 
 8373.2087763   2.82032476071e-17 
 8377.4603205   1.93066986358e-17 
 8381.7118647   1.81017618552e-17 
 8385.9647742   2.05918932843e-17 
 8390.2163184    2.4398935736e-17 
 8394.4678626   2.70298611159e-17 
 8398.7207721   2.30993614122e-17 
 8402.9723163   1.87297838577e-17 
 8407.2238605   2.14830364177e-17 
   8411.47677   2.42984060041e-17 
 8415.7283142   1.75143599692e-17 
 8419.9798584   1.76521445937e-17 
 8424.2327679    1.1674166909e-17 
 8428.4843121   1.21284648181e-17 
 8432.7358563    3.2036032282e-17 
 8436.9874005   3.95228469174e-17 
   8441.24031   3.03035818068e-17 
 8445.4918542   3.17338425072e-17 
 8449.7433984   3.72624049282e-17 
 8453.9963079   2.56916926375e-17 
 8458.2478521   4.01942977186e-17 
 8462.4993963   2.87103609446e-17 
 8466.7523058   5.15158159433e-18 
   8471.00385   1.23755701286e-17 
 8475.2553942   3.08813086626e-17 
 8479.5083037   2.93698179234e-17 
 8483.7598479   2.71008444892e-17 
 8488.0113921   2.87996266164e-17 
 8492.2629363   1.97719638618e-17 
 8496.5158458   1.15710232971e-17 
   8500.76739   7.62821313422e-18 
 8505.0189342   3.87780914213e-18 
 8509.2718437   4.24472327532e-18 
 8513.5233879   1.60577191379e-17 
 8517.7749321   2.55176406636e-17 
 8522.0278416   3.73646348755e-17 
 8526.2793858   3.96414287097e-17 
   8530.53093     3.093540271e-17 
 8534.7838395   3.74922729009e-17 
 8539.0353837   2.98636646431e-17 
 8543.2869279   4.32113078852e-17 
 8547.5398374   5.93732104052e-17 
 8551.7913816   2.95512023282e-17 
 8556.0429258   1.63014202111e-17 
   8560.29447   2.02826697926e-17 
 8564.5473795   2.64286229257e-17 
 8568.7989237   2.90725380345e-17 
 8573.0504679   2.80659023899e-17 
 8577.3033774   1.80405752442e-17 
 8581.5549216   1.54203779583e-17 
 8585.8064658   2.50968828579e-17 
 8590.0593753   3.29458822681e-17 
 8594.3109195   2.90284192621e-17 
 8598.5624637   2.54692752878e-17 
 8602.8153732   1.52965233321e-17 
 8607.0669174   8.00271464801e-18 
 8611.3184616   2.54151072514e-17 
 8615.5700058   4.10211633747e-17 
 8619.8229153   4.46040582105e-17 
 8624.0744595   4.71557358514e-17 
 8628.3260037     4.682706242e-17 
 8632.5789132   2.75706597995e-17 
 8636.8304574   3.43743910207e-17 
 8641.0820016   3.25589197147e-17 
 8645.3349111   1.85167118942e-17 
 8649.5864553   2.31251376953e-17 
 8653.8379995   1.10576623982e-17 
  8658.090909   1.16151994519e-17 
 8662.3424532   1.32969496037e-17 
 8666.5939974   1.31465701231e-17 
 8670.8469069   3.75011253202e-17 
 8675.0984511   3.08613168268e-17 
 8679.3499953   1.87792856218e-17 
 8683.6015395   1.90501376741e-17 
  8687.854449   2.18597894251e-17 
 8692.1059932   3.23592210844e-17 
 8696.3575374   3.13819137525e-17 
 8700.6104469   2.79924962545e-17 
 8704.8619911   3.26965065867e-17 
 8709.1135353   3.49773294568e-17 
 8713.3664448   2.66618075981e-17 
  8717.617989   2.26414754672e-17 
 8721.8695332   3.11921354593e-17 
 8726.1224427   3.28706829222e-17 
 8730.3739869   7.49118379332e-18 
 8734.6255311   9.84959078137e-18 
 8738.8784406   1.20607681369e-17 
 8743.1299848   2.67078269368e-19 
  8747.381529   6.97615189635e-18 
 8751.6330732   2.67766948543e-17 
 8755.8859827   3.36450308432e-17 
 8760.1375269    2.7221966865e-17 
 8764.3890711   2.22582848668e-17 
 8768.6419806    2.4980034258e-17 
 8772.8935248   3.92533291126e-17 
  8777.145069   6.07901077482e-17 
 8781.3979785   5.96882583732e-17 
 8785.6495227   2.50481938641e-17 
 8789.9010669   6.96142066283e-18 
 8794.1539764   1.80487940838e-17 
 8798.4055206   2.43006622607e-17 
 8802.6570648   1.76452513265e-17 
  8806.908609   2.28601802064e-17 
 8811.1615185   1.10029510286e-17 
 8815.4130627   4.92213845968e-18 
 8819.6646069   1.77529626858e-17 
 8823.9175164   2.19974310876e-17 
 8828.1690606  -5.48024286808e-18 
 8832.4206048   1.11936817754e-17 
 8836.6735143   3.08695299167e-17 
 8840.9250585   1.81637210595e-17 
 8845.1766027   1.43565942465e-17 
 8849.4295122   3.14090515556e-17 
 8853.6810564   2.74963388001e-17 
 8857.9326006   2.68688159871e-17 
 8862.1855101   3.20932355925e-17 
 8866.4370543   3.89541794438e-17 
 8870.6885985   2.88273261672e-17 
 8874.9401427     2.289751816e-17 
 8879.1930522   2.12411211557e-17 
 8883.4445964   2.82446237272e-17 
 8887.6961406   1.38566858599e-17 
 8891.9490501   1.91120250979e-17 
 8896.2005943   3.22063123317e-17 
 8900.4521385   2.55271094383e-17 
  8904.705048   1.67999193966e-17 
 8908.9565922   2.44185796582e-17 
 8913.2081364   1.06224172306e-17 
 8917.4610459  -1.41809580555e-17 
 8921.7125901     2.657312511e-19 
 8925.9641343   4.75994776031e-17 
 8930.2156785   6.66074125195e-17 
  8934.468588   4.12782805407e-17 
 8938.7201322   1.13575152938e-17 
 8942.9716764   1.18724312463e-17 
 8947.2245859   1.08447778863e-17 
 8951.4761301   1.58717014194e-17 
 8955.7276743   3.14687382058e-17 
 8959.9805838   3.13957482496e-17 
  8964.232128  -5.20749878041e-18 
 8968.4836722  -3.08291582152e-18 
 8972.7365817   3.25110105383e-17 
 8976.9881259   4.52105567386e-17 
 8981.2396701   2.17084064704e-17 
 8985.4925796    2.3614925761e-17 
 8989.7441238   5.15154768399e-17 
  8993.995668   5.45886572554e-17 
 8998.2472122   2.54675553089e-17 
 9002.5001217   2.21277658439e-17 
