# STATUS =
# OBJECT = PTF10aagc
# TELESCOPE = Keck1
# INSTRUMENT = LRIS
# DATE-OBS = 2011-02-01 00:00:00.00
# MJD = 55593.0
# EXPTIME = 0
# AIRMASS = --
# SLIT = 0
# DISPERSER = --
# SOURCE = 2018ApJ...855....2Q
# FILTER =
# RESOLUTION =
# FLUX_STANDARD =
# EXTINCTION_CORRECTED = --
# PHOTOMETRY_CALIBRATED =
# TELLURIC_CORRECTED =
# FLUX_UNITS = Other
# WAVE_UNITS = Angstrom
# QUALITY = --
# MIN_WAVE = 3408.9999727
# MAX_WAVE = 10236.0978941
# COMMENT = Spectrum is the smoothed version. For the unbinned versions check the related files - clipped or raw.  [Data obtained from:R. Quimby] [Prev. spec info - createdby: ofer-UploadSet; modifiedby: ofer-UploadSet]
    Wavelength       Flux      Error 
  3412.4026546  0.6768882  0.1668839 
  3415.8177098  0.6714021  0.1648281 
  3419.2327652  0.6765192  0.1633446 
  3422.6596046  0.6582634  0.1617334 
  3426.0746598  0.6638665  0.1594916 
  3429.5017939  0.6568223  0.1578654 
  3432.9407121  0.6413574  0.1556077 
  3436.3678462  0.6494816  0.1540033 
  3439.8070591  0.6403794  0.1518713 
  3443.2459773  0.6383792  0.1503624 
  3446.6851902  0.6438258  0.1483388 
  3450.1361871  0.6486812  0.1470406 
  3453.5874788  0.6508597   0.145758 
  3457.0387704  0.6291104  0.1441027 
  3460.5018462  0.6273914    0.14295 
  3463.9531379  0.6561389  0.1414439 
  3467.4162136  0.6506667  0.1403159 
  3470.8916629  0.6464775  0.1387583 
  3474.3547386  0.6555026  0.1377822 
  3477.8301879  0.6613771  0.1364183 
  3481.3174212  0.6798745  0.1355048 
  3484.7928704  0.6725202  0.1342688 
  3488.2801038  0.6542365  0.1333684 
  3491.7673371  0.6642025  0.1321194 
  3495.2548652  0.6784416  0.1312906 
  3498.7541773  0.6820796  0.1301849 
  3502.2537841  0.6803862  0.1293471 
  3505.7530962  0.6664133  0.1280809 
  3509.2644871  0.6735986  0.1272463 
  3512.7761727  0.6554233   0.125919 
  3516.2875636  0.6871443  0.1250299 
  3519.7989546  0.7072606  0.1238884 
  3523.3227189   0.696907  0.1230481 
  3526.8461886  0.7243957  0.1218068 
  3530.3696584  0.7332767  0.1210622 
  3533.9055015  0.7272511   0.119873 
    3537.44105  0.7379529  0.1190651 
  3540.9765985  0.7128277  0.1180112 
  3544.5124416   0.705449  0.1172605 
  3548.0600689  0.7249627     0.1162 
  3551.6076962  0.7199661  0.1156319 
  3555.1553235  0.7192034  0.1146958 
  3558.7150296  0.7252671  0.1143875 
  3562.2750302  0.7466036  0.1135305 
  3565.8347364  0.7909833  0.1128689 
  3569.4065212  0.8048894   0.111895 
  3572.9662273  0.7848875  0.1113586 
  3576.5380121   0.782868  0.1103881 
  3580.1221704  0.7669508  0.1097358 
  3583.7060341  0.7676542   0.108965 
  3587.2898977  0.7851395    0.10819 
  3590.8737614  0.7804236  0.1077006 
  3594.4697038  0.7636474  0.1070571 
  3598.0535675  0.7592644  0.1065925 
  3601.6615886  0.7818162  0.1058959 
  3605.2575311  0.8044196  0.1053524 
  3608.8655523  0.8000648  0.1045346 
  3612.4735735  0.7993623   0.104146 
  3616.0815948  0.7881834   0.103323 
  3619.7016948  0.8013182  0.1025194 
  3623.3217948  0.8083791   0.102085 
  3626.9418948   0.788985  0.1012828 
  3630.5740735  0.7703075  0.1008641 
  3634.2062523  0.7955382  0.1001004 
  3637.8384311  0.7929624  0.0995978 
  3641.4706098  0.8084749   0.098908 
  3645.1148675  0.8110524  0.0981296 
   3648.759125  0.8245315  0.0977264 
  3652.4154614  0.8228391  0.0969428 
  3656.0597189  0.8365756  0.0964411 
  3659.7160552  0.8241951  0.0957874 
  3663.3844704  0.8319193  0.0952897 
  3667.0405121  0.8506585   0.094889 
  3670.7089273  0.8670173  0.0941353 
  3674.3773425   0.895429  0.0936559 
  3678.0578364  0.8982328  0.0929916 
  3681.7383302  0.8925893  0.0922955 
  3685.4185296  0.9047294  0.0920058 
  3689.0990235  0.9100844  0.0912937 
  3692.7915962   0.902142   0.090519 
  3696.4841689  0.9266675  0.0900862 
  3700.1767416  0.9193086   0.089324 
  3703.8810985  0.9143246  0.0888396 
    3707.58575  0.9084737  0.0880351 
  3711.2904015  0.9032505  0.0872869 
  3715.0068371  0.8948404  0.0867562 
  3718.7235675  0.8901141  0.0860737 
  3722.4402977  0.8933697  0.0853008 
  3726.1567334  0.9073631   0.084797 
  3729.8855425  0.9108217  0.0841531 
  3733.6143515  0.9111115  0.0834429 
  3737.3549448  0.9145182  0.0830463 
  3741.0837538  0.9250074  0.0823782 
  3744.8246416  0.9179012  0.0820173 
  3748.5773136  0.9193845  0.0813962 
  3752.3302802  0.9052367  0.0808664 
  3756.0708735  0.9084871  0.0804978 
  3759.8359189  0.8945662  0.0800353 
  3763.5885909   0.901982  0.0794825 
  3767.3536364  0.9014115  0.0791004 
  3771.1183871  0.8776685  0.0785147 
  3774.8955114  0.8911994  0.0778494 
  3778.6723409  0.9013592  0.0772257 
  3782.4494652  0.8965467  0.0767415 
  3786.2262948  0.8896143  0.0761363 
  3790.0154977  0.8761669  0.0755632 
  3793.8044061  0.8804162  0.0752731 
  3797.6056879   0.879271  0.0747152 
  3801.3945962  0.8710982   0.074226 
  3805.1955834  0.8800431  0.0738563 
  3809.0089439  0.8706368    0.07333 
  3812.8099311  0.8639165  0.0727033 
  3816.6232916  0.8502663  0.0721228 
  3820.4484364  0.8353025  0.0717399 
  3824.2615023   0.831061    0.07131 
  3828.0869416  0.8281381  0.0710125 
  3831.9241652  0.8284891  0.0712943 
  3835.7493098  0.8416667  0.0708316 
  3839.5865334  0.8546619  0.0702326 
  3843.4240515  0.8497342  0.0695964 
  3847.2733538  0.8548808  0.0692746 
  3851.1226561  0.8710466  0.0686902 
  3854.9719584   0.866726  0.0681467 
  3858.8215552  0.8657288  0.0676093 
  3862.6829364   0.836385  0.0673299 
  3866.5443175  0.8211512  0.0668749 
  3870.4177773  0.8272253  0.0663809 
  3874.2791584  0.8199722  0.0659794 
  3878.1529129  0.8276715  0.0657054 
  3882.0384515  0.8452498  0.0653542 
  3885.9119114  0.8540004  0.0649771 
  3889.8095288  0.8443989  0.0646773 
  3893.6950675   0.848936  0.0644736 
  3897.5926848  0.8549904  0.0641759 
  3901.4903023  0.8491902   0.063824 
  3905.3879198  0.8453293  0.0635762 
  3909.2976159  0.8452584  0.0634843 
  3913.2073121  0.8478217  0.0632131 
  3917.1170084  0.8594186  0.0630115 
  3921.0387834  0.8629329  0.0627498 
  3924.9605584  0.8646497  0.0625816 
  3928.8823334  0.8869961  0.0624753 
  3932.8041084  0.9064488  0.0623145 
  3936.7379621  0.9067528  0.0621535 
  3940.6838948   0.907594  0.0619109 
  3944.6177485  0.9009565  0.0617194 
  3948.5636811  0.9147912  0.0616251 
  3952.5096136  0.9394875  0.0615198 
   3956.467625  0.9448399   0.061436 
  3960.4256364  0.9345344  0.0612611 
  3964.3836477  0.9408233  0.0611905 
  3968.3537379  0.9469476  0.0609443 
  3972.3114546  0.9526936  0.0609745 
  3976.2936235  0.9621537  0.0608661 
  3980.2637136  0.9387554  0.0606696 
  3984.2458825  0.9422163  0.0606205 
  3988.2280515  0.9510607  0.0603983 
  3992.2220046  0.9456149  0.0602365 
  3996.2162523  0.9399981  0.0602019 
     4000.2105    0.93998  0.0599716 
  4004.2047477  0.9171668  0.0598189 
  4008.2107796  0.9162027  0.0595741 
  4012.2171061  0.9178207   0.059388 
  4016.2355114  0.9316515  0.0591629 
  4020.2539166  0.9348325  0.0588683 
  4024.2720273  0.9349017  0.0587943 
  4028.2904325   0.950789  0.0585788 
  4032.3209166  0.9486012   0.058296 
  4036.3511061   0.946046  0.0580852 
  4040.3936689  0.9609173  0.0578667 
  4044.4359371  0.9754735  0.0575994 
     4048.4785  0.9794701   0.057423 
  4052.5210629  0.9803936  0.0572376 
  4056.5754098   0.979798  0.0569627 
  4060.6300515  0.9760072  0.0568825 
  4064.6964773  0.9795849  0.0566575 
  4068.7631977  0.9914741   0.056362 
  4072.8296235  0.9988613  0.0561288 
  4076.9084227  1.0009874  0.0558801 
  4080.9869273  0.9952764  0.0555879 
  4085.0657265  1.0059133  0.0553723 
  4089.1442311  0.9961056  0.0551608 
  4093.2351091  0.9894298  0.0548974 
  4097.3256925  0.9922168  0.0547267 
  4101.4283546  1.0010279  0.0545704 
  4105.5313114  0.9998625  0.0543182 
  4109.6339735  0.9982996   0.054217 
  4113.7490091  1.0014117  0.0540257 
  4117.8516712  1.0020043  0.0537783 
  4121.9784909  1.0042176  0.0535983 
  4126.0935265  1.0147012  0.0534285 
  4130.2203462  0.9991429  0.0533052 
  4134.3592448  1.0037668  0.0531181 
  4138.4863591  0.9988063  0.0530319 
  4142.6252575  0.9931493  0.0529471 
  4146.7641561  0.9928057  0.0527769 
  4150.9151334   0.995204  0.0523757 
  4155.0664052  0.9866166  0.0522765 
  4159.2294614  0.9833792  0.0525496 
  4163.3804386  0.9753696  0.0521756 
  4167.5434948  0.9640799  0.0518931 
  4171.7186296   0.961867  0.0516173 
  4175.8819802   0.959872  0.0513499 
  4180.0571152   0.961565  0.0510685 
  4184.2443288  0.9762071  0.0508531 
  4188.4315425  0.9938366  0.0506571 
  4192.6187561  0.9944912  0.0508079 
  4196.8059698  1.0010526  0.0507379 
  4201.0052621  1.0096852    0.05045 
  4205.2045546  1.0127813  0.0501868 
  4209.4162204  1.0083344  0.0499625 
  4213.6275916  1.0272558  0.0497024 
  4217.8389629   1.030733  0.0495078 
  4222.0503341  1.0396063  0.0493543 
  4226.2737841  1.0435153  0.0492358 
  4230.4972341  1.0465801  0.0490771 
  4234.7327629  1.0522957  0.0489864 
  4238.9682916  1.0503002  0.0489139 
  4243.2038204  1.0591403  0.0488563 
  4247.4511334  1.0606936  0.0487997 
  4251.6987409  1.0682869  0.0486982 
  4255.9463485  1.0588273  0.0486486 
  4260.2060348  1.0586121  0.0485993 
  4264.4657212  1.0495417  0.0484579 
  4268.7374864  1.0545539  0.0484273 
  4272.9971727  1.0598007   0.048362 
  4277.2689379   1.058989   0.048368 
  4281.5524871  1.0269674  0.0483561 
  4285.8363311  1.0171611  0.0483402 
   4290.120175  1.0120029    0.04833 
  4294.4040189  1.0124251  0.0482568 
  4298.6999416  1.0128735  0.0482589 
  4302.9955698   0.995639  0.0482696 
  4307.3035712  0.9867674  0.0482834 
  4311.6115727  0.9913962  0.0482911 
  4315.9313584  0.9818593  0.0482351 
  4320.2393598  0.9716072  0.0481744 
  4324.5594402   0.966805  0.0481982 
  4328.8913046  0.9634209   0.048271 
  4333.2113848  0.9644766  0.0482732 
  4337.5435439  0.9665655  0.0482617 
  4341.8874871  0.9677416  0.0482304 
   4346.231725  0.9726766  0.0481966 
  4350.5759629  0.9840684  0.0480211 
  4354.9319848  0.9782326  0.0479964 
  4359.2762227  0.9912449  0.0479569 
  4363.6443235  0.9820791  0.0479196 
  4368.0006402  0.9906509  0.0478737 
  4372.3687409  0.9918644  0.0478252 
  4376.7492152   0.987577  0.0477737 
  4381.1173159  0.9717452  0.0476251 
  4385.4977902  0.9737301  0.0474814 
  4389.8900485  0.9597195  0.0474025 
  4394.2826015  0.9708436  0.0473291 
  4398.6748598  0.9895687  0.0472534 
  4403.0794916   1.002022  0.0471926 
    4407.47175  1.0113657    0.04704 
  4411.8881659  1.0125494  0.0469644 
  4416.2927977  1.0104898  0.0468909 
  4420.7092136  1.0118113  0.0468095 
  4425.1377084  1.0222329   0.046723 
  4429.5544189  1.0340577  0.0465691 
  4433.9949925  1.0356275  0.0464155 
  4438.4234871  1.0476825  0.0463359 
  4442.8643552  1.0505698   0.046253 
  4447.3049288  1.0596879  0.0461737 
  4451.7575811  1.0750273  0.0460414 
  4456.1981546   1.079396  0.0459753 
  4460.6631802  1.0769078  0.0459077 
  4465.1158325  1.0684516  0.0458518 
  4469.5926425  1.0587014  0.0457349 
  4474.0573735  1.0661064  0.0457007 
  4478.5341834  1.0637777  0.0456959 
  4483.0112879  1.0704881  0.0457273 
  4487.4880977  1.0744728  0.0457009 
  4491.9769864   1.064747   0.045752 
  4496.4779538  1.0707831  0.0457962 
  4500.9668425   1.093272  0.0457548 
  4505.4678098  1.1103868  0.0453798 
  4509.9808561  1.1228383  0.0453661 
  4514.4818235  1.1456628  0.0453576 
  4519.0069485  1.1582149  0.0453634 
  4523.5199948  1.1740487  0.0453171 
  4528.0451198  1.1876118  0.0453394 
  4532.5702448   1.201606  0.0453787 
  4537.1074485  1.2025225  0.0453605 
  4541.6446523  1.2120603  0.0451518 
  4546.1818561  1.2230968  0.0449889 
  4550.7311386  1.2363884  0.0448855 
  4555.2804212  1.2414687  0.0448652 
  4559.8417825  1.2520494  0.0448976 
  4564.3910652  1.2683432  0.0449036 
  4568.9645052  1.2871408  0.0448013 
  4573.5258666  1.2881601  0.0447733 
  4578.0990121  1.3099813  0.0447496 
  4582.6845311  1.3224806   0.044652 
    4587.27005  1.3334883  0.0446308 
  4591.8555689  1.3550607  0.0446071 
  4596.4410879  1.3621458  0.0445076 
  4601.0383909  1.3870932  0.0444767 
  4605.6480675  1.3924385  0.0443748 
  4610.2456652  1.3983068  0.0443432 
  4614.8553416  1.4063462  0.0443098 
  4619.4768023  1.4192958  0.0442179 
  4624.0985575  1.4228041  0.0441896 
  4628.7203129  1.4217993  0.0441628 
  4633.3417735  1.4140815  0.0440748 
  4637.9756075  1.4166633  0.0440542 
  4642.6215204  1.4154552  0.0440336 
  4647.2671386  1.4223931  0.0440238 
  4651.9130515  1.4276137  0.0440093 
  4656.5586698  1.4305447  0.0439235 
  4661.2166614  1.4352103  0.0439023 
  4665.8743584  1.4270772  0.0438064 
  4670.5444288  1.4312046  0.0437736 
  4675.2142046  1.4368571  0.0437406 
  4679.8963538  1.4536523  0.0436472 
  4684.5661296  1.4671158  0.0436257 
  4689.2603575   1.462388  0.0436312 
  4693.9422121  1.4680665  0.0436099 
  4698.6364402  1.4784985  0.0435185 
  4703.3424523  1.4898086  0.0434886 
  4708.0487591  1.5011934  0.0434531 
  4712.7547712  1.5039662  0.0433598 
  4717.4607834  1.5107069  0.0433492 
  4722.1791689  1.5070885  0.0432671 
  4726.9093386  1.5237418  0.0433055 
  4731.6274296  1.5373753  0.0431927 
  4736.3699727  1.5532881  0.0431623 
  4741.1001425  1.5734127  0.0430854 
  4745.8423909  1.5934901  0.0430702 
  4750.5849341  1.6099777   0.042988 
  4755.3392614  1.6488349  0.0430352 
  4760.0935886  1.6579289  0.0429558 
  4764.8599948  1.6655498  0.0429366 
  4769.6146166  1.6790817  0.0428442 
  4774.3931015  1.6770718  0.0428233 
  4779.1595075  1.6843857   0.042737 
  4783.9379925  1.6883978  0.0427697 
  4788.7285561  1.7002726  0.0426818 
  4793.5191198  1.6950347   0.042653 
  4798.3096834  1.6875128  0.0425674 
  4803.1126204  1.7013266   0.042544 
  4807.9152629  1.6937963  0.0425132 
  4812.7179052  1.6977541  0.0424193 
  4817.5326265  1.6961931  0.0423894 
  4822.3473477   1.678689  0.0422897 
  4827.1741477  1.6698973  0.0423128 
  4832.0009477  1.6731575  0.0422192 
  4836.8277477  1.6715804  0.0421899 
  4841.6666265  1.6737375  0.0421053 
  4846.5055052  1.6826127   0.042081 
  4851.3564629  1.6733007   0.042047 
  4856.2074204  1.6704606  0.0419572 
  4861.0701621  1.6771094  0.0419342 
  4865.9211198  1.6771049  0.0418588 
  4870.7962348   1.681134  0.0418897 
    4875.67135  1.6744146  0.0418064 
  4880.5464652  1.6589726  0.0417239 
  4885.4215802   1.657149  0.0417567 
  4890.3084796  1.6551716  0.0416778 
  4895.1956735  1.6507748  0.0416084 
  4900.0949462  1.6548291  0.0415998 
  4904.9942189  1.6486458  0.0415875 
  4909.8934916  1.6405725  0.0417587 
  4914.8045485  1.6390585  0.0417625 
  4919.7279788  1.6397583  0.0416819 
  4924.6393302  1.6341041  0.0416399 
  4929.5745448   1.632376  0.0417741 
   4934.497975  1.6323538  0.0417624 
  4939.4334841  1.6346872  0.0416777 
  4944.3689931  1.6125934  0.0414833 
  4949.3159918  1.6014194  0.0413541 
  4954.2635796  1.5996149  0.0413675 
  4959.2235409  1.5774981  0.0412782 
  4964.1829129  1.5647284   0.041212 
  4969.1422848  1.5651414   0.041198 
  4974.1140302  1.5552135   0.041203 
  4979.0857757   1.543166  0.0411685 
  4984.0693052  1.5171798  0.0412009 
  4989.0528348  1.5125723  0.0412503 
  4994.0363645   1.495211  0.0413117 
  4999.0322675  1.4805257  0.0413422 
  5004.0399546  1.4737988   0.041365 
  5009.0358575  1.4541007  0.0414967 
  5014.0559181   1.438889   0.041515 
  5019.0636052  1.4332434  0.0415434 
  5024.0836659  1.4284343  0.0416215 
  5029.1031371  1.4319168  0.0416874 
  5034.1349819     1.4319  0.0417591 
  5039.1674159  1.4231079  0.0417718 
  5044.2110448  1.4213432  0.0417854 
  5049.2552629  1.4186999  0.0418987 
  5054.3112652  1.4196359  0.0419145 
  5059.3554832  1.4141291  0.0419883 
  5064.4232698  1.4120263  0.0419836 
   5069.479272  1.4105062  0.0419936 
  5074.5476477  1.3979079  0.0421157 
  5079.6278075  1.4022897  0.0420983 
  5084.7079675   1.409573  0.0421403 
  5089.7881273  1.4156303  0.0421236 
  5094.8806605  1.4250578  0.0421697 
  5099.9726046  1.4259646  0.0421652 
   5105.076922  1.4248646  0.0422686 
  5110.1812395  1.4330348  0.0422429 
  5115.2979302   1.450237   0.042264 
  5120.4140319  1.4609231   0.042219 
  5125.5307227  1.4646019  0.0421555 
  5130.6591977  1.4742506  0.0421888 
  5135.7876727  1.4678603   0.042136 
  5140.9279319  1.4649817  0.0421923 
  5146.0687802  1.4713382   0.042143 
  5151.2090395   1.451593  0.0421479 
   5156.361672  1.4507546  0.0420778 
  5161.5143046  1.4466974  0.0420723 
  5166.6793105  1.4325517  0.0420129 
  5171.8437273  1.4306005  0.0420067 
  5177.0205175  1.4311531  0.0419313 
  5182.1973075   1.432067  0.0419184 
  5187.3740977  1.4213325  0.0418502 
   5192.562672  1.4705884  0.0724045 
  5197.7636198  1.4569975  0.0709288 
  5202.9527832  1.4479392  0.0708014 
  5208.1655152  1.4102904   0.071029 
  5213.3664629  1.4190567  0.0714963 
  5218.5791948  1.4331516  0.0713495 
     5223.8043  1.4477476  0.0714867 
  5229.0294052   1.455254  0.0715306 
  5234.2545105  1.4623801  0.0712497 
     5239.4914  1.4402472  0.0713181 
  5244.7282895  1.4255086  0.0716703 
  5249.9775523  1.4197222  0.0717149 
  5255.2268152  1.4354783  0.0715489 
   5260.476078  1.4147676  0.0716777 
   5265.737125  1.4218475  0.0718818 
  5271.0105454  1.3978279  0.0717074 
  5276.2715925  1.3818898  0.0718588 
   5281.556797  1.4001223  0.0723491 
  5286.8302175  1.3912153  0.0725926 
   5292.115422  1.3997191  0.0724923 
      5297.413  1.3815603  0.0727045 
   5302.710578  1.3549811   0.072975 
  5308.0199402  1.3713622  0.0732263 
  5313.3175181  1.3757887  0.0734206 
  5318.6386645  1.3565814  0.0733069 
     5323.9604  1.3334893  0.0734747 
  5329.2821355  1.3386418  0.0735558 
  5334.6032819  1.3724816  0.0736565 
   5339.949175  1.3639406  0.0737705 
  5345.2826948  1.3757735  0.0740723 
  5350.6285879  1.4070408  0.0740779 
  5355.9862652  1.4491794  0.0740927 
  5361.3321582  1.4666702  0.0742115 
  5366.7016198  1.4656204  0.0744042 
   5372.059297  1.4677341  0.0743093 
  5377.4411319  1.4804054  0.0744856 
  5382.8111825  1.4883634  0.0746279 
  5388.2053909  1.5191292   0.074783 
  5393.5872257  1.5360289  0.0749144 
  5398.9808448  1.5003006  0.0750561 
  5404.3868371  1.5043195  0.0749105 
  5409.7810454  1.5098771  0.0750718 
   5415.198822  1.5306005  0.0752741 
  5420.6048145  1.5331259  0.0754732 
  5426.0349645  1.5273162  0.0756735 
  5431.4533302  1.5506924   0.075844 
  5436.8834802  1.5542223  0.0760502 
  5442.3254145  1.5602525  0.0762639 
  5447.7679379  1.5776848  0.0764764 
  5453.2222454   1.588997  0.0763557 
  5458.6641796   1.554648  0.0763188 
  5464.1308605   1.554799  0.0765631 
  5469.5969523  1.5700026  0.0768804 
  5475.0636332  1.5648715  0.0772364 
  5480.5415091  1.5682541  0.0776737 
  5486.0199743  1.5948837  0.0778109 
  5491.5108129  1.6099486  0.0781358 
  5497.0010621  1.6023977  0.0785751 
  5502.4919007  1.5977412  0.0797801 
  5507.9939341  1.6093402  0.0805183 
  5513.5089302  1.6180373  0.0802451 
  5519.0233371  1.6107218  0.0805481 
  5524.5383332   1.642332  0.0813546 
  5530.0645243   1.648649  0.0825427 
  5535.5913046  1.6517605   0.083923 
  5541.1304582  1.6743993  0.0854729 
  5546.6690227  1.6636909  0.0871317 
  5552.2199605  1.6870539  0.0888171 
  5557.7703091  1.6894118  0.0904241 
  5563.3336204  1.7093225  0.0918944 
  5568.8963425  1.7324799  0.0931255 
  5574.4590645  1.7691506  0.0940296 
  5580.0341598  1.7603438  0.0945999 
  5585.6210395  1.7451166  0.0947663 
  5591.2085082  1.7050505  0.0946188 
  5596.7953879  1.6473565  0.0941523 
  5602.3946409   1.608726  0.0934597 
  5607.9933046  1.6108086  0.0925653 
  5613.6043418  1.6039639  0.0915486 
  5619.2159681  1.5582265  0.0908798 
  5624.8387895  1.5242215  0.0898611 
     5630.4622  1.4963676  0.0890218 
  5636.0973948  1.4360455  0.0884868 
  5641.7208052  1.4043758  0.0884651 
  5647.3677841  1.3794395  0.0885492 
  5653.0153523  1.3390864  0.0869406 
  5658.6747046  1.3102843   0.085648 
  5664.3340569  1.3054408  0.0846299 
  5669.9934091  1.2997198  0.0835729 
  5675.6651348   1.260496  0.0824927 
  5681.3368605  1.2850904  0.0814038 
  5687.0203704  1.2701387  0.0803067 
  5692.7038802  1.2538809  0.0792286 
  5698.3991743  1.2877196  0.0781601 
  5704.1068418   1.296337  0.0770716 
   5709.802725  1.3081694  0.0759908 
  5715.5103925  1.2986335  0.0749478 
  5721.2304332  1.2628106  0.0739772 
  5726.9498848  1.2160468  0.0730249 
  5732.6817098  1.1674749  0.0717731 
  5738.4135348  1.1275195  0.0710103 
  5744.1577332  1.1448451  0.0702525 
  5749.8895582  1.1232898  0.0695123 
  5755.6455409  1.1058252  0.0687966 
  5761.4009341  1.1011972  0.0681494 
  5767.1692902   1.120549  0.0675377 
  5772.9370569  1.1376578  0.0669361 
  5778.7054129  1.1579413  0.0663819 
   5784.485553  1.1772288  0.0658663 
  5790.2656931  1.2034715   0.065527 
  5796.0576175  1.2352654  0.0651291 
  5801.8495418  1.2672116  0.0646204 
  5807.6538395  1.2952265  0.0641588 
  5813.4705105  1.3295572   0.064108 
  5819.2865925  1.3483377  0.0641465 
  5825.1026743  1.3702621  0.0635053 
  5830.9193454  1.4025577  0.0628613 
  5836.7595848  1.4290041  0.0627174 
  5842.5880402  1.4411823  0.0628811 
  5848.4282796  1.4308827  0.0631767 
  5854.2808925  1.4306567  0.0636106 
  5860.1335052  1.3804389  0.0641183 
  5865.9979023  1.3716182  0.0643895 
  5871.8622993  1.3152829  0.0648516 
  5877.7390698  1.2640456   0.065341 
  5883.6158402  1.2224611  0.0655754 
  5889.4926105   1.220432  0.0656964 
  5895.3929493  1.1983526  0.0656869 
  5901.2820931  1.1566683  0.0652817 
  5907.1824319  1.1572026  0.0649239 
  5913.0957332  1.1590232  0.0644329 
  5919.0084454  1.1422851  0.0638663 
  5924.9211575  1.1477059  0.0632653 
  5930.8580273  1.1561445   0.062759 
  5936.7831129  1.1531047  0.0618591 
  5942.7199825  1.1870081  0.0613355 
  5948.6692257  1.1983424  0.0608105 
  5954.6060954  1.2079746  0.0617426 
  5960.5671227   1.209554  0.0608738 
    5966.52815  1.2571841  0.0603902 
  5972.4891773  1.2620925  0.0599066 
   5978.462578  1.2751622  0.0594935 
  5984.4477629  1.3055552  0.0593802 
  5990.4329477  1.3281198  0.0595065 
  5996.4181325  1.3251317  0.0595925 
  6002.4156909  1.3379021  0.0597326 
  6008.4250332   1.349782  0.0599183 
  6014.4343757  1.3316972  0.0599867 
  6020.4437181   1.333197  0.0597821 
  6026.4648448  1.2961437  0.0598142 
  6032.4865605  1.3012064  0.0597608 
  6038.5200605  1.3192066  0.0596644 
  6044.5653448  1.3161649  0.0591365 
  6050.6112181   1.329041  0.0588196 
  6056.6565023  1.3062884  0.0584277 
  6062.7141598  1.2800401  0.0577574 
  6068.7718175  1.2566215  0.0572882 
  6074.8412591  1.2366019  0.0569647 
  6080.9230743  1.2438842  0.0564963 
  6087.0048895  1.2430145  0.0559214 
   6093.099078  1.2362945  0.0557238 
  6099.1808931  1.2524199  0.0556569 
  6105.2868659  1.2551085  0.0556753 
  6111.3922493  1.2497675  0.0558788 
   6117.498222  1.2567488  0.0551469 
  6123.6165681  1.2708601  0.0548238 
  6129.7461091  1.2369719  0.0546475 
  6135.8762395  1.2409428  0.0545038 
  6142.0063698  1.2591139  0.0543608 
  6148.1482841  1.2550029  0.0541463 
   6154.302572  1.2583109  0.0541106 
  6160.4568598  1.2631533  0.0538131 
  6166.6111477  1.2631129  0.0536933 
  6172.7772198  1.2714831  0.0534084 
  6178.9556652  1.2829456  0.0531976 
  6185.1341105  1.2854458  0.0530289 
  6191.3243402  1.2752643  0.0530172 
  6197.5145698  1.2956183  0.0527705 
  6203.7047993  1.2922608   0.052966 
  6209.9197757   1.285203  0.0532774 
  6216.1217895  1.2494317  0.0534326 
  6222.3367659  1.2381321  0.0538395 
  6228.5629371  1.2040675  0.0531411 
  6234.7896977  1.1962667  0.0528944 
  6241.0282425  1.2114469  0.0532141 
  6247.2667871  1.1984662  0.0537906 
  6253.5177052  1.1971405  0.0543524 
  6259.7680341  1.1817257  0.0548167 
  6266.0313257  1.1768463  0.0553292 
   6272.294028  1.1731651  0.0555886 
  6278.5685145  1.1655101  0.0562763 
  6284.8435902  1.1528254  0.0563698 
    6291.13045  1.1758318  0.0557252 
  6297.4296832  1.2100415  0.0554096 
  6303.7165431  1.2140135  0.0546924 
  6310.0275605  1.2159704  0.0540422 
   6316.338578  1.2199938  0.0533847 
  6322.6495954  1.2328407  0.0524991 
   6328.972397  1.2561401  0.0513451 
   6335.307572  1.2585593  0.0507326 
   6341.642747  1.2630697  0.0497533 
   6347.977922  1.3000684  0.0489315 
  6354.3254704  1.3128461   0.048198 
   6360.684803  1.3202024  0.0478551 
  6367.0441355   1.293175  0.0476364 
  6373.4152523  1.2949471  0.0473973 
  6379.7869582  1.2876467  0.0468339 
  6386.1698591  1.2877668  0.0465545 
  6392.5533493  1.3034478  0.0455645 
  6398.9492129  1.2632898  0.0517152 
  6405.3444871  1.2843925  0.0510448 
  6411.7521348  1.3184437  0.0508642 
  6418.1597825  1.3250229  0.0503822 
  6424.5792145  1.3385669   0.050402 
  6431.0110198  1.3651893  0.0501342 
   6437.442825  1.3767669  0.0503087 
  6443.8746302  1.3334913  0.0504557 
  6450.3182198  1.3227775  0.0504734 
  6456.7741825   1.314972  0.0506115 
  6463.2301454  1.3216213   0.050844 
  6469.6978925  1.3282813  0.0511873 
  6476.1538552   1.316081  0.0513021 
  6482.6339757  1.2854964  0.0513492 
  6489.1258802  1.2726609  0.0511801 
  6495.6060007  1.2432004  0.0511168 
  6502.1096895  1.1633925  0.0510402 
  6508.6021832  1.1325551  0.0509129 
  6515.1182454  1.1175373  0.0510322 
  6521.6343075  1.1361064  0.0510979 
  6528.1503698  1.1446031  0.0514277 
  6534.6788052  1.1614578  0.0511121 
   6541.219025  1.1631364  0.0516422 
  6547.7592448  1.1803834  0.0520346 
  6554.3118379  1.2043167  0.0514305 
  6560.8638418  1.1897666  0.0520326 
  6567.4288082  1.1771936  0.0519497 
  6573.9931855  1.1886007  0.0519938 
   6580.569347   1.206494  0.0519927 
  6587.1460977  1.2117349  0.0519358 
  6593.7346325  1.2055258   0.051739 
  6600.3231675   1.205211  0.0512315 
  6606.9240757  1.1869869  0.0503211 
  6613.5367681  1.1820116  0.0498035 
  6620.1494605  1.1685861  0.0489307 
  6626.7739371  1.1287693  0.0481362 
   6633.399003  1.1423684   0.047478 
   6640.035853  1.1316707  0.0463896 
   6646.672703  1.1403244  0.0458571 
  6653.3213371  1.1517493  0.0455314 
  6659.9705605  1.1654626  0.0454066 
  6666.6315681  1.1507744  0.0458395 
  6673.2925757  1.1687815  0.0459623 
  6679.9653675  1.1746633  0.0458641 
  6686.6505325  1.1662236   0.046069 
  6693.3356977  1.1608263  0.0459559 
   6700.032647  1.1799825  0.0461259 
  6706.7301855   1.178002  0.0456636 
  6713.4395082  1.1754293  0.0452865 
  6720.1606152  1.1911619  0.0448041 
  6726.8699379  1.1804264  0.0443249 
  6733.6034181  1.1767104   0.043719 
  6740.3363091  1.1752727  0.0431223 
  6747.0821629  1.1506855  0.0425055 
  6753.8274273  1.1528767  0.0424751 
  6760.5726918  1.1683367  0.0423588 
   6767.342703  1.1572112  0.0420725 
   6774.112125  1.1473182  0.0416755 
   6780.881547  1.1523691  0.0413713 
  6787.6633425  1.1375303  0.0412025 
  6794.4451379  1.1295305  0.0414479 
  6801.2387175  1.1548792   0.042045 
  6808.0446704  1.1694726  0.0424276 
  6814.8500341  1.1633512  0.0424895 
  6821.6683605  1.1741793  0.0431484 
  6828.4978819  1.1955811  0.0438512 
  6835.3162082  1.1791222  0.0444105 
   6842.158103  1.1730988  0.0451143 
  6848.9999977  1.1709234  0.0458354 
  6855.8418925  1.1435637  0.0465089 
  6862.7079448  1.1312481  0.0466594 
  6869.5622129  1.1151534  0.0466732 
  6876.4400493  1.0902882  0.0467467 
   6883.318475  1.0886689  0.0469368 
  6890.1969007  1.0794491   0.046487 
  6897.0871105  1.0499073  0.0463542 
  6903.9891046  1.0458987  0.0458072 
  6910.8916879  1.0394537  0.0452745 
  6917.8060552  1.0362905  0.0447586 
  6924.7204227   1.047441  0.0441039 
  6931.6465743  1.0779228  0.0440366 
  6938.5733152  1.0743918  0.0435266 
  6945.5118402  1.0276434  0.0429652 
  6952.4621493  1.0232404  0.0422726 
  6959.4130477  1.0285499  0.0415943 
  6966.3757302  1.0096343  0.0410177 
  6973.3384129  0.9922784   0.040465 
  6980.3128796  0.9803744  0.0401178 
  6987.2879355  1.0044836  0.0395362 
  6994.2865598   1.006844  0.0389106 
     7001.2734  1.0271447  0.0382993 
  7008.2843977  1.0263216  0.0382852 
   7015.283022  1.0403684  0.0381013 
  7022.3063931  1.0604485  0.0377346 
   7029.329175  1.0765742  0.0374928 
  7036.3519569  1.1142757  0.0374993 
  7043.3871121  1.1443051  0.0374964 
  7050.4346409  1.1663487  0.0372084 
  7057.4815802   1.166308  0.0370436 
  7064.5408931  1.1659261  0.0369816 
  7071.6119902  1.1403033  0.0368906 
  7078.6830871   1.114446  0.0367632 
  7085.7541841  1.1280633  0.0363839 
   7092.850028  1.1315703  0.0361316 
  7099.9329091  1.1060597  0.0359319 
  7107.0405371  1.0928479  0.0358238 
  7114.1481652  1.0822437  0.0357738 
  7121.2557931  1.0963819    0.03564 
  7128.3869895  1.0613487  0.0354096 
  7135.5069909  1.0501069  0.0352939 
  7142.6505605  1.0449414  0.0353043 
  7149.7941302  1.0651828  0.0356592 
     7156.9377  1.0756776  0.0358923 
  7164.0936431  1.0763139   0.035717 
  7171.2613704  1.0995381  0.0361915 
  7178.4290977  1.1108855  0.0365426 
  7185.6086091  1.1190094  0.0365832 
  7192.8010832   1.111972  0.0367034 
  7199.9929681  1.1090642  0.0373229 
   7207.184853  1.1063221  0.0388202 
  7214.4008954   1.109097   0.040391 
  7221.6169379  1.1174995  0.0418503 
  7228.8329802  1.1173468  0.0436942 
  7236.0608069  1.0879014   0.045645 
  7243.3010069  1.0943146  0.0475387 
  7250.5412069  1.0887136  0.0487988 
  7257.7937802  1.0641953  0.0487986 
  7265.0581379  1.0458928  0.0483069 
  7272.3224954  1.0512011   0.047768 
  7279.5986371  1.0562001  0.0461978 
  7286.8753681  1.0639346  0.0455738 
  7294.1638832  1.0387782  0.0449235 
  7301.4518091  1.0501355  0.0444934 
  7308.7526977  1.0663677  0.0445922 
  7316.0653704     1.0915  0.0442493 
  7323.3780431  1.0836545  0.0436563 
     7330.7025  1.0831144   0.043557 
  7338.0393302  1.0903403  0.0425248 
  7345.3761605   1.109796  0.0424942 
   7352.724775  1.1108056  0.0416037 
  7360.0733895  1.1109525  0.0409265 
  7367.4343773  1.1305161  0.0405483 
  7374.7953652  1.1012627  0.0396028 
  7382.1805105  1.0853578   0.038534 
  7389.5650668  1.0697854  0.0380515 
  7396.9502121  1.0398742  0.0374371 
  7404.3471418  1.0276725  0.0371309 
  7411.7564448  1.0091763  0.0366948 
  7419.1657477  1.0119416  0.0357386 
  7426.5868348  1.0156785  0.0354831 
   7434.007922  1.0005059  0.0354625 
  7441.4413825  0.9987115  0.0354785 
  7448.8866273  0.9862673  0.0354586 
   7456.331872  0.9888046   0.035727 
  7463.7894902  0.9901907  0.0357802 
  7471.2588925  0.9953277  0.0357002 
  7478.7282948  0.9950503  0.0354897 
  7486.2100704  0.9929948     0.0354 
  7493.6912569  0.9916479  0.0354561 
  7501.1848168  1.0032575  0.0360211 
    7508.69075  1.0113612  0.0355236 
  7516.1966832  0.9842786  0.0352194 
  7523.7144007  0.9897302  0.0352696 
  7531.2439023  0.9958562  0.0358879 
  7538.7616198  1.0009186  0.0362098 
  7546.3034948  1.0175834  0.0361171 
  7553.8577431  1.0164139  0.0362307 
  7561.4114023  1.0479705  0.0365635 
  7568.9774348  1.0537347  0.0371628 
  7576.5434675  1.0427693  0.0381329 
  7584.1212841  1.0524716  0.0397341 
  7591.6996902  1.0697098  0.0420643 
  7599.2898802    1.07335  0.0440896 
  7606.8918546  1.0629363  0.0448767 
  7614.5062023  1.0490047  0.0463993 
    7622.12055  1.0397555  0.0475553 
  7629.7348977  1.0259618  0.0481744 
   7637.373403  1.0246146  0.0488324 
  7645.0119082  1.0166042  0.0490891 
  7652.6498243  1.0056515  0.0467568 
   7660.300703  0.9982039  0.0439498 
  7667.9633659  1.0060422  0.0425246 
  7675.6378129  0.9879177  0.0428286 
  7683.3122598  0.9931033  0.0418298 
  7690.9867069   0.991641  0.0405262 
  7698.6859007  0.9992162  0.0399347 
  7706.3845052  1.0168128  0.0400489 
  7714.0954832  1.0086168  0.0397823 
   7721.805872  1.0300256  0.0402901 
  7729.5286341  1.0244066  0.0409606 
  7737.2637698  1.0482029  0.0407836 
  7744.9865319  1.0558821  0.0410754 
  7752.7340409  1.0746211  0.0408427 
  7760.4927448   1.113569  0.0396751 
  7768.2520379  1.1302859  0.0399647 
  7776.0231152  1.1615525  0.0402309 
  7783.7941925  1.1751812  0.0410787 
  7791.5894273  1.2028282  0.0413652 
   7799.372878   1.242386  0.0408854 
  7807.1681129  1.2824118  0.0408337 
  7814.9875052  1.3212297  0.0411957 
  7822.7945243  1.3384409  0.0420686 
  7830.6139168   1.374014  0.0427905 
  7838.4456825  1.4072417   0.043339 
  7846.2892325  1.4340345  0.0434832 
  7854.1327825  1.4424205  0.0436078 
  7861.9881168  1.4485716  0.0430811 
  7869.8558243  1.4332294  0.0434899 
  7877.7235319  1.4205817    0.04258 
  7885.6036129  1.4170119  0.0430894 
  7893.4831046  1.3635935  0.0426116 
  7901.3749698  1.3426729  0.0420124 
  7909.2792082  1.3076376  0.0405657 
  7917.1946418  1.2607083   0.040698 
  7925.1106645  1.2379465  0.0394864 
  7933.0390605  1.1790552  0.0401016 
  7940.9668675  1.1309922  0.0393328 
  7948.9070477  1.1091973  0.0394998 
  7956.8590121  1.0697719  0.0388576 
    7964.82335  1.0381576  0.0384309 
  7972.7876879  1.0040098  0.0385493 
  7980.7520257  1.0066541  0.0388951 
  7988.7399319  1.0281905  0.0402094 
  7996.7284273  1.0000521  0.0394156 
  8004.7287069  1.0082426  0.0386487 
  8012.7295757  1.0027436   0.038176 
  8020.7416395  0.9760596  0.0373851 
  8028.7666659  0.9856442  0.0365541 
   8036.791103  0.9559698  0.0356316 
  8044.8273243  0.9474006  0.0347712 
  8052.8765082  0.9415156  0.0337991 
   8060.925103   0.930701  0.0331435 
  8068.9854819  0.9271358  0.0327094 
  8077.0582341   0.915594  0.0319843 
  8085.1315757   0.902693  0.0316549 
  8093.2161121  0.8837619  0.0314274 
   8101.313022  0.8858001  0.0311463 
  8109.4099319  0.8758759  0.0306294 
  8117.5309993  0.8652452  0.0303358 
  8125.6402825  0.8585142  0.0302315 
  8133.7731341  0.8619516  0.0302143 
   8141.906575  0.8639428  0.0300468 
     8150.0518  0.8552827  0.0297244 
   8158.197025  0.8594432  0.0296151 
  8166.3540341   0.850132  0.0295688 
  8174.5234168  0.8399525  0.0295037 
  8182.6927993  0.8438023  0.0293625 
  8190.8863395  0.8500825  0.0290536 
  8199.0680954  0.8488736  0.0291563 
  8207.2734198  0.8431483  0.0294184 
  8215.4793332  0.8357624  0.0294451 
  8223.6964418  0.8505096   0.029117 
  8231.9265129   0.848995  0.0290712 
  8240.1559948   0.853119  0.0292963 
    8248.39785  0.8486025  0.0300121 
  8256.6397052   0.854915  0.0310341 
  8264.8933448  0.8502777  0.0324862 
  8273.1593575  0.8332521  0.0336558 
  8281.4371546  0.8332126    0.03426 
  8289.7155409   0.848214  0.0343168 
   8298.005122  0.8621441  0.0349495 
  8306.3076659  0.8457555  0.0356517 
  8314.6096204  0.8483396  0.0361283 
  8322.9357325  0.8576319  0.0368077 
  8331.2500605  0.8775994  0.0367636 
  8339.5879569  0.8935687  0.0359303 
  8347.9264425  0.9062986  0.0362138 
   8356.264928  0.8734255  0.0365171 
  8364.6269819  0.8734636  0.0380195 
   8372.989625  0.8876318  0.0390315 
  8381.3640523  0.9068398  0.0393997 
   8389.750853  0.8907773  0.0389827 
  8398.1370645  0.8986427  0.0378482 
  8406.5356493  0.8736345  0.0370988 
  8414.9466075   0.865923  0.0370298 
  8423.3575659  0.8664154  0.0386196 
  8431.7803082  0.8569871  0.0365725 
  8440.2148348  0.8326188  0.0350765 
  8448.6617348  0.8209271    0.03371 
  8457.1086348  0.8280469  0.0330195 
  8465.5555348  0.8125978  0.0325806 
  8474.0265925  0.8105875  0.0315575 
  8482.5094341  0.8202425  0.0314346 
  8490.9804918  0.8169138   0.030636 
  8499.4757069  0.8174393  0.0298784 
  8507.9832954  0.8191702  0.0295167 
  8516.4785105  0.8172975  0.0287819 
  8524.9978832  0.8155101  0.0280223 
  8533.5290402  0.8317503  0.0281669 
   8542.060197  0.8301508  0.0279961 
  8550.6037273  0.8399287  0.0278374 
  8559.1590418  0.8437085  0.0270515 
  8567.7149454  0.8510624    0.02707 
  8576.2826332  0.8568758  0.0280622 
  8584.8621052  0.8638908  0.0285519 
  8593.4415773  0.8531557  0.0287507 
  8602.0334227  0.8456694  0.0296592 
  8610.6370523  0.8384755  0.0310534 
  8619.2530552  0.8358387  0.0330594 
  8627.8690582  0.8143893  0.0349669 
  8636.4968454  0.7875205  0.0359653 
  8645.1364168  0.7852093  0.0366693 
  8653.7765773   0.751085  0.0371489 
  8662.4408954  0.7628849   0.036886 
  8671.1046243  0.7665033  0.0361175 
  8679.7689425  0.7562296   0.035669 
  8688.4450448  0.7445636   0.034242 
  8697.1453046    0.73307  0.0339778 
  8705.8337802  0.7373065  0.0304756 
  8714.5458243  0.7459068  0.0286501 
  8723.2584575  0.7374884  0.0284863 
   8731.982875  0.7548022  0.0290698 
  8740.7196659  0.7549703  0.0305878 
  8749.4558675  0.7578402  0.0316775 
  8758.2044425  0.7500412  0.0311926 
  8766.9653909   0.749431  0.0320562 
  8775.7375341  0.7351169  0.0319863 
  8784.5102668  0.7293848  0.0335392 
  8793.2953727  0.7235258  0.0332416 
  8802.0922629  0.7169495  0.0338585 
   8810.889153  0.7274986  0.0333656 
  8819.6978273  0.7245869  0.0339428 
   8828.518875  0.7438391   0.034237 
  8837.3517069  0.7574669  0.0358507 
   8846.185128  0.7719323  0.0363173 
  8855.0303332  0.7823476  0.0377933 
  8863.8873227   0.789941  0.0386688 
  8872.7566855  0.7859125  0.0387504 
  8881.6254591  0.7861856  0.0378909 
  8890.5071954  0.7811883  0.0368022 
  8899.4007159  0.7946374  0.0365187 
  8908.3060204  0.7910984  0.0360928 
   8917.211325  0.7854116  0.0366041 
   8926.129003  0.7718497  0.0336427 
  8935.0460918  0.7599306  0.0330057 
  8943.9879273   0.756485  0.0317652 
  8952.9297629   0.765847  0.0314633 
  8961.8833825  0.7539958  0.0303594 
  8970.8493757  0.7285758  0.0296976 
  8979.8147796  0.7257444  0.0283446 
  8988.7925569  0.7207381  0.0280504 
  8997.7827075  0.7267986  0.0273721 
  9006.7846425  0.7144955  0.0273769 
  9015.7989507   0.718168  0.0266823 
  9024.8126698  0.7165688  0.0259911 
  9033.8387621  0.6987199   0.025785 
  9042.8648546   0.692539  0.0255101 
  9051.9151046  0.7063404    0.02502 
  9060.9653546  0.7091633  0.0248491 
   9070.027978  0.7149224  0.0249178 
  9079.1023855  0.7227114  0.0246196 
  9088.1767931  0.7263786  0.0241085 
  9097.2629848  0.7150941  0.0234005 
    9106.36155  0.7112601  0.0232156 
  9115.4718993  0.7118283  0.0230446 
  9124.5828379  0.6973171  0.0232224 
  9133.7055605  0.6711729  0.0231875 
  9142.8400675  0.6633413  0.0228715 
  9151.9869477  0.6653373  0.0225299 
   9161.133828  0.6582941  0.0224838 
  9170.3048659  0.6458563  0.0224458 
  9179.4753145   0.620635  0.0225865 
  9188.6587257  0.6276061  0.0225592 
  9197.8415477  0.6183083  0.0224842 
  9207.0367431  0.6212155  0.0224272 
  9216.2437227    0.63037  0.0225746 
  9225.4630757  0.6457431  0.0229797 
  9234.6942129  0.6511391  0.0235166 
    9243.92535   0.670945  0.0230358 
  9253.1688605  0.6745595  0.0228162 
  9262.4241552  0.6615434  0.0230991 
    9271.67945  0.6398611  0.0238766 
  9280.9589023  0.6355504  0.0249395 
  9290.2383546   0.621177  0.0262671 
  9299.5301802  0.5819727  0.0272106 
  9308.8337902  0.5456434  0.0284584 
     9318.1374   0.529138  0.0291876 
  9327.4651675  0.5074862  0.0307831 
  9336.7811507  0.4864793  0.0308642 
  9346.1207023  0.4609537  0.0314332 
  9355.4726273  0.4364881  0.0317672 
  9364.8245523   0.431144  0.0316562 
  9374.1888507  0.4308626  0.0313384 
  9383.5649332  0.4460237  0.0314339 
     9392.9528  0.4582504  0.0325004 
  9402.3406668  0.4659564  0.0341629 
  9411.7409069   0.477328  0.0342369 
  9421.1535204  0.4805849  0.0328974 
  9430.5779181  0.4839757   0.033077 
  9440.0023159  0.4758624  0.0318245 
  9449.4502819  0.4939595  0.0311531 
  9458.8988371  0.5088935  0.0318231 
  9468.3597659  0.4936988  0.0323469 
  9477.8318895  0.4943916  0.0316366 
  9487.3046023  0.5059726  0.0306716 
  9496.7890993   0.509749  0.0306988 
  9506.2983431  0.5152419  0.0309916 
  9515.7946243  0.5121959   0.030702 
  9525.3156523   0.500513  0.0304337 
  9534.8366802  0.4990988  0.0303002 
  9544.3818659  0.5015005  0.0287185 
  9553.9264621  0.5045522  0.0282723 
  9563.4716477  0.5143726  0.0275976 
  9573.0409909  0.5091969  0.0275736 
  9582.6097448  0.5024396  0.0270936 
   9592.190872  0.4918695  0.0264055 
  9601.7843727  0.4949284  0.0262055 
  9611.3896575  0.4977453  0.0263645 
  9620.9949425  0.4962811  0.0263631 
  9630.6243848  0.5006686  0.0270384 
  9640.2538273  0.4971454  0.0268216 
  9649.8956431  0.5102258  0.0274894 
  9659.5492431  0.5150682  0.0285804 
  9669.2028431  0.5135415  0.0297211 
  9678.8806007  0.5248076   0.030779 
  9688.5583582   0.529377  0.0308644 
  9698.2361159  0.5358174  0.0304908 
  9707.9374418  0.5406162  0.0300666 
  9717.6517302  0.5479276  0.0298763 
  9727.3654296  0.5661456   0.030345 
  9737.1038757  0.5783157  0.0297848 
  9746.8293591  0.5801029  0.0300337 
  9756.5795895  0.5753092  0.0293882 
  9766.3421931   0.580868  0.0290884 
  9776.1042075  0.5800301  0.0286242 
  9785.8785954  0.5810803  0.0288257 
  9795.6647675  0.5671151  0.0286127 
  9805.4633129  0.5599374  0.0290276 
  9815.2736425  0.5574072  0.0296641 
   9825.083972  0.5518866  0.0299044 
   9834.906675  0.5582746  0.0302882 
  9844.7535355  0.5527902  0.0300606 
  9854.5880227  0.5294005  0.0307376 
  9864.4466675  0.5188824   0.031254 
  9874.3176855  0.5086765  0.0316715 
  9884.1881145  0.4988492  0.0321758 
  9894.0715059  0.4861993  0.0320705 
  9903.9666817  0.4924254  0.0322939 
  9913.8736415  0.4866336  0.0329516 
  9923.7923855  0.4910233  0.0338171 
  9933.7111296   0.487345  0.0352678 
  9943.6428363  0.5066711  0.0377763 
  9953.5851487  0.5027485   0.037659 
  9963.5404237   0.498002  0.0376576 
  9973.5086613  0.5007448   0.037775 
  9983.4757204  0.4958076  0.0379138 
  9993.4675263  0.4967463   0.038482 
 10003.4581539  0.5063314  0.0390282 
 10013.4617441  0.5095651  0.0398555 
 10023.4771183  0.5023935  0.0398142 
 10033.5054552   0.499046  0.0406764 
 10043.5326137  0.4931586  0.0414811 
 10053.5727348  0.5074674  0.0415307 
 10063.6364243  0.4959455  0.0422966 
 10073.6883296  0.4962852  0.0427718 
 10083.7649817  0.4825664  0.0437694 
 10093.8522395  0.4910635  0.0450862 
 10103.9524598  0.4829806    0.04587 
 10114.0526802   0.493573  0.0482138 
 10124.1646848  0.5004663  0.0525413 
 10134.2884737  0.4845253  0.0544397 
  10144.425225  0.4738248  0.0570031 
 10154.5737605  0.4627975  0.0597885 
 10164.7222961  0.4595173  0.0635737 
    10174.8944  0.4478387  0.0686788 
 10185.0665039  0.4291734  0.0770457 
 10195.2515704  0.4299732   0.089352 
 10205.4484211  0.4247483  0.1059535 
 10215.6570559  0.4214971  0.1186745 
  10225.877475  0.4217572  0.1343126 
 10236.0978941    0.41095  0.1536583 
