# STATUS =
# OBJECT = SSS120810
# TELESCOPE = ESO-NTT
# INSTRUMENT = EFOSC2-NTT
# DATE-OBS = 2012-10-15 06:24:12.00
# MJD = 56215.26680559991
# EXPTIME = 1799.97
# AIRMASS = 1.61
# SLIT = 0.0
# DISPERSER = --
# SOURCE = --
# FILTER =
# RESOLUTION =
# FLUX_STANDARD =
# EXTINCTION_CORRECTED = --
# PHOTOMETRY_CALIBRATED =
# TELLURIC_CORRECTED =
# FLUX_UNITS = Other
# WAVE_UNITS = Angstrom
# QUALITY = High
# MIN_WAVE = 3650.15991211
# MAX_WAVE = 9245.7824106241
# COMMENT = As part of the &lt;a hrefhttp://www.eso.org/sci/publications/announcements/sciann14004.html&gt;PESSTO SSDR1&lt;/a&gt; [Prev. spec info - createdby: ofer-UploadSet; modifiedby: ofer-UploadSet]
       Wavelength           Flux 
 3655.67827749315    1.14266e-17 
  3661.1966428763  -3.326322e-18 
 3666.71500825945   -4.48544e-18 
  3672.2333736426   -1.39469e-18 
 3677.75173902575     1.2185e-18 
  3683.2701044089     -1.276e-17 
 3688.78846979205    1.06708e-18 
  3694.3068351752   1.623522e-17 
 3699.82520055835   1.132654e-18 
  3705.3435659415   6.696263e-18 
 3710.86193132465   1.680023e-18 
  3716.3802967078   9.512674e-19 
 3721.89866209095  -7.862133e-18 
  3727.4170274741  -7.247964e-18 
 3732.93539285725   7.156135e-19 
  3738.4537582404   2.193136e-17 
 3743.97212362355  -4.153159e-18 
  3749.4904890067    7.78835e-18 
 3755.00885438985   1.459362e-17 
   3760.527219773  -5.574746e-18 
 3766.04558515615   1.939817e-17 
  3771.5639505393    1.62197e-17 
 3777.08231592245   1.566057e-18 
  3782.6006813056   9.419719e-18 
 3788.11904668875   1.514254e-17 
  3793.6374120719   9.013921e-19 
 3799.15577745505   6.607472e-18 
  3804.6741428382   2.469807e-17 
 3810.19250822135   6.377928e-18 
  3815.7108736045   9.129522e-18 
 3821.22923898765   8.667894e-18 
  3826.7476043708   1.650891e-17 
 3832.26596975395   3.158283e-17 
  3837.7843351371  -2.019317e-18 
 3843.30270052025   1.505565e-17 
  3848.8210659034   1.213307e-17 
 3854.33943128655   7.038706e-18 
  3859.8577966697   8.183252e-18 
 3865.37616205285  -7.314819e-18 
   3870.894527436   1.043687e-17 
 3876.41289281915    6.79179e-18 
  3881.9312582023   7.409373e-18 
 3887.44962358545   1.322502e-17 
  3892.9679889686   7.995429e-18 
 3898.48635435175   1.447038e-17 
  3904.0047197349   6.295158e-18 
 3909.52308511805   1.156624e-17 
  3915.0414505012   1.729893e-17 
 3920.55981588435    1.03517e-18 
  3926.0781812675   1.365366e-17 
 3931.59654665065   1.155312e-17 
  3937.1149120338   8.118064e-18 
 3942.63327741695   2.327013e-17 
  3948.1516428001   4.220863e-18 
 3953.67000818325   2.252695e-17 
  3959.1883735664   4.631397e-19 
 3964.70673894955   4.356741e-18 
  3970.2251043327    5.08391e-18 
 3975.74346971585  -4.256845e-18 
   3981.261835099   6.508747e-18 
 3986.78020048215   2.955566e-18 
  3992.2985658653   9.070987e-18 
 3997.81693124845   8.866142e-18 
  4003.3352966316   5.930472e-19 
 4008.85366201475   1.732168e-17 
  4014.3720273979   1.014625e-17 
 4019.89039278105   1.184149e-17 
  4025.4087581642   4.786998e-18 
 4030.92712354735   1.045816e-17 
  4036.4454889305   2.171366e-17 
 4041.96385431365   1.563122e-17 
  4047.4822196968  -1.551421e-18 
 4053.00058507995   9.368146e-18 
  4058.5189504631   1.116585e-17 
 4064.03731584625   1.034283e-17 
  4069.5556812294   1.185774e-17 
 4075.07404661255  -1.733858e-18 
  4080.5924119957   5.595484e-18 
 4086.11077737885   8.002614e-19 
   4091.629142762   8.924625e-18 
 4097.14750814515   8.680199e-18 
  4102.6658735283   5.961468e-18 
 4108.18423891145   1.700677e-17 
  4113.7026042946   1.064941e-17 
 4119.22096967775   2.583885e-18 
  4124.7393350609   8.658056e-18 
 4130.25770044405    1.67385e-17 
  4135.7760658272   1.216692e-17 
 4141.29443121035   5.756718e-18 
  4146.8127965935    1.58992e-17 
 4152.33116197665    3.24747e-18 
  4157.8495273598   4.814632e-18 
 4163.36789274295   7.921243e-18 
  4168.8862581261    1.96979e-18 
 4174.40462350925   1.560435e-17 
  4179.9229888924   6.643833e-18 
 4185.44135427555   9.976229e-18 
  4190.9597196587   9.615149e-18 
 4196.47808504185   3.683173e-18 
   4201.996450425   1.631072e-17 
 4207.51481580815    5.89821e-18 
  4213.0331811913   7.341263e-18 
 4218.55154657445    1.20868e-17 
  4224.0699119576   1.064582e-17 
 4229.58827734075   6.233673e-18 
  4235.1066427239    6.04405e-18 
 4240.62500810705   1.145741e-17 
  4246.1433734902     9.5064e-18 
 4251.66173887335   1.005851e-17 
  4257.1801042565   1.828812e-17 
 4262.69846963965   8.591109e-18 
  4268.2168350228   5.838381e-18 
 4273.73520040595   8.922855e-18 
  4279.2535657891   5.422168e-18 
 4284.77193117225   4.182042e-18 
  4290.2902965554   1.040729e-17 
 4295.80866193855   8.929325e-18 
  4301.3270273217   1.304835e-17 
 4306.84539270485   9.234768e-18 
   4312.363758088    1.31502e-17 
 4317.88212347115   1.815477e-17 
  4323.4004888543   7.148372e-18 
 4328.91885423745   1.543111e-17 
  4334.4372196206    1.13071e-17 
 4339.95558500375   1.299573e-17 
  4345.4739503869   1.520106e-17 
 4350.99231577005   5.955599e-18 
  4356.5106811532   1.238226e-17 
 4362.02904653635   8.682094e-18 
  4367.5474119195   8.817228e-18 
 4373.06577730265   1.809954e-17 
  4378.5841426858    1.04521e-17 
 4384.10250806895   1.358945e-17 
  4389.6208734521   1.290912e-18 
 4395.13923883525   7.465891e-18 
  4400.6576042184    2.40686e-17 
 4406.17596960155   1.272209e-17 
  4411.6943349847   1.080028e-17 
 4417.21270036785   9.836449e-18 
   4422.731065751   1.387426e-17 
 4428.24943113415   1.143758e-17 
  4433.7677965173   6.333241e-18 
 4439.28616190045   1.787315e-17 
  4444.8045272836   1.687863e-17 
 4450.32289266675   6.926068e-18 
  4455.8412580499   1.214707e-17 
 4461.35962343305   1.047137e-17 
  4466.8779888162   1.798759e-17 
 4472.39635419935   1.954687e-17 
  4477.9147195825   7.328809e-18 
 4483.43308496565   1.260847e-17 
  4488.9514503488   8.381104e-18 
 4494.46981573195    1.13309e-17 
  4499.9881811151   1.409278e-17 
 4505.50654649825   1.324888e-17 
  4511.0249118814   1.734625e-17 
 4516.54327726455   1.681564e-17 
  4522.0616426477   1.848862e-17 
 4527.58000803085   1.615026e-17 
   4533.098373414   1.252288e-17 
 4538.61673879715   1.881181e-17 
  4544.1351041803   1.451749e-17 
 4549.65346956345   1.834171e-17 
  4555.1718349466   1.192565e-17 
 4560.69020032975   2.305064e-17 
  4566.2085657129   1.347159e-17 
 4571.72693109605   2.950323e-17 
  4577.2452964792   1.639765e-17 
 4582.76366186235   2.499185e-17 
  4588.2820272455   2.310786e-17 
 4593.80039262865   2.118493e-17 
  4599.3187580118   1.721576e-17 
 4604.83712339495   1.323811e-17 
  4610.3554887781   2.740195e-17 
 4615.87385416125   2.220295e-17 
  4621.3922195444   1.927662e-17 
 4626.91058492755   1.990351e-17 
  4632.4289503107     2.4834e-17 
 4637.94731569385    2.34271e-17 
   4643.465681077   1.571944e-17 
 4648.98404646015   1.015373e-17 
  4654.5024118433    2.05071e-17 
 4660.02077722645   2.134077e-17 
  4665.5391426096   1.340204e-17 
 4671.05750799275    1.68304e-17 
  4676.5758733759   1.553641e-17 
 4682.09423875905   1.851609e-17 
  4687.6126041422   1.566979e-17 
 4693.13096952535   8.190035e-18 
  4698.6493349085   1.843168e-17 
 4704.16770029165   1.952764e-17 
  4709.6860656748   1.666899e-17 
 4715.20443105795   1.553246e-17 
  4720.7227964411   1.572508e-17 
 4726.24116182425   1.693799e-17 
  4731.7595272074   2.139409e-17 
 4737.27789259055   1.555714e-17 
  4742.7962579737   2.175884e-17 
 4748.31462335685   1.423376e-17 
    4753.83298874   1.494573e-17 
 4759.35135412315   1.896225e-17 
  4764.8697195063   9.425342e-18 
 4770.38808488945   1.645094e-17 
  4775.9064502726   1.729831e-17 
 4781.42481565575   1.549162e-17 
  4786.9431810389   1.846494e-17 
 4792.46154642205   1.337145e-17 
  4797.9799118052   1.984623e-17 
 4803.49827718835   1.518184e-17 
  4809.0166425715   1.357768e-17 
 4814.53500795465   1.531591e-17 
  4820.0533733378   1.550034e-17 
 4825.57173872096    1.84908e-17 
  4831.0901041041   2.038999e-17 
 4836.60846948725   1.445952e-17 
  4842.1268348704   1.550109e-17 
 4847.64520025355   2.088682e-17 
  4853.1635656367   1.485408e-17 
 4858.68193101985   2.078368e-17 
   4864.200296403   1.257635e-17 
 4869.71866178615   1.440417e-17 
  4875.2370271693   9.853983e-18 
 4880.75539255245   1.331893e-17 
  4886.2737579356   2.037446e-17 
 4891.79212331875    1.13619e-17 
  4897.3104887019   1.412198e-17 
 4902.82885408505   2.262387e-17 
  4908.3472194682   1.148223e-17 
 4913.86558485135   1.315031e-17 
  4919.3839502345   1.451881e-17 
 4924.90231561765   1.800077e-17 
  4930.4206810008   1.933381e-17 
 4935.93904638396   1.724542e-17 
  4941.4574117671   1.600791e-17 
 4946.97577715025   1.583468e-17 
  4952.4941425334   1.600288e-17 
 4958.01250791655   1.548978e-17 
 4963.53087329971    1.44849e-17 
 4969.04923868286   2.199875e-17 
 4974.56760406601   1.997347e-17 
 4980.08596944915   6.768968e-18 
  4985.6043348323   1.353765e-17 
 4991.12270021545   1.634384e-17 
  4996.6410655986   1.595652e-17 
 5002.15943098175   2.100505e-17 
 5007.67779636491    1.42145e-17 
 5013.19616174805   1.919314e-17 
 5018.71452713121   1.929375e-17 
 5024.23289251435   1.045178e-17 
 5029.75125789751   1.356352e-17 
 5035.26962328065   2.191865e-17 
  5040.7879886638   1.110435e-17 
 5046.30635404696   1.647545e-17 
 5051.82471943011   1.544028e-17 
 5057.34308481326   1.446699e-17 
  5062.8614501964   2.080745e-17 
 5068.37981557955   1.630918e-17 
 5073.89818096271     2.0272e-17 
 5079.41654634586   1.994374e-17 
 5084.93491172901   1.511119e-17 
 5090.45327711216     1.7107e-17 
 5095.97164249531   2.238243e-17 
 5101.49000787846   1.280576e-17 
 5107.00837326161   1.498001e-17 
 5112.52673864476   2.164111e-17 
 5118.04510402791   2.833809e-17 
 5123.56346941106   1.441843e-17 
  5129.0818347942    1.75357e-17 
 5134.60020017736   2.633171e-17 
  5140.1185655605   2.150998e-17 
 5145.63693094365   2.095518e-17 
  5151.1552963268     2.3797e-17 
 5156.67366170996   1.953091e-17 
 5162.19202709311   2.603835e-17 
 5167.71039247625   2.653793e-17 
  5173.2287578594   1.917048e-17 
 5178.74712324255   2.650252e-17 
  5184.2654886257   2.595824e-17 
 5189.78385400885   2.715711e-17 
   5195.302219392   3.082817e-17 
 5200.82058477516   2.442049e-17 
  5206.3389501583    2.72329e-17 
 5211.85731554145   2.540707e-17 
  5217.3756809246   2.496306e-17 
 5222.89404630775   3.080351e-17 
  5228.4124116909   2.861194e-17 
 5233.93077707405   2.898049e-17 
 5239.44914245721    2.80822e-17 
 5244.96750784035   2.363689e-17 
  5250.4858732235   2.834968e-17 
 5256.00423860665   3.425884e-17 
 5261.52260398981   3.038069e-17 
 5267.04096937295   2.892816e-17 
  5272.5593347561   3.274494e-17 
 5278.07770013926   2.471335e-17 
  5283.5960655224     2.5415e-17 
 5289.11443090556    3.01031e-17 
  5294.6327962887   2.646715e-17 
 5300.15116167185   2.820269e-17 
   5305.669527055   2.576665e-17 
 5311.18789243815   2.461219e-17 
 5316.70625782131   2.677213e-17 
 5322.22462320445   2.898324e-17 
  5327.7429885876   3.194928e-17 
 5333.26135397075   2.371658e-17 
 5338.77971935391   3.007457e-17 
 5344.29808473705   3.211297e-17 
  5349.8164501202   2.774416e-17 
 5355.33481550335   2.555021e-17 
  5360.8531808865   2.472179e-17 
 5366.37154626966   3.072075e-17 
  5371.8899116528   2.799942e-17 
 5377.40827703595   2.776777e-17 
  5382.9266424191   2.749043e-17 
 5388.44500780225   2.144924e-17 
  5393.9633731854   2.400915e-17 
 5399.48173856855   2.321418e-17 
 5405.00010395171   2.045827e-17 
 5410.51846933485   2.229287e-17 
 5416.03683471801   2.467561e-17 
 5421.55520010116   2.124579e-17 
 5427.07356548431   2.517158e-17 
 5432.59193086745   1.752636e-17 
  5438.1102962506   2.572276e-17 
 5443.62866163376   2.648322e-17 
  5449.1470270169   2.258011e-17 
 5454.66539240005    2.11056e-17 
  5460.1837577832   2.431045e-17 
 5465.70212316635   2.822485e-17 
  5471.2204885495   2.045345e-17 
 5476.73885393265   2.047293e-17 
 5482.25721931581   1.292718e-17 
 5487.77558469895   1.856078e-17 
 5493.29395008211   2.375555e-17 
 5498.81231546525   2.094085e-17 
 5504.33068084841   3.117284e-17 
 5509.84904623155   2.838545e-17 
  5515.3674116147   2.321708e-17 
 5520.88577699786   3.099963e-17 
   5526.404142381    1.99724e-17 
 5531.92250776416   2.562568e-17 
 5537.44087314731   2.260182e-17 
 5542.95923853046   1.588997e-17 
  5548.4776039136   2.026447e-17 
 5553.99596929675   2.316255e-17 
 5559.51433467991    1.59618e-17 
 5565.03270006306   3.141933e-17 
 5570.55106544621   2.237508e-17 
 5576.06943082936   1.651212e-17 
  5581.5877962125   3.726538e-17 
 5587.10616159565   3.790892e-17 
  5592.6245269788   2.524078e-17 
 5598.14289236196   2.217241e-17 
  5603.6612577451   2.511847e-17 
 5609.17962312825   2.959591e-17 
 5614.69798851141   2.349604e-17 
 5620.21635389456   2.733373e-17 
  5625.7347192777   2.004172e-17 
 5631.25308466085   2.666805e-17 
 5636.77145004401   2.056711e-17 
 5642.28981542716   2.738459e-17 
 5647.80818081031   2.407877e-17 
 5653.32654619346   3.143444e-17 
  5658.8449115766   2.440237e-17 
 5664.36327695975   1.786751e-17 
 5669.88164234291   2.574656e-17 
 5675.40000772606   2.320389e-17 
 5680.91837310921   2.065856e-17 
 5686.43673849236   2.832117e-17 
 5691.95510387551   1.970734e-17 
 5697.47346925866   2.386484e-17 
 5702.99183464181   2.606938e-17 
 5708.51020002496   2.100499e-17 
 5714.02856540811    1.86083e-17 
 5719.54693079126    2.02767e-17 
 5725.06529617441   2.512637e-17 
 5730.58366155756   1.878922e-17 
  5736.1020269407   2.205201e-17 
 5741.62039232385   2.088178e-17 
   5747.138757707   2.141762e-17 
 5752.65712309016   1.408556e-17 
 5758.17548847331   1.760443e-17 
 5763.69385385646   1.616435e-17 
 5769.21221923961   2.434641e-17 
 5774.73058462276   1.646829e-17 
 5780.24895000591   1.835478e-17 
 5785.76731538906   1.872688e-17 
 5791.28568077221   2.290515e-17 
 5796.80404615536   1.938544e-17 
 5802.32241153851   2.261767e-17 
 5807.84077692166   2.421616e-17 
 5813.35914230481   1.557086e-17 
 5818.87750768796   1.573495e-17 
 5824.39587307111   1.782295e-17 
 5829.91423845426   1.527175e-17 
 5835.43260383741   2.043218e-17 
 5840.95096922056   1.222549e-17 
 5846.46933460371   1.501505e-17 
 5851.98769998686   2.124031e-17 
 5857.50606537001   1.907838e-17 
 5863.02443075316   1.956719e-17 
 5868.54279613631   1.921903e-17 
 5874.06116151946   1.366311e-17 
 5879.57952690261   1.382939e-17 
 5885.09789228575   1.596347e-17 
 5890.61625766891   1.032452e-17 
 5896.13462305206   1.981521e-17 
 5901.65298843521   1.821534e-17 
 5907.17135381836   1.724544e-17 
 5912.68971920151    2.54825e-17 
 5918.20808458466   1.961988e-17 
 5923.72644996781   2.395086e-17 
 5929.24481535096   1.855247e-17 
 5934.76318073411   1.754424e-17 
 5940.28154611726   2.511986e-17 
 5945.79991150041   2.161023e-17 
 5951.31827688356   2.114212e-17 
 5956.83664226671   2.860915e-17 
 5962.35500764986   2.742282e-17 
 5967.87337303301   2.985986e-17 
 5973.39173841616   3.741219e-17 
 5978.91010379931   3.133857e-17 
 5984.42846918246   2.986832e-17 
 5989.94683456561   2.398249e-17 
 5995.46519994876   1.778721e-17 
 6000.98356533191   2.473365e-17 
 6006.50193071506   2.398374e-17 
 6012.02029609821   2.070181e-17 
 6017.53866148136   2.030564e-17 
 6023.05702686451   2.402555e-17 
 6028.57539224766    2.41919e-17 
 6034.09375763081   2.538475e-17 
 6039.61212301396   2.575774e-17 
 6045.13048839711   2.136165e-17 
 6050.64885378026   1.637027e-17 
 6056.16721916341   2.316952e-17 
 6061.68558454656   2.570642e-17 
 6067.20394992971   3.741194e-17 
 6072.72231531286   3.080483e-17 
 6078.24068069601   2.617843e-17 
 6083.75904607916   3.219558e-17 
 6089.27741146231   3.055155e-17 
 6094.79577684546   2.567597e-17 
 6100.31414222861   2.540025e-17 
 6105.83250761176    2.04255e-17 
 6111.35087299491   3.804736e-17 
 6116.86923837806    2.70842e-17 
 6122.38760376121   2.637699e-17 
 6127.90596914436    3.42643e-17 
 6133.42433452751   2.513053e-17 
 6138.94269991066   2.520318e-17 
 6144.46106529381   3.013175e-17 
 6149.97943067696   2.942707e-17 
 6155.49779606011   3.801303e-17 
 6161.01616144326    3.21382e-17 
 6166.53452682641   2.956534e-17 
 6172.05289220956   3.692228e-17 
 6177.57125759271   3.057031e-17 
 6183.08962297586    2.92369e-17 
 6188.60798835901   3.497905e-17 
 6194.12635374216   2.937299e-17 
 6199.64471912531   3.021322e-17 
 6205.16308450846   3.257832e-17 
 6210.68144989161   2.994072e-17 
 6216.19981527476   3.654953e-17 
 6221.71818065791   3.185801e-17 
 6227.23654604106    2.83752e-17 
 6232.75491142421    2.87626e-17 
 6238.27327680736   2.553077e-17 
 6243.79164219051   2.740278e-17 
 6249.31000757366   3.286819e-17 
 6254.82837295681   2.916344e-17 
 6260.34673833996   3.430227e-17 
 6265.86510372311   3.170723e-17 
 6271.38346910626   2.229776e-17 
 6276.90183448941   3.220597e-17 
 6282.42019987256    2.95636e-17 
 6287.93856525571    2.35038e-17 
 6293.45693063886   3.675225e-17 
 6298.97529602201   3.618178e-17 
 6304.49366140516   2.538685e-17 
 6310.01202678831   2.640489e-17 
 6315.53039217146   2.467431e-17 
 6321.04875755461   2.308237e-17 
 6326.56712293776   3.274129e-17 
 6332.08548832091   2.505309e-17 
 6337.60385370406   2.321987e-17 
 6343.12221908721   3.638981e-17 
 6348.64058447036   3.673493e-17 
 6354.15894985351   3.782992e-17 
 6359.67731523666   2.810526e-17 
 6365.19568061981   3.216102e-17 
 6370.71404600296   3.206209e-17 
 6376.23241138611   2.872176e-17 
 6381.75077676926   2.821909e-17 
 6387.26914215241   3.873588e-17 
 6392.78750753556   2.777562e-17 
 6398.30587291871   3.061295e-17 
 6403.82423830186   3.048083e-17 
 6409.34260368501   2.623001e-17 
 6414.86096906816     2.7805e-17 
 6420.37933445131   3.396561e-17 
 6425.89769983446   3.236027e-17 
 6431.41606521761   3.661939e-17 
 6436.93443060076   2.551494e-17 
 6442.45279598391   3.323996e-17 
 6447.97116136706    3.12294e-17 
 6453.48952675021   2.675019e-17 
 6459.00789213336   3.486727e-17 
 6464.52625751651   2.902541e-17 
 6470.04462289966   2.881035e-17 
 6475.56298828281   3.430017e-17 
 6481.08135366596   2.799602e-17 
 6486.59971904911    2.92259e-17 
 6492.11808443226   3.115177e-17 
 6497.63644981541   2.309893e-17 
 6503.15481519856   2.768999e-17 
 6508.67318058171   3.595055e-17 
 6514.19154596486   2.634645e-17 
 6519.70991134801   2.410087e-17 
 6525.22827673116   2.941237e-17 
 6530.74664211431   2.539503e-17 
 6536.26500749746   2.914229e-17 
 6541.78337288061   2.121003e-17 
 6547.30173826376   2.227524e-17 
 6552.82010364691   3.066258e-17 
 6558.33846903006   2.486329e-17 
 6563.85683441321   2.032488e-17 
 6569.37519979636   2.564779e-17 
 6574.89356517951   2.604745e-17 
 6580.41193056266   1.959802e-17 
 6585.93029594581   2.260794e-17 
 6591.44866132896   2.066012e-17 
 6596.96702671211   1.917487e-17 
 6602.48539209526   2.113173e-17 
 6608.00375747841   2.311756e-17 
 6613.52212286156   2.248356e-17 
 6619.04048824471   2.415897e-17 
 6624.55885362786    2.34055e-17 
 6630.07721901101    2.24429e-17 
 6635.59558439416   2.373151e-17 
 6641.11394977731    1.95815e-17 
 6646.63231516046   2.403892e-17 
 6652.15068054361   2.292948e-17 
 6657.66904592676   2.058833e-17 
 6663.18741130991   2.854477e-17 
 6668.70577669306   2.170246e-17 
 6674.22414207621   2.289952e-17 
 6679.74250745936   2.679128e-17 
 6685.26087284251   2.668618e-17 
 6690.77923822566   2.465686e-17 
 6696.29760360881   2.844801e-17 
 6701.81596899196   2.455991e-17 
 6707.33433437511   2.096273e-17 
 6712.85269975826   1.811995e-17 
 6718.37106514141   2.022721e-17 
 6723.88943052456   2.043954e-17 
 6729.40779590771   1.905305e-17 
 6734.92616129086   2.601711e-17 
 6740.44452667401   2.485253e-17 
 6745.96289205716   1.954186e-17 
 6751.48125744031   2.049237e-17 
 6756.99962282346   2.187431e-17 
 6762.51798820661   2.364477e-17 
 6768.03635358976   2.399012e-17 
 6773.55471897291   2.958718e-17 
 6779.07308435606   1.704243e-17 
 6784.59144973921   2.581521e-17 
 6790.10981512236   2.085702e-17 
 6795.62818050551   2.163461e-17 
 6801.14654588866   2.152194e-17 
 6806.66491127181   2.113885e-17 
 6812.18327665496   1.654725e-17 
 6817.70164203811   2.822601e-17 
 6823.22000742126    2.26386e-17 
 6828.73837280441   2.634944e-17 
 6834.25673818756   1.639097e-17 
 6839.77510357071   1.287717e-17 
 6845.29346895386   2.234566e-17 
 6850.81183433701   2.444831e-17 
 6856.33019972016   2.606972e-17 
 6861.84856510331   2.318785e-17 
 6867.36693048646   1.889943e-17 
 6872.88529586961   1.842389e-17 
 6878.40366125276   1.912837e-17 
 6883.92202663591   1.418896e-17 
 6889.44039201906   1.297907e-17 
 6894.95875740221   2.021922e-17 
 6900.47712278536   1.715959e-17 
 6905.99548816851   1.979418e-17 
 6911.51385355166   2.241008e-17 
 6917.03221893481   1.603869e-17 
 6922.55058431796   1.672736e-17 
 6928.06894970111   2.720951e-17 
 6933.58731508426   1.745383e-17 
 6939.10568046741   2.306477e-17 
 6944.62404585056   1.952044e-17 
 6950.14241123371   2.199553e-17 
 6955.66077661686   2.357301e-17 
 6961.17914200001   1.922896e-17 
 6966.69750738316   1.678829e-17 
 6972.21587276631    2.07296e-17 
 6977.73423814946   2.535985e-17 
 6983.25260353261   2.055472e-17 
 6988.77096891576   2.324623e-17 
 6994.28933429891    1.58687e-17 
 6999.80769968206   1.815365e-17 
 7005.32606506521   2.424829e-17 
 7010.84443044836   1.838737e-17 
 7016.36279583151   1.710978e-17 
 7021.88116121466   2.044204e-17 
 7027.39952659781   1.616733e-17 
 7032.91789198096   2.089032e-17 
 7038.43625736411   2.422905e-17 
 7043.95462274726   1.643293e-17 
 7049.47298813041   1.872556e-17 
 7054.99135351356   1.724779e-17 
 7060.50971889671   1.757109e-17 
 7066.02808427986   1.937081e-17 
 7071.54644966301   1.580855e-17 
 7077.06481504616   1.950827e-17 
 7082.58318042931   2.477453e-17 
 7088.10154581246   2.141254e-17 
 7093.61991119561   1.953686e-17 
 7099.13827657876   2.212157e-17 
 7104.65664196191    1.99457e-17 
 7110.17500734506   2.317398e-17 
 7115.69337272821    2.51432e-17 
 7121.21173811136   2.145895e-17 
 7126.73010349451   2.271368e-17 
 7132.24846887766   1.875967e-17 
 7137.76683426081   2.261896e-17 
 7143.28519964396   1.630639e-17 
 7148.80356502711   1.583216e-17 
 7154.32193041026   1.994708e-17 
 7159.84029579341   2.066225e-17 
 7165.35866117656   1.993699e-17 
 7170.87702655971   1.528124e-17 
 7176.39539194286    1.56414e-17 
 7181.91375732601   1.563408e-17 
 7187.43212270916   1.485029e-17 
 7192.95048809231   1.629319e-17 
 7198.46885347546   1.587447e-17 
 7203.98721885861   1.915004e-17 
 7209.50558424176   1.772515e-17 
 7215.02394962491   1.373759e-17 
 7220.54231500806   2.106687e-17 
 7226.06068039121   1.330825e-17 
 7231.57904577436   4.848133e-18 
 7237.09741115751   1.526675e-17 
 7242.61577654066   4.980454e-18 
 7248.13414192381   2.255256e-17 
 7253.65250730696   1.986812e-17 
 7259.17087269011   1.072147e-17 
 7264.68923807326   2.113578e-17 
 7270.20760345641   2.765939e-17 
 7275.72596883956   2.736808e-17 
 7281.24433422271   2.745437e-17 
 7286.76269960586     1.9877e-17 
 7292.28106498901   1.192882e-17 
 7297.79943037216   2.217436e-17 
 7303.31779575531   2.358167e-17 
 7308.83616113846   1.642757e-17 
 7314.35452652161   1.356855e-17 
 7319.87289190476   1.932044e-17 
 7325.39125728791   2.863979e-17 
 7330.90962267106   2.390033e-17 
 7336.42798805421   1.836274e-17 
 7341.94635343736   2.603205e-17 
 7347.46471882051   2.576638e-17 
 7352.98308420366    2.20417e-17 
 7358.50144958681   2.913228e-17 
 7364.01981496996   2.060782e-17 
 7369.53818035311   1.447423e-17 
 7375.05654573626   2.890683e-17 
 7380.57491111941   2.872221e-17 
 7386.09327650256   2.522235e-17 
 7391.61164188571   1.968192e-17 
 7397.13000726886   1.180056e-17 
 7402.64837265201   2.235055e-17 
 7408.16673803516   2.761134e-17 
 7413.68510341831   2.332142e-17 
 7419.20346880146   2.388918e-17 
 7424.72183418461   2.640497e-17 
 7430.24019956776   1.882436e-17 
 7435.75856495091    1.56973e-17 
 7441.27693033406   1.889815e-17 
 7446.79529571721   2.431026e-17 
 7452.31366110036   2.635823e-17 
 7457.83202648351   1.795974e-17 
 7463.35039186666   1.853583e-17 
 7468.86875724981   3.298251e-17 
 7474.38712263296   2.707797e-17 
 7479.90548801611   2.101612e-17 
 7485.42385339926   3.223335e-17 
 7490.94221878241   2.904631e-17 
 7496.46058416556   2.597214e-17 
 7501.97894954871   2.652496e-17 
 7507.49731493186    2.66369e-17 
 7513.01568031501   3.043263e-17 
 7518.53404569816   3.188435e-17 
 7524.05241108131    3.12018e-17 
 7529.57077646446   2.682073e-17 
 7535.08914184761   1.747035e-17 
 7540.60750723076   1.638295e-17 
 7546.12587261391   2.342099e-17 
 7551.64423799706   2.652963e-17 
 7557.16260338021   1.046189e-17 
 7562.68096876336   1.764801e-17 
 7568.19933414651   2.191517e-17 
 7573.71769952966    2.40825e-17 
 7579.23606491281   3.245629e-17 
 7584.75443029596   3.437324e-17 
 7590.27279567911   2.805148e-17 
 7595.79116106226   2.308276e-17 
 7601.30952644541   1.765478e-17 
 7606.82789182856   1.393666e-17 
 7612.34625721171   2.399237e-17 
 7617.86462259486   2.866538e-17 
 7623.38298797801   2.764147e-17 
 7628.90135336116   2.798623e-17 
 7634.41971874431    1.75164e-17 
 7639.93808412746   8.846117e-18 
 7645.45644951061   1.789754e-17 
 7650.97481489376   2.863346e-17 
 7656.49318027691   2.137109e-17 
 7662.01154566006   1.321972e-17 
 7667.52991104321   2.469053e-17 
 7673.04827642636   1.716476e-17 
 7678.56664180951   2.220365e-17 
 7684.08500719266   2.480918e-17 
 7689.60337257581   2.228529e-17 
 7695.12173795896   2.895599e-17 
 7700.64010334211   1.840337e-17 
 7706.15846872526    9.57362e-18 
 7711.67683410841   3.324294e-17 
 7717.19519949156   3.737934e-17 
 7722.71356487471    3.36144e-17 
 7728.23193025786   2.689975e-17 
 7733.75029564101   2.294696e-17 
 7739.26866102416   1.752801e-17 
 7744.78702640731   2.296719e-17 
 7750.30539179046   3.665865e-17 
 7755.82375717361   3.399166e-17 
 7761.34212255676   2.639767e-17 
 7766.86048793991   2.420098e-17 
 7772.37885332306   2.162658e-17 
 7777.89721870621   1.768951e-17 
 7783.41558408936   1.615289e-17 
 7788.93394947251   2.199787e-17 
 7794.45231485566   3.135223e-17 
 7799.97068023881   2.859728e-17 
 7805.48904562196    7.37458e-18 
 7811.00741100511    1.54451e-17 
 7816.52577638826      2.076e-17 
 7822.04414177141   2.034666e-17 
 7827.56250715456    2.40479e-17 
 7833.08087253771    1.09114e-17 
 7838.59923792086   2.292423e-17 
 7844.11760330401   1.237301e-17 
 7849.63596868716   1.544703e-17 
 7855.15433407031   2.083904e-17 
 7860.67269945346   2.651916e-17 
 7866.19106483661   2.794221e-17 
 7871.70943021976   2.229318e-17 
 7877.22779560291   1.710876e-17 
 7882.74616098606   8.678084e-18 
 7888.26452636921   2.065756e-17 
 7893.78289175236   2.817955e-17 
 7899.30125713551   1.880974e-17 
 7904.81962251866   8.628864e-18 
 7910.33798790181   6.321072e-18 
 7915.85635328496   1.871753e-17 
 7921.37471866811   1.657456e-17 
 7926.89308405126   1.106924e-17 
 7932.41144943441   1.868709e-17 
 7937.92981481756   2.743605e-17 
 7943.44818020071   2.294014e-17 
 7948.96654558386   1.236264e-17 
 7954.48491096701   2.412876e-17 
 7960.00327635016   2.000734e-17 
 7965.52164173331    2.72777e-17 
 7971.04000711646   2.844807e-17 
 7976.55837249961    2.22102e-17 
 7982.07673788276   1.109662e-17 
 7987.59510326591   5.220804e-18 
 7993.11346864906   2.124465e-17 
 7998.63183403221    2.48721e-17 
 8004.15019941536    8.95932e-18 
 8009.66856479851   1.885792e-17 
 8015.18693018166   2.247949e-17 
 8020.70529556481   1.407977e-17 
 8026.22366094796   1.392539e-17 
 8031.74202633111   1.743539e-17 
 8037.26039171426   2.201665e-17 
 8042.77875709741   2.194278e-17 
 8048.29712248056   1.159926e-17 
 8053.81548786371   1.755326e-17 
 8059.33385324686   2.387334e-17 
 8064.85221863001   1.854078e-17 
 8070.37058401316   1.154033e-17 
 8075.88894939631   2.391353e-17 
 8081.40731477946   1.148456e-17 
 8086.92568016261   1.650526e-17 
 8092.44404554576   1.773784e-17 
 8097.96241092891   6.507517e-18 
 8103.48077631206   2.118308e-17 
 8108.99914169521   2.348977e-17 
 8114.51750707836   2.340306e-17 
 8120.03587246151   1.222582e-17 
 8125.55423784466   2.005194e-17 
 8131.07260322781   1.355427e-17 
 8136.59096861096    1.17821e-17 
 8142.10933399411   1.867762e-17 
 8147.62769937726   1.047298e-17 
 8153.14606476041   2.595301e-17 
 8158.66443014356   2.318243e-17 
 8164.18279552671   1.342425e-17 
 8169.70116090986   2.314704e-17 
 8175.21952629301   2.052934e-17 
 8180.73789167616   2.142961e-17 
 8186.25625705931   3.091122e-17 
 8191.77462244246   2.619562e-17 
 8197.29298782561   2.227065e-17 
 8202.81135320876   1.827444e-17 
 8208.32971859191   1.389998e-17 
 8213.84808397506   2.489292e-17 
 8219.36644935821   2.632246e-17 
 8224.88481474136   1.360767e-17 
 8230.40318012451   1.642249e-17 
 8235.92154550766    1.62373e-17 
 8241.43991089081   9.106606e-18 
 8246.95827627396   1.441698e-17 
 8252.47664165711    1.90361e-17 
 8257.99500704026   1.634537e-17 
 8263.51337242341   2.901514e-17 
 8269.03173780656   2.312001e-17 
 8274.55010318971   2.066239e-17 
 8280.06846857286   2.814776e-18 
 8285.58683395601   8.322963e-18 
 8291.10519933916   2.716655e-17 
 8296.62356472231   3.646227e-17 
 8302.14193010546   1.706641e-17 
 8307.66029548861   1.379562e-17 
 8313.17866087176   2.192672e-17 
 8318.69702625491   1.533478e-17 
 8324.21539163806   1.665384e-17 
 8329.73375702121   2.452686e-17 
 8335.25212240436   2.080124e-17 
 8340.77048778751   1.679927e-17 
 8346.28885317066   5.877327e-18 
 8351.80721855381   2.088681e-17 
 8357.32558393696    3.57593e-17 
 8362.84394932011   1.548195e-17 
 8368.36231470326   1.541686e-17 
 8373.88068008641   2.192681e-17 
 8379.39904546956   6.199516e-18 
 8384.91741085271   2.457637e-17 
 8390.43577623586   1.339491e-17 
 8395.95414161901   1.423603e-17 
 8401.47250700216   4.367065e-17 
 8406.99087238531    2.58132e-17 
 8412.50923776846   1.614604e-17 
 8418.02760315161   1.754792e-17 
 8423.54596853476   6.865079e-18 
 8429.06433391791   1.195749e-17 
 8434.58269930106   1.898775e-17 
 8440.10106468421   1.211225e-17 
 8445.61943006736   1.405836e-17 
 8451.13779545051   2.182967e-17 
 8456.65616083366   1.210338e-17 
 8462.17452621681   4.113032e-18 
 8467.69289159996   2.006335e-17 
 8473.21125698311    2.47651e-17 
 8478.72962236626   2.200085e-17 
 8484.24798774941   2.235838e-17 
 8489.76635313256   1.567563e-17 
 8495.28471851571   1.856128e-17 
 8500.80308389886   5.290466e-18 
 8506.32144928201   1.683951e-17 
 8511.83981466516   3.224062e-17 
 8517.35818004831   2.587521e-17 
 8522.87654543146   6.497124e-18 
 8528.39491081461   1.282905e-17 
 8533.91327619776   3.374995e-18 
 8539.43164158091   1.796897e-17 
 8544.95000696406   2.232987e-17 
 8550.46837234721   2.229992e-17 
 8555.98673773036   1.638401e-17 
 8561.50510311351   1.827489e-17 
 8567.02346849666    1.61925e-17 
 8572.54183387981   1.090031e-17 
 8578.06019926296   1.519675e-17 
 8583.57856464611   1.234119e-17 
 8589.09693002926   1.824179e-17 
 8594.61529541241   1.718791e-17 
 8600.13366079556   2.070445e-17 
 8605.65202617871   2.200345e-17 
 8611.17039156186   2.693204e-18 
 8616.68875694501  -1.399123e-18 
 8622.20712232816   2.278087e-17 
 8627.72548771131   2.076376e-17 
 8633.24385309446   2.436561e-17 
 8638.76221847761   1.551496e-17 
 8644.28058386076   1.815335e-18 
 8649.79894924391   2.244336e-17 
 8655.31731462706   7.613777e-18 
 8660.83568001021   3.165997e-18 
 8666.35404539336   1.569273e-17 
 8671.87241077651    2.36063e-17 
 8677.39077615966    2.02551e-17 
 8682.90914154281   1.792876e-17 
 8688.42750692596   6.627886e-19 
 8693.94587230911  -2.587548e-18 
 8699.46423769226   1.239618e-17 
 8704.98260307541   1.232211e-17 
 8710.50096845856   1.274175e-18 
 8716.01933384171   1.741017e-17 
 8721.53769922486   1.089027e-17 
 8727.05606460801   2.003861e-17 
 8732.57442999116   2.982624e-17 
 8738.09279537431   9.076758e-18 
 8743.61116075746   1.625469e-17 
 8749.12952614061   2.316207e-17 
 8754.64789152376   3.196709e-17 
 8760.16625690691   4.155583e-17 
 8765.68462229006   7.536394e-18 
 8771.20298767321   -6.20762e-18 
 8776.72135305636   5.436304e-19 
 8782.23971843951   8.894515e-18 
 8787.75808382266    1.91136e-17 
 8793.27644920581   8.800846e-18 
 8798.79481458896   1.249908e-17 
 8804.31317997211   2.795294e-17 
 8809.83154535526   1.014763e-17 
 8815.34991073841  -2.053121e-18 
 8820.86827612156   3.180132e-17 
 8826.38664150471   2.861107e-17 
 8831.90500688786   1.394812e-17 
 8837.42337227101   3.342494e-17 
 8842.94173765416   2.127685e-17 
 8848.46010303731   1.595088e-17 
 8853.97846842046   3.391986e-17 
 8859.49683380361   1.942354e-17 
 8865.01519918676   3.028506e-17 
 8870.53356456991   1.018658e-17 
 8876.05192995306  -4.196815e-18 
 8881.57029533621   1.914803e-17 
 8887.08866071936   1.043536e-17 
 8892.60702610251   2.788843e-17 
 8898.12539148566   1.467814e-17 
 8903.64375686881   3.207901e-17 
 8909.16212225196   1.054899e-17 
 8914.68048763511    8.38259e-18 
 8920.19885301826   1.748709e-17 
 8925.71721840141  -3.553102e-18 
 8931.23558378456   3.484937e-18 
 8936.75394916771   1.337734e-17 
 8942.27231455086   1.864035e-17 
 8947.79067993401   9.836611e-18 
 8953.30904531716   5.367493e-18 
 8958.82741070031    1.96473e-17 
 8964.34577608346   1.395585e-17 
 8969.86414146661   1.787789e-17 
 8975.38250684976   2.496867e-17 
 8980.90087223291   1.550046e-17 
 8986.41923761606   1.387376e-17 
 8991.93760299921   2.807847e-17 
 8997.45596838236   3.387379e-17 
 9002.97433376551   3.384095e-17 
 9008.49269914866   4.090662e-17 
 9014.01106453181   2.532686e-17 
 9019.52942991496   1.857382e-17 
 9025.04779529811   8.119453e-18 
 9030.56616068126    2.73752e-17 
 9036.08452606441   3.114248e-17 
 9041.60289144756   2.099183e-17 
 9047.12125683071   1.389213e-17 
 9052.63962221386   2.753244e-17 
 9058.15798759701   2.125994e-17 
 9063.67635298016   8.521763e-18 
 9069.19471836331   1.380433e-17 
 9074.71308374646   1.818454e-17 
 9080.23144912961   3.053701e-17 
 9085.74981451276   2.455477e-17 
 9091.26817989591   2.246832e-17 
 9096.78654527906    4.52659e-18 
 9102.30491066221   1.672694e-17 
 9107.82327604536   2.542452e-17 
 9113.34164142851   2.552566e-17 
 9118.86000681166   2.753991e-17 
 9124.37837219481   1.095433e-17 
 9129.89673757796   2.043528e-17 
 9135.41510296111   2.309256e-17 
 9140.93346834426   1.550916e-17 
 9146.45183372741   9.452027e-18 
 9151.97019911056   2.048018e-17 
 9157.48856449371   2.624323e-17 
 9163.00692987686   1.475639e-17 
 9168.52529526001   2.206916e-17 
 9174.04366064316   2.876177e-17 
 9179.56202602631   1.391644e-17 
 9185.08039140946   6.046419e-18 
 9190.59875679261   7.893684e-18 
 9196.11712217576   7.042767e-18 
 9201.63548755891   1.270169e-17 
 9207.15385294206   5.940333e-18 
 9212.67221832521   4.297216e-19 
 9218.19058370836  -6.476727e-18 
 9223.70894909151   1.580874e-17 
 9229.22731447466   9.676024e-18 
 9234.74567985781   1.834499e-17 
 9240.26404524096   1.813153e-17 
 9245.78241062411   1.072537e-17 
