# STATUS =
# OBJECT = SSS120810
# TELESCOPE = ESO-NTT
# INSTRUMENT = EFOSC2-NTT
# DATE-OBS = 2012-09-24 06:15:35.00
# MJD = 56194.26082180021
# EXPTIME = 900.0
# AIRMASS = --
# SLIT = --
# DISPERSER = --
# SOURCE = --
# FILTER =
# RESOLUTION =
# FLUX_STANDARD =
# EXTINCTION_CORRECTED = --
# PHOTOMETRY_CALIBRATED =
# TELLURIC_CORRECTED =
# FLUX_UNITS = erg cm(-2) sec(-1) Ang(-1)
# WAVE_UNITS = Angstrom
# QUALITY = --
# MIN_WAVE = 3650.3132
# MAX_WAVE = 9251.018
# COMMENT = Released as part of DR1
 Wavelength             Flux          Error 
  3650.3132    1.3384637e-18   7.588004e-18 
  3655.8367    1.2329638e-17  7.7302626e-18 
    3661.36    3.1319078e-18  7.4502255e-18 
  3666.8835    1.6913034e-17   7.632902e-18 
  3672.4067   -1.1119615e-17  7.4881484e-18 
  3677.9302    1.4150041e-18   7.347394e-18 
  3683.4536    1.9036816e-17   7.803289e-18 
   3688.977    5.1403952e-18   7.507266e-18 
  3694.5002    2.3887004e-17   7.934181e-18 
  3700.0237    3.6177135e-17   8.054518e-18 
   3705.547     1.308276e-17   7.738173e-18 
  3711.0706   -1.4174439e-18   7.435353e-18 
  3716.5938    2.1467271e-17    7.63817e-18 
  3722.1172   -5.5144885e-18   7.433106e-18 
  3727.6406     4.759001e-18   7.526691e-18 
   3733.164    -8.256874e-18   7.461584e-18 
  3738.6873   -7.9363025e-18   7.334095e-18 
  3744.2107     4.536117e-19   7.186871e-18 
  3749.7341    5.2759094e-19   7.063876e-18 
  3755.2576    1.6947705e-17   7.044047e-18 
  3760.7808    6.4885445e-18  6.9319448e-18 
  3766.3042    -5.790299e-19    6.86098e-18 
  3771.8276    -3.504972e-17   7.275827e-18 
   3777.351   -1.9310229e-17  6.9268448e-18 
  3782.8743  -1.11290286e-17   6.716821e-18 
  3788.3977   -5.7681343e-18  6.4625127e-18 
  3793.9211    3.4150503e-18  6.3306506e-18 
  3799.4446      2.18882e-18   6.383677e-18 
  3804.9678    -5.373652e-18   6.299332e-18 
  3810.4912     6.142515e-18   6.233441e-18 
  3816.0146   -3.3470358e-18  6.1055483e-18 
   3821.538    -5.782469e-18   6.015062e-18 
  3827.0613    1.0510095e-17   6.127665e-18 
  3832.5847    -8.153957e-18   5.929431e-18 
  3838.1082     7.580083e-18  6.0371272e-18 
  3843.6316    1.1931765e-17  5.8761554e-18 
  3849.1548    7.2560035e-18  5.6575953e-18 
  3854.6782    1.9265398e-18   5.430837e-18 
  3860.2017     1.839983e-17  5.6093665e-18 
   3865.725    1.1621393e-17   5.495123e-18 
  3871.2483     6.168811e-18  5.2117122e-18 
  3876.7717    1.4563322e-17  5.2913486e-18 
  3882.2952    5.9209344e-18   5.107969e-18 
  3887.8186     1.220081e-17  5.1930275e-18 
  3893.3418      6.01953e-18  5.1615954e-18 
  3898.8652    -9.859378e-18    5.17969e-18 
  3904.3887     5.015411e-18  5.1476024e-18 
   3909.912     1.158087e-17  5.2297117e-18 
  3915.4353     2.415538e-17  5.2736954e-18 
  3920.9587    1.3936092e-17  4.9582108e-18 
  3926.4822     8.270534e-18  4.6934753e-18 
  3932.0056    1.2508831e-17   4.799107e-18 
  3937.5288    1.1657568e-18   4.610671e-18 
  3943.0522     7.454856e-18   4.778292e-18 
  3948.5757    1.8165445e-17   4.926468e-18 
   3954.099      5.03563e-18   4.629274e-18 
  3959.6223     9.142236e-18    4.66255e-18 
  3965.1458     1.401017e-17  4.5448947e-18 
  3970.6692   -1.7387982e-18  4.3903537e-18 
  3976.1926     6.763729e-18  4.5895546e-18 
  3981.7158    1.1510658e-17  4.6392946e-18 
  3987.2393      5.17935e-18  4.5221596e-18 
  3992.7627    1.1792149e-17   4.666756e-18 
  3998.2861    1.0182895e-17   4.629566e-18 
  4003.8093    1.4370738e-17   4.659983e-18 
  4009.3328    1.9926268e-17   4.711154e-18 
  4014.8562    2.2862814e-17  4.7523755e-18 
  4020.3796     8.134205e-18   4.557337e-18 
  4025.9028    9.4345996e-18  4.4928613e-18 
  4031.4263    1.5715697e-17  4.5458745e-18 
  4036.9497     1.627351e-17  4.5168235e-18 
  4042.4731    1.7787629e-17  4.5273266e-18 
  4047.9963     9.406219e-18  4.4067675e-18 
  4053.5198    1.2567972e-17  4.4268932e-18 
  4059.0432    5.2395717e-18  4.2753057e-18 
  4064.5667    1.5427069e-17  4.3720726e-18 
  4070.0898    2.2400129e-17   4.485986e-18 
  4075.6133    1.9106486e-17   4.357531e-18 
  4081.1367   1.35704745e-17    4.28329e-18 
  4086.6602     1.361516e-17   4.298202e-18 
  4092.1833    1.1014312e-17  4.1985823e-18 
   4097.707    1.5649071e-17  4.2062324e-18 
    4103.23    1.9112165e-17  4.1597106e-18 
  4108.7534     2.640891e-17    4.25371e-18 
   4114.277    1.3474936e-17  4.1138752e-18 
  4119.8003    1.4655526e-17  4.1167365e-18 
  4125.3237   1.15045405e-17  4.0570004e-18 
   4130.847     8.020833e-18  3.9885185e-18 
  4136.3706    1.8788433e-17   4.131201e-18 
   4141.894    1.3373255e-17  4.0629366e-18 
   4147.417    1.7793962e-17   4.109215e-18 
  4152.9404    2.2256016e-17   4.155023e-18 
   4158.464    1.9327439e-17   4.097732e-18 
  4163.9873    1.4279146e-17  4.0903238e-18 
  4169.5107    1.2720628e-17   4.033942e-18 
   4175.034    1.7969415e-17  4.0615296e-18 
  4180.5576    1.9428841e-17  4.0028444e-18 
   4186.081     8.734193e-18  3.8476137e-18 
   4191.604    1.6637692e-17  3.8801173e-18 
  4197.1274     1.892971e-17  3.8613358e-18 
   4202.651    1.5832892e-17  3.8401045e-18 
  4208.1743    2.1615363e-17  3.8808295e-18 
  4213.6978    1.8410312e-17   3.864803e-18 
   4219.221    1.0429144e-17  3.6973704e-18 
  4224.7446    1.5721421e-17  3.7439138e-18 
   4230.268    2.6521538e-17  3.8892697e-18 
  4235.7915    1.8547302e-17   3.804501e-18 
  4241.3145    1.5719014e-17  3.7128085e-18 
   4246.838    2.4450395e-17    3.84527e-18 
  4252.3613    1.4974257e-17  3.7433595e-18 
   4257.885    2.4231124e-17  3.8228264e-18 
   4263.408    2.0283564e-17   3.771227e-18 
  4268.9316    2.1263009e-17   3.715824e-18 
   4274.455     2.197977e-17   3.704779e-18 
  4279.9785    2.4521462e-17  3.7184813e-18 
  4285.5015    2.1507571e-17    3.71469e-18 
   4291.025    1.8629088e-17   3.675895e-18 
  4296.5483    2.2067615e-17  3.6579316e-18 
   4302.072    2.9624752e-17   3.717177e-18 
   4307.595    1.3785134e-17  3.5020573e-18 
  4313.1187    2.0747637e-17   3.612095e-18 
   4318.642    2.2640995e-17   3.655615e-18 
  4324.1655    2.2402182e-17  3.7117625e-18 
  4329.6885    2.4461254e-17   3.719225e-18 
   4335.212    1.3589419e-17  3.5754675e-18 
  4340.7354   1.33211184e-17  3.5687136e-18 
   4346.259    2.0690795e-17  3.6532965e-18 
   4351.782    1.7073982e-17  3.6442505e-18 
  4357.3057    2.4412497e-17   3.683797e-18 
   4362.829    2.9547838e-17  3.7729408e-18 
  4368.3525    2.2167092e-17  3.6859354e-18 
  4373.8755    2.4525258e-17   3.639822e-18 
   4379.399    2.2569517e-17  3.6655512e-18 
  4384.9224    1.9105774e-17   3.575033e-18 
   4390.446     1.973696e-17  3.6114395e-18 
   4395.969    2.5521748e-17  3.6529963e-18 
  4401.4927    2.1465772e-17   3.618666e-18 
   4407.016    3.0639147e-17   3.766405e-18 
  4412.5396    2.4534797e-17   3.697751e-18 
  4418.0625    2.9245182e-17   3.788259e-18 
   4423.586     2.201275e-17  3.7260715e-18 
  4429.1094    2.9985135e-17  3.7861728e-18 
   4434.633    2.9034615e-17  3.7449386e-18 
  4440.1562    2.6492264e-17   3.692036e-18 
  4445.6797    2.6267478e-17  3.7307322e-18 
   4451.203     3.164079e-17  3.7145794e-18 
  4456.7266    2.6193503e-17  3.6143086e-18 
  4462.2495    2.7699703e-17   3.635392e-18 
   4467.773    2.1791289e-17   3.573561e-18 
  4473.2964     3.503427e-17  3.7346775e-18 
    4478.82    3.9659002e-17  3.8541517e-18 
  4484.3433    3.8796984e-17    3.82294e-18 
  4489.8667     3.331587e-17  3.7232173e-18 
    4495.39    3.4444307e-17  3.7493297e-18 
  4500.9136      3.88783e-17   3.801436e-18 
  4506.4365    3.5351033e-17  3.8190528e-18 
    4511.96    4.0600112e-17  3.8689814e-18 
  4517.4834     4.229263e-17  3.8452947e-18 
   4523.007    3.9153426e-17  3.8071505e-18 
  4528.5303      4.66783e-17  3.9340503e-18 
  4534.0537    4.5117174e-17  3.8916255e-18 
   4539.577    4.0361044e-17   3.818696e-18 
  4545.1006    4.4760454e-17   3.909778e-18 
  4550.6235    4.1225596e-17  3.8196798e-18 
   4556.147    4.9184755e-17  3.9101175e-18 
  4561.6704     3.479151e-17  3.7769886e-18 
   4567.194    5.1003325e-17  3.9231477e-18 
  4572.7173     3.979483e-17  3.8359914e-18 
  4578.2407    3.3912747e-17  3.7088653e-18 
   4583.764    4.6582243e-17   3.880092e-18 
  4589.2876     4.359661e-17  3.7915225e-18 
  4594.8105    4.1399602e-17   3.790793e-18 
   4600.334    4.5357774e-17  3.8156324e-18 
  4605.8574    3.7030246e-17   3.762168e-18 
   4611.381    3.7166234e-17  3.7480253e-18 
  4616.9043    4.2219973e-17   3.773404e-18 
  4622.4277    4.7806718e-17  3.8923203e-18 
   4627.951    4.7730115e-17   3.875356e-18 
  4633.4746    4.3787458e-17   3.791245e-18 
  4638.9976     4.251799e-17   3.803697e-18 
   4644.521    4.5978944e-17  3.8146518e-18 
  4650.0444     4.784736e-17   3.822002e-18 
   4655.568     4.787528e-17    3.83589e-18 
  4661.0913    4.3330106e-17  3.7596856e-18 
  4666.6147    3.9043057e-17   3.717931e-18 
   4672.138    4.3411878e-17   3.794151e-18 
  4677.6616     3.956799e-17  3.7334603e-18 
  4683.1846    4.5345618e-17   3.801883e-18 
   4688.708    3.4058497e-17  3.6733197e-18 
  4694.2314    4.5219205e-17  3.7770167e-18 
   4699.755    4.0627942e-17   3.712764e-18 
  4705.2783    4.0009975e-17  3.6884186e-18 
   4710.802    4.5168952e-17  3.7540906e-18 
   4716.325    4.5572073e-17  3.7450615e-18 
  4721.8486     4.156558e-17  3.7254627e-18 
  4727.3716     4.117256e-17   3.696538e-18 
   4732.895      4.07834e-17   3.728941e-18 
  4738.4185    3.1480284e-17  3.5887094e-18 
   4743.942    3.6371936e-17   3.681309e-18 
  4749.4653     4.024969e-17   3.690611e-18 
   4754.989     3.479753e-17  3.6302364e-18 
   4760.512    4.0076762e-17  3.6830217e-18 
  4766.0356    4.0553896e-17  3.6728366e-18 
  4771.5586    4.0845547e-17    3.66859e-18 
   4777.082    3.6766325e-17  3.6341576e-18 
  4782.6055    3.7932346e-17   3.627896e-18 
   4788.129    3.8969332e-17  3.6769324e-18 
  4793.6523    4.1920402e-17  3.6604297e-18 
   4799.176    3.2029476e-17   3.577321e-18 
   4804.699    3.6904603e-17    3.67997e-18 
  4810.2227    4.5428164e-17  3.7474384e-18 
   4815.746    3.4094797e-17  3.6123325e-18 
   4821.269    3.5924292e-17   3.611732e-18 
  4826.7925    3.5165817e-17  3.6362256e-18 
   4832.316    3.5395323e-17   3.658891e-18 
  4837.8394    3.5810568e-17  3.6167426e-18 
   4843.363      4.04192e-17  3.6737175e-18 
   4848.886    3.9034226e-17   3.655022e-18 
  4854.4097    3.5894848e-17   3.594058e-18 
   4859.933    3.8335057e-17   3.610796e-18 
   4865.456    3.6651546e-17  3.5580306e-18 
  4870.9795     3.202837e-17   3.499926e-18 
   4876.503    3.5112712e-17  3.5533913e-18 
  4882.0264    3.5490647e-17  3.5586067e-18 
    4887.55     4.202229e-17   3.647283e-18 
   4893.073     3.976551e-17   3.912924e-18 
  4898.5967     4.457767e-17    3.66699e-18 
    4904.12    3.9082196e-17  3.6657034e-18 
   4909.643    3.8108667e-17  3.6083546e-18 
  4915.1665    3.2652028e-17  3.5292294e-18 
    4920.69    3.4775368e-17   3.549124e-18 
  4926.2134     4.204399e-17   3.619565e-18 
   4931.737    3.7353048e-17   3.566114e-18 
  4937.2603     3.952836e-17  3.5843113e-18 
  4942.7837    3.9209228e-17   3.605829e-18 
   4948.307    4.0362953e-17   3.600287e-18 
    4953.83    4.0903793e-17   3.614294e-18 
  4959.3535     4.322114e-17    3.63178e-18 
   4964.877    4.4818244e-17  3.6171363e-18 
  4970.4004    3.5621395e-17  3.5522767e-18 
   4975.924     3.434869e-17  3.5293758e-18 
  4981.4473    4.1017557e-17  3.6449503e-18 
  4986.9707     4.455192e-17  3.6649416e-18 
   4992.494    3.7676714e-17  3.5790107e-18 
   4998.017    4.0559015e-17  3.5764014e-18 
  5003.5405     3.726108e-17   3.541532e-18 
   5009.064     4.307407e-17  3.5840814e-18 
  5014.5874    4.4952816e-17  3.5819592e-18 
   5020.111     3.703591e-17  3.5170785e-18 
  5025.6343    5.0454973e-17  3.6472163e-18 
  5031.1577    4.3583875e-17   3.632525e-18 
   5036.681    3.7815865e-17   3.515678e-18 
   5042.204    4.7618822e-17   3.589788e-18 
  5047.7275    3.9647528e-17   3.523569e-18 
   5053.251     4.374722e-17   3.570631e-18 
  5058.7744    4.3206532e-17  3.5580814e-18 
   5064.298    4.0114567e-17  3.5563406e-18 
  5069.8213     4.549489e-17  3.6000426e-18 
  5075.3447    3.9211306e-17  3.5274803e-18 
   5080.868    4.7047985e-17  3.6302906e-18 
   5086.391     4.933728e-17   3.677359e-18 
  5091.9146    4.4372807e-17   3.578922e-18 
   5097.438    5.0652848e-17   3.690289e-18 
  5102.9614    5.4608194e-17  3.7173306e-18 
   5108.485    4.6652828e-17   3.627523e-18 
  5114.0083     4.472929e-17   3.611416e-18 
  5119.5317    5.1292424e-17  3.6733805e-18 
   5125.055     4.694481e-17  3.6373427e-18 
   5130.578    4.7573324e-17  3.6156325e-18 
  5136.1016    5.3227554e-17  3.6790905e-18 
   5141.625    5.1217846e-17  3.6814976e-18 
  5147.1484    5.8862834e-17  3.7535976e-18 
   5152.672    6.4268254e-17  3.8345186e-18 
  5158.1953     5.918343e-17   3.766019e-18 
  5163.7188     6.493702e-17   3.776275e-18 
   5169.242    5.8848124e-17  3.6887243e-18 
   5174.765      5.39173e-17  3.6370354e-18 
  5180.2886     6.376766e-17   3.792535e-18 
   5185.812     6.570363e-17   3.840622e-18 
  5191.3354     6.336015e-17  3.8185275e-18 
   5196.859     6.627786e-17  3.8552378e-18 
  5202.3823    6.3511364e-17  3.8015265e-18 
   5207.906     6.238479e-17    3.79231e-18 
   5213.429     6.433172e-17  3.7955294e-18 
   5218.952    6.1785634e-17    3.77417e-18 
  5224.4756     7.043774e-17  3.8700435e-18 
   5229.999    7.1603077e-17   3.899744e-18 
  5235.5225     6.923288e-17   3.868876e-18 
   5241.046    7.3284027e-17  3.8842313e-18 
  5246.5693    7.9446946e-17   3.970617e-18 
   5252.093    6.9910433e-17  3.8875396e-18 
   5257.616    7.1255674e-17     3.8478e-18 
   5263.139     7.478654e-17    3.89441e-18 
  5268.6626     7.521368e-17  3.8828164e-18 
   5274.186     7.072643e-17  3.8439612e-18 
  5279.7095     7.363647e-17  3.8994804e-18 
   5285.233    7.3242204e-17  3.8964632e-18 
  5290.7563    7.3517245e-17  3.8999738e-18 
    5296.28    7.1722045e-17   3.849941e-18 
   5301.803     7.780538e-17   3.934246e-18 
   5307.326    7.1895164e-17  3.8712057e-18 
  5312.8496    6.2412405e-17  3.7928423e-18 
   5318.373     7.038245e-17  3.8690898e-18 
  5323.8965     6.519111e-17  3.7832764e-18 
    5329.42     6.966027e-17  3.8327885e-18 
  5334.9434     6.301311e-17  3.7318216e-18 
   5340.467     6.430174e-17  3.7786078e-18 
    5345.99    5.9755355e-17   3.724987e-18 
   5351.513     6.294262e-17  3.7584986e-18 
  5357.0366     6.221682e-17  3.7781086e-18 
    5362.56      6.65656e-17  3.8128613e-18 
  5368.0835     6.144471e-17    3.70016e-18 
   5373.607     6.144445e-17  3.7277444e-18 
  5379.1304      6.32344e-17  3.7894724e-18 
   5384.654    6.4704046e-17   3.744053e-18 
  5390.1772    6.0473997e-17   3.750998e-18 
     5395.7     5.834979e-17  3.6962198e-18 
  5401.2236     6.180743e-17  3.7176276e-18 
   5406.747     6.286972e-17   3.730295e-18 
  5412.2705     5.716861e-17  3.6841074e-18 
   5417.794    6.5405555e-17   3.773564e-18 
  5423.3174    6.2686883e-17   3.735493e-18 
   5428.841    5.4103313e-17   3.675173e-18 
  5434.3643     6.272707e-17   3.692375e-18 
  5439.8877    5.4901953e-17   3.639836e-18 
  5445.4106    5.7224454e-17  3.7087077e-18 
   5450.934     5.705335e-17  3.6866803e-18 
  5456.4575     6.405843e-17   3.760162e-18 
   5461.981    6.3556144e-17   3.750332e-18 
  5467.5044     5.621575e-17   3.691276e-18 
   5473.028    5.9602645e-17   3.715008e-18 
  5478.5513    6.0749024e-17  3.7178054e-18 
  5484.0747    6.3783566e-17  3.7666757e-18 
  5489.5977     6.078398e-17  3.7154426e-18 
   5495.121      6.05566e-17  3.7548185e-18 
  5500.6445    6.0441505e-17  3.7068623e-18 
   5506.168     5.828272e-17   3.704349e-18 
  5511.6914     6.337954e-17   3.727953e-18 
   5517.215       5.8807e-17  3.6988183e-18 
  5522.7383     6.133176e-17   3.722282e-18 
  5528.2617    6.5333676e-17  3.7626403e-18 
  5533.7847     5.691323e-17  3.7186583e-18 
   5539.308     6.435051e-17   3.795652e-18 
  5544.8315     5.583961e-17   3.697463e-18 
   5550.355    6.3132793e-17  3.7766143e-18 
  5555.8784    5.2868372e-17   3.656318e-18 
   5561.402    6.4824444e-17  3.9339027e-18 
  5566.9253    5.6650986e-17  5.1311072e-18 
  5572.4487     5.453957e-17  5.9699883e-18 
  5577.9717     5.304558e-17    5.97798e-18 
   5583.495     6.180412e-17  5.9328855e-18 
  5589.0186    6.0055834e-17  4.5379645e-18 
   5594.542    5.5469805e-17  3.7325735e-18 
  5600.0654    5.3990052e-17   3.643208e-18 
   5605.589     5.575598e-17  3.6827884e-18 
  5611.1123    5.4617095e-17  3.7190983e-18 
  5616.6357    5.5844485e-17  3.6894993e-18 
  5622.1587    6.7212925e-17   3.812159e-18 
   5627.682    6.3471646e-17   3.785213e-18 
  5633.2056     5.904048e-17  3.7327303e-18 
   5638.729     6.099982e-17  3.7632466e-18 
  5644.2524    6.0779915e-17   3.743567e-18 
   5649.776    6.6172484e-17  3.8147936e-18 
  5655.2993    6.1200956e-17  3.7371218e-18 
  5660.8228      5.89156e-17  3.7189635e-18 
  5666.3457     6.492914e-17  3.7892937e-18 
   5671.869    5.8308246e-17   3.740617e-18 
  5677.3926      5.85822e-17   3.738899e-18 
   5682.916      5.70196e-17   3.746317e-18 
  5688.4395    6.8559475e-17  3.8556774e-18 
   5693.963    5.8513175e-17  3.7571333e-18 
  5699.4863    5.8833115e-17   3.733219e-18 
    5705.01     5.804692e-17  3.7230134e-18 
  5710.5327     5.782372e-17   3.738658e-18 
   5716.056     5.629921e-17  3.7059755e-18 
  5721.5796    5.7055325e-17  3.7091536e-18 
   5727.103     6.115695e-17   3.733459e-18 
  5732.6265     5.400953e-17  3.6986116e-18 
    5738.15    5.2222705e-17    3.63697e-18 
  5743.6733      5.62947e-17   3.681636e-18 
   5749.197    5.1516587e-17  3.6459243e-18 
  5754.7197     6.214705e-17  3.7618065e-18 
   5760.243    5.1158087e-17  3.6541266e-18 
  5765.7666    4.2343045e-17  3.5295176e-18 
    5771.29     4.684183e-17   3.567061e-18 
  5776.8135    5.5465865e-17   3.676424e-18 
   5782.337    5.2442745e-17  3.6440197e-18 
  5787.8604    4.9289023e-17    3.57905e-18 
   5793.384     6.262695e-17  3.7493392e-18 
  5798.9067       5.9231e-17  3.7228455e-18 
    5804.43     5.624136e-17  3.6830453e-18 
  5809.9536     5.040526e-17   3.605638e-18 
   5815.477    4.6842457e-17  3.5760536e-18 
  5821.0005     5.714956e-17  3.7404636e-18 
   5826.524    5.4097437e-17  3.6944885e-18 
  5832.0474    5.4662414e-17  3.7173588e-18 
   5837.571     5.149614e-17   3.665642e-18 
  5843.0938     4.848244e-17   3.630238e-18 
   5848.617    5.2852335e-17   3.690106e-18 
  5854.1406    5.6650344e-17  3.7461132e-18 
   5859.664     6.022749e-17  3.7939623e-18 
  5865.1875     5.452109e-17  3.7595367e-18 
   5870.711     5.914235e-17  3.7930404e-18 
  5876.2344    6.2037083e-17  3.9402964e-18 
   5881.758     5.717796e-17   4.160847e-18 
   5887.281    6.2275536e-17  4.3889025e-18 
   5892.804     5.644087e-17  4.3498285e-18 
  5898.3276    5.7456554e-17  4.1762984e-18 
   5903.851    6.0975665e-17  3.9879457e-18 
  5909.3745    5.7554334e-17   3.813917e-18 
   5914.898    5.4818583e-17  3.7759926e-18 
  5920.4214     6.330012e-17  3.8531694e-18 
   5925.945     6.425855e-17   3.888455e-18 
   5931.468     5.850953e-17   3.826836e-18 
   5936.991    5.8320025e-17  3.7935144e-18 
  5942.5146     6.143997e-17   3.808422e-18 
   5948.038     5.872371e-17   3.799637e-18 
  5953.5615     5.695636e-17  3.7779138e-18 
   5959.085     6.059555e-17  3.8212076e-18 
  5964.6084    6.4127945e-17  3.8450275e-18 
   5970.132    5.9531765e-17   3.776427e-18 
   5975.655      6.70097e-17  3.8779948e-18 
   5981.178     7.146388e-17   3.932631e-18 
  5986.7017     6.011004e-17   3.808305e-18 
   5992.225    6.1820667e-17   3.798341e-18 
  5997.7485      6.58576e-17  3.8241747e-18 
   6003.272     6.328477e-17   3.800705e-18 
  6008.7954     6.423948e-17   3.801337e-18 
   6014.319     6.763147e-17  3.8536554e-18 
  6019.8423      6.60557e-17  3.8210955e-18 
   6025.365    6.7201443e-17  3.7890393e-18 
  6030.8887    7.0845386e-17  3.8654216e-18 
   6036.412     7.056799e-17  3.8665346e-18 
  6041.9355    7.1820407e-17  3.8946757e-18 
   6047.459     6.552313e-17  3.8081737e-18 
  6052.9824     6.952401e-17  3.8598282e-18 
   6058.506     6.146251e-17   3.772791e-18 
  6064.0293     6.843118e-17  3.8247942e-18 
  6069.5522     7.669688e-17  3.8910944e-18 
  6075.0757    7.2618523e-17  3.8831663e-18 
   6080.599    7.5379044e-17   3.935979e-18 
  6086.1226      7.43968e-17   3.929015e-18 
   6091.646    7.3852425e-17   3.910785e-18 
  6097.1694     7.523425e-17  3.9300505e-18 
   6102.693     7.428561e-17   3.922796e-18 
  6108.2163    7.5249256e-17  3.9134146e-18 
  6113.7393       7.2993e-17   3.864027e-18 
  6119.2627      7.57526e-17  3.9026696e-18 
   6124.786     7.193789e-17  3.8537782e-18 
  6130.3096     7.737829e-17  3.9354185e-18 
   6135.833    7.7040234e-17   3.950224e-18 
  6141.3564    7.3456577e-17   3.921102e-18 
    6146.88    7.5270187e-17   3.956257e-18 
  6152.4033    7.5915526e-17  3.9648285e-18 
  6157.9263      6.94032e-17  3.9007307e-18 
  6163.4497     7.658076e-17   3.974402e-18 
   6168.973    7.2430945e-17   3.907699e-18 
  6174.4966    7.6890805e-17  3.9810226e-18 
    6180.02     7.536104e-17  3.9547844e-18 
  6185.5435    7.7077656e-17  3.9438036e-18 
   6191.067    7.5356035e-17   3.955232e-18 
  6196.5903     8.833316e-17  4.0986365e-18 
  6202.1133    8.8902745e-17   4.112934e-18 
  6207.6367     7.524755e-17  3.9989075e-18 
    6213.16      8.40277e-17  4.0701492e-18 
  6218.6836     8.988382e-17   4.125356e-18 
   6224.207     7.381124e-17  4.0134998e-18 
  6229.7305    7.7603306e-17    4.08043e-18 
   6235.254     7.933034e-17   4.114749e-18 
  6240.7773     8.093265e-17  4.1270253e-18 
  6246.3003     8.136579e-17   4.110347e-18 
  6251.8237    7.4784546e-17  4.0376783e-18 
   6257.347     8.114182e-17  4.1156243e-18 
  6262.8706     8.505191e-17  4.1316385e-18 
   6268.394    7.5241255e-17    4.00275e-18 
  6273.9175     7.303057e-17    3.95868e-18 
   6279.441     7.417835e-17  3.9629863e-18 
  6284.9644     7.608931e-17   4.084678e-18 
  6290.4873     8.046546e-17   4.409686e-18 
  6296.0107     8.139886e-17   4.572297e-18 
   6301.534    7.9143556e-17  4.5359607e-18 
  6307.0576     8.586683e-17  4.4917094e-18 
   6312.581     7.861137e-17   4.166757e-18 
  6318.1045     7.057717e-17   3.989751e-18 
   6323.628    7.9534905e-17  4.1137636e-18 
  6329.1514     7.698464e-17   4.031161e-18 
  6334.6743    7.4555476e-17  4.0030876e-18 
  6340.1978     7.491503e-17  4.0388396e-18 
   6345.721        8.273e-17  4.1208864e-18 
  6351.2446     8.034572e-17   4.160263e-18 
   6356.768    7.7276576e-17   4.188834e-18 
  6362.2915     7.528114e-17  4.1426913e-18 
   6367.815    7.7466014e-17  4.1595393e-18 
  6373.3384    8.0451586e-17  4.1455968e-18 
  6378.8613     7.495053e-17  4.0320683e-18 
   6384.385    8.6210444e-17  4.0905715e-18 
   6389.908    9.0495677e-17  4.1617103e-18 
  6395.4316     7.644107e-17  4.0319935e-18 
   6400.955     8.228149e-17  4.0636604e-18 
  6406.4785     7.299967e-17   3.943815e-18 
   6412.002     8.328495e-17  4.0713834e-18 
  6417.5254    8.8918667e-17   4.125258e-18 
  6423.0483     7.992437e-17   4.047099e-18 
   6428.572    7.6207316e-17  3.9755917e-18 
   6434.095     7.143225e-17   3.947244e-18 
  6439.6187    7.9762426e-17  4.0300785e-18 
   6445.142    7.1687475e-17  3.9469423e-18 
  6450.6655    7.2975124e-17   4.147672e-18 
   6456.189     7.959233e-17  4.0731105e-18 
  6461.7124    7.9808834e-17  4.3040515e-18 
  6467.2354     7.883008e-17   4.096074e-18 
   6472.759     7.768365e-17  4.0569172e-18 
   6478.282     7.325551e-17  3.9746045e-18 
  6483.8057     7.281626e-17   3.945964e-18 
   6489.329     7.122534e-17  3.9532504e-18 
  6494.8525     6.355907e-17  3.8981656e-18 
   6500.376     6.676144e-17   3.951534e-18 
  6505.8994     7.317999e-17  3.9885342e-18 
  6511.4224    6.5374096e-17  3.8976866e-18 
   6516.946    5.9535464e-17  3.8172797e-18 
   6522.469     6.521312e-17   3.897323e-18 
  6527.9927    7.6190633e-17   4.003265e-18 
   6533.516    6.3890167e-17  3.9139444e-18 
  6539.0396     6.255011e-17  3.8888635e-18 
   6544.563     6.576614e-17    3.90437e-18 
  6550.0864    6.8956476e-17  3.9447172e-18 
  6555.6094     6.432619e-17   3.934133e-18 
   6561.133    6.0821915e-17    3.88054e-18 
  6566.6562    6.4638454e-17  3.8891663e-18 
  6572.1797     6.697146e-17   3.928164e-18 
   6577.703     5.836893e-17  3.8261806e-18 
  6583.2266      5.77918e-17  3.7796012e-18 
    6588.75    5.7073087e-17   3.766496e-18 
  6594.2734     5.798996e-17  3.7663175e-18 
  6599.7964      6.02335e-17  3.7986826e-18 
    6605.32    6.1665004e-17    3.82202e-18 
  6610.8433     6.207077e-17  3.8141583e-18 
  6616.3667      6.20174e-17  3.8441862e-18 
    6621.89     6.490121e-17   3.830595e-18 
  6627.4136     6.405864e-17  3.8520593e-18 
   6632.937     6.399899e-17  3.8234343e-18 
  6638.4604    5.9893025e-17  3.7875893e-18 
   6643.984     6.108422e-17  3.7782686e-18 
   6649.507    6.2970276e-17  3.8550633e-18 
  6655.0303     5.981356e-17   3.800391e-18 
  6660.5537     5.939651e-17   3.802336e-18 
   6666.077    5.6662646e-17   3.799337e-18 
  6671.6006     6.336981e-17  3.8329788e-18 
   6677.124     6.159875e-17   3.796249e-18 
  6682.6475     5.501318e-17   3.756307e-18 
   6688.171       5.7798e-17  3.7342308e-18 
   6693.694     6.150689e-17   3.770409e-18 
  6699.2173     6.036197e-17   3.806959e-18 
  6704.7407     5.623816e-17  3.7520532e-18 
   6710.264     5.409744e-17  3.7603784e-18 
  6715.7876      5.74024e-17   3.784219e-18 
   6721.311    5.5498032e-17  3.7466025e-18 
  6726.8345    4.9897295e-17   3.671541e-18 
   6732.358    5.0411682e-17   3.682749e-18 
   6737.881      5.66472e-17  3.7562193e-18 
  6743.4043    5.6944556e-17   3.765705e-18 
  6748.9277    5.7452485e-17  3.7687887e-18 
   6754.451     6.048539e-17   3.837941e-18 
  6759.9746    5.6473374e-17  3.7572413e-18 
   6765.498     5.428355e-17  3.7519262e-18 
  6771.0215    5.1979196e-17  3.7130475e-18 
   6776.545     5.934452e-17  3.7846603e-18 
   6782.068    6.3256057e-17   3.876488e-18 
  6787.5913    6.2331997e-17  3.8467637e-18 
  6793.1147    4.5830954e-17   3.674857e-18 
   6798.638    5.5045462e-17  3.7725425e-18 
  6804.1616    5.5633984e-17  3.7858655e-18 
   6809.685    4.6193445e-17  3.6295684e-18 
  6815.2085     5.443862e-17   3.755757e-18 
   6820.732    4.8912887e-17  3.8089442e-18 
   6826.255    5.0476728e-17  3.9597864e-18 
  6831.7783     5.619357e-17   4.040026e-18 
   6837.302    4.9715193e-17  3.9445328e-18 
   6842.825    5.1690308e-17  3.8844708e-18 
  6848.3486    5.7426564e-17  3.8195714e-18 
   6853.872    4.7273885e-17   3.766954e-18 
  6859.3955    4.6110148e-17   3.811064e-18 
   6864.919    5.2939887e-17   3.809023e-18 
   6870.442    5.1002206e-17  3.6979196e-18 
  6875.9653    5.0883572e-17  3.6339033e-18 
   6881.489    4.9547364e-17   3.600414e-18 
   6887.012    4.4767633e-17   3.564503e-18 
  6892.5356    4.3931642e-17   3.572163e-18 
   6898.059     4.757307e-17  3.6519453e-18 
  6903.5825     5.874992e-17   3.782662e-18 
   6909.106     4.937963e-17  3.7126997e-18 
   6914.629    4.9579115e-17   3.763353e-18 
  6920.1523     5.249522e-17   3.828961e-18 
   6925.676     4.039698e-17  3.7215364e-18 
   6931.199    4.6837322e-17  3.8075037e-18 
  6936.7227     4.347549e-17   3.709541e-18 
   6942.246    4.9849206e-17  3.8384162e-18 
  6947.7695    5.2172756e-17   3.881985e-18 
   6953.293     4.094688e-17   3.722212e-18 
   6958.816    4.6711167e-17   3.825137e-18 
  6964.3394     5.229859e-17  3.8131173e-18 
   6969.863    5.6105775e-17  3.8821865e-18 
   6975.386     5.186183e-17   3.858329e-18 
  6980.9097    4.9563888e-17  3.8088065e-18 
   6986.433    4.4323338e-17  3.7414128e-18 
  6991.9565    4.6813506e-17   3.747115e-18 
    6997.48    4.8126526e-17  3.7115106e-18 
   7003.003    4.6172004e-17  3.7175784e-18 
  7008.5264    4.8270667e-17  3.7623657e-18 
    7014.05    5.4065987e-17  3.8414574e-18 
   7019.573    5.5508915e-17  3.8151584e-18 
  7025.0967     4.607451e-17  3.6653345e-18 
    7030.62     4.242863e-17  3.6309507e-18 
  7036.1436    5.0023126e-17  3.7445465e-18 
   7041.667     4.674666e-17  3.7673093e-18 
    7047.19     4.115384e-17  3.6864044e-18 
  7052.7134    4.6986727e-17  3.7646747e-18 
   7058.237    4.9489683e-17    3.79776e-18 
  7063.7603    3.8860403e-17  3.6768997e-18 
  7069.2837     4.758315e-17  3.7721723e-18 
   7074.807    5.5112447e-17  3.8723513e-18 
  7080.3306    4.4291045e-17  3.7358396e-18 
   7085.854     4.454726e-17   3.749199e-18 
   7091.377    4.6328394e-17  3.7693272e-18 
  7096.9004    4.4254282e-17  3.7138296e-18 
   7102.424    4.5797867e-17  3.7082528e-18 
  7107.9473    4.3565012e-17   3.700596e-18 
  7113.4707    3.7417045e-17  3.6193933e-18 
   7118.994    4.3546566e-17    3.69361e-18 
  7124.5176    3.7280772e-17  3.6224125e-18 
   7130.041     4.356308e-17   3.739122e-18 
   7135.564    5.0598337e-17  3.8291725e-18 
  7141.0874     4.538027e-17  3.7603147e-18 
   7146.611    3.8277336e-17  3.6868577e-18 
  7152.1343     4.133662e-17  3.6919805e-18 
  7157.6577    4.4283018e-17  3.6844403e-18 
   7163.181     4.172247e-17   3.695112e-18 
  7168.7046    3.9957985e-17   3.669597e-18 
   7174.228    4.2370282e-17  3.6730723e-18 
   7179.751    4.8843377e-17  3.7200256e-18 
  7185.2744    4.9063904e-17  3.7284686e-18 
   7190.798     5.107809e-17   3.775068e-18 
  7196.3213    5.4807042e-17  3.7977942e-18 
  7201.8447    5.3901014e-17  3.8185697e-18 
   7207.368     5.402614e-17    3.82285e-18 
  7212.8916    4.7042248e-17  3.7075894e-18 
   7218.415    4.2489002e-17  3.7057294e-18 
  7223.9385     4.313163e-17  3.7399776e-18 
  7229.4614    4.1590982e-17  3.8289554e-18 
   7234.985     4.265229e-17  4.0763477e-18 
  7240.5083    4.7660595e-17   4.321506e-18 
  7246.0317    5.2995258e-17  4.4496965e-18 
   7251.555    5.3298807e-17   4.362612e-18 
  7257.0786    4.3119354e-17  3.9957427e-18 
   7262.602    5.2737092e-17  3.9630537e-18 
  7268.1255    4.3747574e-17   4.060288e-18 
  7273.6484     6.051815e-17  4.4469796e-18 
   7279.172    5.6023944e-17  4.4498065e-18 
  7284.6953    5.3619263e-17   4.437538e-18 
  7290.2188    4.6146974e-17   4.129941e-18 
   7295.742    4.2673775e-17   3.969123e-18 
  7301.2656    5.0186927e-17  4.0331035e-18 
   7306.789    5.2686922e-17  4.1720045e-18 
  7312.3125    5.2244026e-17   4.261505e-18 
  7317.8354    5.2649556e-17   4.288861e-18 
   7323.359     5.365087e-17  4.3188225e-18 
  7328.8823     6.251083e-17   4.390873e-18 
   7334.406     6.258422e-17  4.4756208e-18 
   7339.929    4.5612493e-17   4.336454e-18 
  7345.4526    4.8303645e-17  4.3316297e-18 
   7350.976     5.829376e-17  4.3822486e-18 
  7356.4995    5.3617387e-17   4.239738e-18 
  7362.0225    6.0490004e-17  4.4041726e-18 
   7367.546    5.6056396e-17  4.4542555e-18 
  7373.0693     5.249942e-17  4.3409653e-18 
   7378.593    5.3125066e-17   4.283898e-18 
   7384.116     5.939921e-17  4.2679178e-18 
  7389.6396    5.2947742e-17   4.130914e-18 
   7395.163    5.5776405e-17   4.313464e-18 
  7400.6865    5.7385794e-17   4.316707e-18 
  7406.2095     6.007545e-17  4.3204078e-18 
   7411.733    6.0073416e-17  4.2899477e-18 
  7417.2563    5.5865006e-17   4.157212e-18 
    7422.78    6.4246635e-17  4.2621627e-18 
   7428.303     6.390539e-17  4.2763964e-18 
  7433.8267    5.2039352e-17  4.1845074e-18 
    7439.35    5.6072284e-17   4.242167e-18 
  7444.8735    6.4224824e-17   4.297212e-18 
  7450.3965     5.784043e-17   4.195391e-18 
    7455.92     5.840589e-17    4.17709e-18 
  7461.4434    5.8170676e-17  4.2129934e-18 
   7466.967     5.576248e-17  4.2852456e-18 
    7472.49     5.657853e-17   4.347534e-18 
  7478.0137     5.536522e-17  4.3869044e-18 
   7483.537    6.1899566e-17  4.4762035e-18 
  7489.0605    6.5981656e-17   4.500962e-18 
  7494.5835     5.603883e-17   4.287939e-18 
   7500.107    4.7296414e-17  4.0805163e-18 
  7505.6304    5.3599084e-17  4.1606796e-18 
   7511.154    6.1482264e-17  4.3098054e-18 
  7516.6772     6.475073e-17  4.4914613e-18 
  7522.2007     5.536058e-17   4.514043e-18 
   7527.724     5.851422e-17  4.5958957e-18 
  7533.2476     5.979313e-17  4.5848227e-18 
  7538.7705    5.0239036e-17   4.376452e-18 
   7544.294     5.767744e-17   4.324342e-18 
  7549.8174     6.001797e-17  4.3967222e-18 
   7555.341     6.082198e-17  4.4124903e-18 
  7560.8643     5.894321e-17  4.4428594e-18 
  7566.3877    5.2531908e-17  4.4342286e-18 
   7571.911    4.6796976e-17  4.3954637e-18 
  7577.4346    5.3360525e-17  4.4464366e-18 
  7582.9575     6.478557e-17  4.5876078e-18 
   7588.481    7.2397494e-17  4.4750087e-18 
  7594.0044    7.5917584e-17   4.250052e-18 
   7599.528     5.001539e-17  3.8025853e-18 
  7605.0513     3.118476e-17  3.4481657e-18 
  7610.5747    6.2660844e-17  3.6553876e-18 
   7616.098      6.82242e-17  3.8620223e-18 
  7621.6216     5.638039e-17   3.873495e-18 
  7627.1445     5.470583e-17  3.8779637e-18 
   7632.668     5.479275e-17    3.85533e-18 
  7638.1914     4.990517e-17   3.806231e-18 
   7643.715    5.0708385e-17   3.876747e-18 
  7649.2383     5.433557e-17  4.0044115e-18 
  7654.7617     6.072229e-17   4.171244e-18 
   7660.285     5.999273e-17  4.2711856e-18 
  7665.8086     5.501532e-17  4.2756064e-18 
  7671.3315    4.5415127e-17  4.1753153e-18 
   7676.855    5.1684094e-17  4.2919974e-18 
  7682.3784    5.5130837e-17  4.3652604e-18 
   7687.902    5.8817915e-17   4.458036e-18 
  7693.4253      5.61808e-17   4.465668e-18 
  7698.9487     5.178141e-17   4.498207e-18 
   7704.472    4.1408738e-17  4.4688387e-18 
  7709.9956    5.1272933e-17  4.9797323e-18 
  7715.5186    6.7298336e-17   5.374166e-18 
   7721.042     6.499265e-17  5.4331605e-18 
  7726.5654    6.0955336e-17  5.2115497e-18 
   7732.089    5.9042544e-17   4.843349e-18 
  7737.6123    5.3671607e-17  4.5540313e-18 
  7743.1357    4.9927404e-17  4.7710053e-18 
   7748.659      4.28946e-17  4.9463945e-18 
  7754.1826    4.7288397e-17  5.1142687e-18 
  7759.7056     5.824389e-17  5.2550813e-18 
   7765.229     5.036873e-17  4.9403834e-18 
  7770.7524    4.1213268e-17  4.6340445e-18 
   7776.276    4.7702967e-17  4.6553282e-18 
  7781.7993    5.2386225e-17   4.718088e-18 
  7787.3228    5.2693066e-17   4.928779e-18 
   7792.846     5.555371e-17  5.0917045e-18 
  7798.3696    5.4227734e-17  5.0304923e-18 
  7803.8926     3.988748e-17  4.8568456e-18 
   7809.416       3.7803e-17   4.710072e-18 
  7814.9395    4.1634204e-17    4.79973e-18 
   7820.463     4.621832e-17   5.074499e-18 
  7825.9863    3.9740155e-17  4.8874024e-18 
    7831.51     4.155323e-17  4.9029274e-18 
   7837.033    4.5020787e-17  4.7633497e-18 
  7842.5566    4.2773407e-17   4.608563e-18 
    7848.08     3.506578e-17  4.9030188e-18 
   7853.603    5.6665386e-17  5.3414195e-18 
  7859.1265    4.6994705e-17  5.3613364e-18 
    7864.65    4.7977094e-17  5.3767794e-18 
  7870.1733    5.1063222e-17  5.1894007e-18 
   7875.697    3.0158065e-17  4.8045057e-18 
    7881.22    3.8422864e-17   4.921129e-18 
  7886.7437    4.1709434e-17   4.975139e-18 
   7892.267     4.363007e-17   4.955328e-18 
    7897.79      5.25288e-17  4.9918195e-18 
  7903.3135    4.4550108e-17   4.868885e-18 
   7908.837    4.2083244e-17   4.996098e-18 
  7914.3604    4.0321468e-17   5.253047e-18 
   7919.884     4.417212e-17   5.431566e-18 
   7925.407     4.146332e-17   5.412578e-18 
  7930.9307    4.3019927e-17   5.183619e-18 
   7936.454     6.285711e-17  5.1295124e-18 
   7941.977     4.104939e-17   4.810034e-18 
  7947.5005    3.6629056e-17   4.644908e-18 
   7953.024     4.247247e-17  4.7070626e-18 
  7958.5474    5.0636672e-17  5.0553648e-18 
   7964.071    5.2534853e-17  5.1965004e-18 
   7969.594    4.0067018e-17  5.0877638e-18 
  7975.1177    4.3673826e-17   5.286062e-18 
   7980.641     3.672199e-17   4.918949e-18 
   7986.164    4.1048395e-17  5.0316772e-18 
  7991.6875    3.5861916e-17   5.245933e-18 
   7997.211     3.950402e-17  5.1580667e-18 
  8002.7344    4.4662896e-17   5.225651e-18 
   8008.258    5.0722606e-17  5.1061317e-18 
  8013.7812     4.250292e-17   4.846559e-18 
  8019.3047    3.7415285e-17   4.929544e-18 
   8024.828       3.7215e-17   5.094148e-18 
   8030.351    4.4696986e-17  5.2085334e-18 
  8035.8745    4.1741152e-17  5.0779873e-18 
   8041.398    2.7729447e-17  4.6921535e-18 
  8046.9214     3.305643e-17  4.6765566e-18 
   8052.445    3.8270444e-17  4.8387522e-18 
  8057.9683    3.3855288e-17  4.8158765e-18 
  8063.4917     3.317682e-17  4.8745356e-18 
   8069.015    3.9867237e-17   4.905983e-18 
   8074.538    3.4743495e-17   4.875967e-18 
  8080.0615    3.4985217e-17   4.778438e-18 
   8085.585    3.5317135e-17   4.735012e-18 
  8091.1084    4.3261695e-17  4.7845103e-18 
   8096.632     4.066578e-17   4.818105e-18 
  8102.1553     3.760218e-17   4.813486e-18 
  8107.6787     4.337013e-17  4.9674715e-18 
   8113.202     3.619554e-17    4.84193e-18 
   8118.725    3.7099484e-17  4.8047534e-18 
  8124.2485    4.3636232e-17  4.8073988e-18 
   8129.772    3.3309223e-17  4.6670308e-18 
  8135.2954    3.0324395e-17  4.6598864e-18 
   8140.819    3.2446778e-17  4.7444553e-18 
  8146.3423    3.4079904e-17  4.8611064e-18 
  8151.8657     3.482588e-17   4.820166e-18 
   8157.389     3.984927e-17  4.8424555e-18 
   8162.912      3.12923e-17    4.72412e-18 
  8168.4355    3.6535774e-17   4.717859e-18 
   8173.959    3.5059332e-17   4.682356e-18 
  8179.4824    4.1349134e-17  4.8483066e-18 
   8185.006     5.389883e-17  5.1238045e-18 
  8190.5293    4.4668014e-17  5.0396516e-18 
   8196.053    3.6490858e-17   4.898569e-18 
   8201.576     3.401162e-17   4.827682e-18 
     8207.1    3.3355572e-17   4.817515e-18 
   8212.623    3.9324636e-17  4.9988985e-18 
   8218.146    4.2365693e-17  5.0460445e-18 
    8223.67    4.4907903e-17   5.067593e-18 
   8229.192    3.8394945e-17  4.9597936e-18 
   8234.716     3.607517e-17  4.8725653e-18 
   8240.239    4.5887944e-17  5.0738965e-18 
   8245.763    4.6939648e-17  5.0702664e-18 
   8251.286     3.623481e-17   4.897261e-18 
    8256.81     3.921432e-17  5.0240055e-18 
   8262.333    3.5038034e-17  4.9959294e-18 
   8267.856    3.1438918e-17   4.956692e-18 
    8273.38     3.992553e-17    5.20585e-18 
   8278.903    3.2718626e-17   5.352738e-18 
   8284.427     3.199801e-17  5.8353018e-18 
    8289.95    5.5160258e-17  6.4193037e-18 
   8295.474    4.8319183e-17   6.586432e-18 
   8300.997     5.095523e-17  6.4297514e-18 
  8306.5205    4.4092284e-17   6.159023e-18 
   8312.044      3.62524e-17  5.7441333e-18 
   8317.566    3.7720538e-17  5.4685245e-18 
    8323.09     4.446826e-17  5.4827115e-18 
   8328.613    4.0464405e-17  5.3382047e-18 
   8334.137    3.0171383e-17  5.3254823e-18 
    8339.66    3.3611535e-17  6.0163774e-18 
   8345.184     3.804289e-17  6.6557864e-18 
   8350.707     3.127221e-17  6.7228294e-18 
    8356.23    3.4216462e-17   6.651692e-18 
   8361.754    3.6283804e-17  6.2295315e-18 
   8367.277     4.028415e-17  5.8331983e-18 
   8372.801     3.458712e-17  5.6196554e-18 
   8378.324    2.4401089e-17   5.599826e-18 
   8383.848    3.8879143e-17   5.630311e-18 
   8389.371    3.6843273e-17   5.738628e-18 
   8394.895     4.779661e-17  6.3880636e-18 
   8400.418    4.3357562e-17  6.4550023e-18 
   8405.941    4.5444244e-17   6.590649e-18 
   8411.464     5.183707e-17  6.6789003e-18 
   8416.987    4.2013407e-17  6.2265727e-18 
   8422.511     3.895011e-17  6.2149194e-18 
   8428.034    4.3341425e-17  6.6500007e-18 
   8433.558     4.011981e-17  6.6369796e-18 
   8439.081    4.1919535e-17  6.6061655e-18 
  8444.6045     4.275873e-17   6.372643e-18 
   8450.128     4.621937e-17   6.130479e-18 
   8455.651    3.8825843e-17    6.10755e-18 
   8461.175    2.7307644e-17  6.2473213e-18 
   8466.698      3.42025e-17   6.352212e-18 
   8472.222     4.203125e-17   6.454438e-18 
   8477.745    4.3930242e-17  6.3177586e-18 
   8483.269    4.4528075e-17  6.0477495e-18 
   8488.792     4.653079e-17  5.9727833e-18 
   8494.315    3.9499793e-17  5.9268426e-18 
   8499.838    3.7195622e-17    6.13725e-18 
   8505.361    4.8200195e-17   6.357469e-18 
   8510.885    5.2710384e-17  6.4122524e-18 
   8516.408    3.7008587e-17  6.2171883e-18 
   8521.932    3.4451652e-17  5.8602285e-18 
   8527.455    4.2293804e-17   5.808178e-18 
   8532.979    3.3069553e-17  5.7915634e-18 
   8538.502    3.2664717e-17  5.7964107e-18 
   8544.025     2.428614e-17   5.858408e-18 
   8549.549    2.5952396e-17   6.002034e-18 
   8555.072    3.5255986e-17   6.025031e-18 
   8560.596    3.7965267e-17  6.1497417e-18 
   8566.119    3.3625067e-17  5.9936237e-18 
   8571.643    2.1385324e-17   5.694808e-18 
   8577.166    2.4434596e-17  5.6801955e-18 
   8582.689    1.3894154e-17  5.6290906e-18 
   8588.212    2.8615956e-17  5.9271755e-18 
   8593.735     2.402973e-17   6.017489e-18 
   8599.259    3.4167195e-17  6.1638364e-18 
   8604.782    3.3882185e-17  6.1640407e-18 
   8610.306    2.5477942e-17   6.064295e-18 
   8615.829    1.0163245e-17  6.0553976e-18 
   8621.353     9.465587e-18  6.5565346e-18 
   8626.876    2.0535311e-17   7.195678e-18 
   8632.399    4.0085262e-17   7.656138e-18 
   8637.923     4.438835e-17   7.651084e-18 
   8643.446    3.7586002e-17  7.2918055e-18 
    8648.97     2.850292e-17  6.9909335e-18 
   8654.493    1.3062602e-17  6.8409578e-18 
   8660.017     2.276271e-17   7.309756e-18 
    8665.54    3.7060497e-17   7.651034e-18 
   8671.063    3.8704135e-17   7.620351e-18 
   8676.586    4.2260492e-17   7.497953e-18 
   8682.109    2.9648248e-17  6.9426005e-18 
   8687.633    2.8078623e-17  6.6255178e-18 
   8693.156    2.4138252e-17  6.4666296e-18 
    8698.68    2.1660783e-17  6.3939237e-18 
   8704.203    2.4218268e-17  6.3624268e-18 
   8709.727    3.9871637e-17  6.4946197e-18 
    8715.25     4.401885e-17   6.584521e-18 
   8720.773    2.4153543e-17  6.2843856e-18 
   8726.297    3.0428752e-17  6.3319315e-18 
    8731.82    3.1040393e-17  6.3375266e-18 
   8737.344    2.7268464e-17  6.3139585e-18 
   8742.867    5.0143186e-17  6.6735244e-18 
   8748.391     3.324855e-17  6.5898423e-18 
   8753.914    3.3374015e-17   6.958828e-18 
  8759.4375    4.4160678e-17  7.7714975e-18 
    8764.96     2.054828e-17   7.980372e-18 
   8770.483     2.527567e-17    8.50309e-18 
   8776.007    2.7934766e-17   8.700516e-18 
    8781.53    1.5738496e-17   8.302838e-18 
   8787.054      4.07198e-17   8.152438e-18 
   8792.577    3.9808613e-17  7.6768465e-18 
   8798.101     3.652123e-17   7.076201e-18 
   8803.624    2.4982267e-17   6.786409e-18 
   8809.147    3.7495022e-17   6.717308e-18 
   8814.671    4.5175688e-17   7.141154e-18 
   8820.194    2.9153785e-17   8.018887e-18 
   8825.718    4.8723383e-17   9.142308e-18 
   8831.241     5.912921e-17   9.695932e-18 
   8836.765    4.7395262e-17   9.350092e-18 
   8842.288    2.7135753e-17   8.309566e-18 
   8847.812    2.3935543e-17   7.572962e-18 
   8853.334     3.764911e-17   7.390651e-18 
   8858.857    4.1394143e-17   7.535561e-18 
   8864.381    3.6842777e-17   7.516285e-18 
   8869.904    3.9196562e-17   7.384371e-18 
   8875.428    2.4131687e-17    7.54529e-18 
   8880.951    2.1145086e-17   7.927164e-18 
   8886.475    3.4045563e-17   8.382162e-18 
   8891.998    4.7701547e-17   8.797168e-18 
   8897.521    3.7044255e-17   8.566669e-18 
   8903.045    4.4023856e-17   8.154336e-18 
   8908.568    4.5790882e-17   8.088652e-18 
   8914.092    2.3303928e-17   8.304587e-18 
   8919.615    2.3767546e-17   8.551467e-18 
   8925.139    5.3816622e-17   9.006014e-18 
   8930.662    5.1449817e-17   8.684344e-18 
   8936.186     3.340909e-17   7.862892e-18 
   8941.708    3.5238076e-17   7.633223e-18 
   8947.231     2.923527e-17  7.8330795e-18 
   8952.755    3.3241745e-17   8.355442e-18 
   8958.278     3.477082e-17   8.584222e-18 
   8963.802    3.1528935e-17    8.53161e-18 
   8969.325     3.888283e-17    8.19475e-18 
   8974.849    4.8141263e-17   7.728056e-18 
   8980.372    3.5877116e-17   7.471505e-18 
  8985.8955    2.8098753e-17  7.4256285e-18 
   8991.419     3.992344e-17    7.93977e-18 
   8996.942    4.0137176e-17   8.383916e-18 
   9002.466    4.9605363e-17   8.431585e-18 
   9007.989     4.588611e-17   8.253132e-18 
   9013.513     4.294879e-17   7.867445e-18 
   9019.036    2.5248952e-17   7.210838e-18 
    9024.56    3.5090176e-17   7.360384e-18 
   9030.083    4.7433137e-17   7.760781e-18 
   9035.605    3.0661775e-17   7.690003e-18 
   9041.129    3.6800478e-17   7.924395e-18 
   9046.652     3.078187e-17  7.9654085e-18 
   9052.176    3.5102243e-17   7.849368e-18 
   9057.699    4.2754187e-17   7.960348e-18 
   9063.223     2.912979e-17   7.702252e-18 
   9068.746     4.890104e-17   8.005225e-18 
    9074.27     3.301178e-17  7.7344655e-18 
   9079.793    3.7914545e-17   7.658315e-18 
   9085.316    4.6830754e-17   7.833021e-18 
    9090.84     2.143008e-17   7.734626e-18 
   9096.363    3.8053164e-17   8.097933e-18 
   9101.887     4.815733e-17   8.317218e-18 
    9107.41     5.519211e-17   8.329888e-18 
   9112.934    3.9550347e-17   8.152166e-18 
   9118.457    4.0740395e-17  8.0729056e-18 
  9123.9795     4.296435e-17   7.973042e-18 
   9129.503     3.935147e-17  8.1306726e-18 
   9135.026     3.859892e-17   8.273214e-18 
    9140.55    3.6836632e-17  8.2223945e-18 
   9146.073    3.7738885e-17   8.333449e-18 
   9151.597     3.225313e-17  8.3797515e-18 
    9157.12    2.5824812e-17   8.311406e-18 
   9162.644    2.4608363e-17   8.351282e-18 
   9168.167    3.4019057e-17   8.334658e-18 
    9173.69    2.9248736e-17   8.371544e-18 
   9179.214    3.4256252e-17  8.5491755e-18 
   9184.737    3.4970172e-17   8.478061e-18 
   9190.261    2.3594248e-17   8.258215e-18 
   9195.784    3.2458514e-17   8.418716e-18 
   9201.308    3.1451816e-17   8.505506e-18 
   9206.831    3.9288637e-17   8.653127e-18 
   9212.354    1.6970275e-17   8.431804e-18 
   9217.877    3.4651757e-17   8.812837e-18 
     9223.4    3.9251828e-17   8.899586e-18 
   9228.924    2.2910266e-17   8.769828e-18 
   9234.447    2.8477714e-17    8.76105e-18 
   9239.971    3.1932136e-17   8.849208e-18 
   9245.494    3.1212023e-17   8.870402e-18 
   9251.018     2.800486e-17  8.7750595e-18 
