# STATUS =
# OBJECT = SSS120810
# TELESCOPE = ESO-NTT
# INSTRUMENT = EFOSC2-NTT
# DATE-OBS = 2012-09-07 05:31:04.00
# MJD = 56177.229907399975
# EXPTIME = 1800.0
# AIRMASS = 1.128
# SLIT = 1.5
# DISPERSER = Free
# SOURCE = --
# FILTER =
# RESOLUTION =
# FLUX_STANDARD =
# EXTINCTION_CORRECTED = --
# PHOTOMETRY_CALIBRATED =
# TELLURIC_CORRECTED =
# FLUX_UNITS = Other
# WAVE_UNITS = Angstrom
# QUALITY = Low
# MIN_WAVE = 3666.1965332
# MAX_WAVE = 9320.24243164
# COMMENT = --
    Wavelength          Flux 
  3671.7180624   2.76277e-17 
  3677.2395916    3.0697e-17 
  3682.7611208   5.56357e-17 
 3688.28264999  -7.79965e-17 
 3693.80417919  -2.31514e-17 
 3699.32570839   1.95138e-17 
 3704.84723759   4.63297e-17 
 3710.36876678   5.06928e-17 
 3715.89029598   5.63027e-17 
 3721.41182518   6.35233e-17 
 3726.93335438   6.60666e-17 
 3732.45488358   5.50477e-17 
 3737.97641277   5.93204e-17 
 3743.49794197   1.05242e-16 
 3749.01947117   7.60761e-17 
 3754.54100037   7.76078e-17 
 3760.06252956   8.55884e-17 
 3765.58405876   9.15679e-17 
 3771.10558796   7.62363e-17 
 3776.62711716    9.3131e-17 
 3782.14864635   5.61388e-17 
 3787.67017555   6.03262e-17 
 3793.19170475   9.22189e-17 
 3798.71323395   3.81389e-17 
 3804.23476315   4.98796e-17 
 3809.75629234   1.27047e-16 
 3815.27782154   1.01845e-16 
 3820.79935074   9.90213e-17 
 3826.32087994   6.86449e-17 
 3831.84240913   8.98364e-17 
 3837.36393833   6.18541e-17 
 3842.88546753   1.06312e-16 
 3848.40699673    8.0171e-17 
 3853.92852592   2.01862e-16 
 3859.45005512   2.59421e-16 
 3864.97158432   2.35483e-16 
 3870.49311352   8.12433e-17 
 3876.01464272    8.3625e-17 
 3881.53617191   5.79019e-17 
 3887.05770111   8.49651e-17 
 3892.57923031   9.64522e-17 
 3898.10075951   2.83824e-17 
  3903.6222887   7.31006e-17 
  3909.1438179   1.26407e-16 
  3914.6653471   6.66937e-17 
  3920.1868763   6.55919e-17 
 3925.70840549   7.29223e-17 
 3931.22993469   5.88331e-17 
 3936.75146389   8.66363e-17 
 3942.27299309    7.0473e-17 
 3947.79452229   6.09747e-17 
 3953.31605148   8.51133e-17 
 3958.83758068    7.3318e-17 
 3964.35910988   6.38386e-17 
 3969.88063908   6.31097e-17 
 3975.40216827   4.87306e-17 
 3980.92369747   6.47294e-17 
 3986.44522667   5.72928e-17 
 3991.96675587   6.00018e-17 
 3997.48828506   5.77286e-17 
 4003.00981426   6.25546e-17 
 4008.53134346   7.53932e-17 
 4014.05287266   6.85978e-17 
 4019.57440186   5.91995e-17 
 4025.09593105   6.98154e-17 
 4030.61746025   6.52488e-17 
 4036.13898945   7.41298e-17 
 4041.66051865   7.13927e-17 
 4047.18204784     7.344e-17 
 4052.70357704   5.44314e-17 
 4058.22510624   5.93645e-17 
 4063.74663544   5.69257e-17 
 4069.26816463    6.1781e-17 
 4074.78969383   5.95815e-17 
 4080.31122303   6.56165e-17 
 4085.83275223   5.85967e-17 
 4091.35428143   5.76889e-17 
 4096.87581062    5.9603e-17 
 4102.39733982   5.52315e-17 
 4107.91886902    5.4336e-17 
 4113.44039822    6.2291e-17 
 4118.96192741   4.92101e-17 
 4124.48345661   6.42066e-17 
 4130.00498581    8.2056e-17 
 4135.52651501   6.04582e-17 
  4141.0480442   6.43674e-17 
  4146.5695734   3.55919e-17 
  4152.0911026   5.78087e-17 
  4157.6126318   6.78197e-17 
   4163.134161   6.11809e-17 
 4168.65569019   7.10276e-17 
 4174.17721939   6.25336e-17 
 4179.69874859   6.76564e-17 
 4185.22027779   7.16125e-17 
 4190.74180698   6.97555e-17 
 4196.26333618   5.42733e-17 
 4201.78486538   6.32736e-17 
 4207.30639458   6.51504e-17 
 4212.82792377   7.61626e-17 
 4218.34945297   6.95038e-17 
 4223.87098217   7.36504e-17 
 4229.39251137   7.85375e-17 
 4234.91404057   6.81226e-17 
 4240.43556976   6.89213e-17 
 4245.95709896   7.76193e-17 
 4251.47862816   7.65782e-17 
 4257.00015736    8.3296e-17 
 4262.52168655   7.01686e-17 
 4268.04321575   7.11429e-17 
 4273.56474495   6.62335e-17 
 4279.08627415   5.52929e-17 
 4284.60780334   7.01015e-17 
 4290.12933254   6.26655e-17 
 4295.65086174   6.53588e-17 
 4301.17239094   6.56833e-17 
 4306.69392014   7.38849e-17 
 4312.21544933   6.94001e-17 
 4317.73697853   5.65981e-17 
 4323.25850773    5.7225e-17 
 4328.78003693   5.70405e-17 
 4334.30156612    5.3011e-17 
 4339.82309532   6.16415e-17 
 4345.34462452   7.08716e-17 
 4350.86615372   3.90247e-17 
 4356.38768291   6.40511e-17 
 4361.90921211   4.87222e-17 
 4367.43074131   6.51144e-17 
 4372.95227051   7.15296e-17 
 4378.47379971   5.31111e-17 
  4383.9953289   5.67362e-17 
  4389.5168581   6.86232e-17 
  4395.0383873   6.64141e-17 
  4400.5599165   6.41058e-17 
 4406.08144569    6.9493e-17 
 4411.60297489   7.27373e-17 
 4417.12450409   8.10709e-17 
 4422.64603329   7.05232e-17 
 4428.16756248   6.89266e-17 
 4433.68909168   5.69745e-17 
 4439.21062088   7.10774e-17 
 4444.73215008   7.81157e-17 
 4450.25367928   7.28422e-17 
 4455.77520847    6.6819e-17 
 4461.29673767   7.76771e-17 
 4466.81826687   7.34688e-17 
 4472.33979607   8.30469e-17 
 4477.86132526   6.81323e-17 
 4483.38285446   7.60385e-17 
 4488.90438366   7.36151e-17 
 4494.42591286   6.69116e-17 
 4499.94744205   7.85922e-17 
 4505.46897125   7.26969e-17 
 4510.99050045   7.83272e-17 
 4516.51202965   7.57718e-17 
 4522.03355885   8.47135e-17 
 4527.55508804   7.96982e-17 
 4533.07661724   8.60203e-17 
 4538.59814644   8.08402e-17 
 4544.11967564    7.4519e-17 
 4549.64120483   7.27181e-17 
 4555.16273403   7.48715e-17 
 4560.68426323   6.88111e-17 
 4566.20579243   7.32581e-17 
 4571.72732162   6.76371e-17 
 4577.24885082    7.3131e-17 
 4582.77038002   6.52124e-17 
 4588.29190922   7.60457e-17 
 4593.81343842   7.17351e-17 
 4599.33496761   7.73565e-17 
 4604.85649681   7.56971e-17 
 4610.37802601   5.51577e-17 
 4615.89955521   5.42574e-17 
  4621.4210844   6.07796e-17 
  4626.9426136    6.6519e-17 
  4632.4641428   6.55113e-17 
   4637.985672    4.1845e-17 
 4643.50720119   3.84951e-17 
 4649.02873039   5.79269e-17 
 4654.55025959   7.07488e-17 
 4660.07178879   5.98123e-17 
 4665.59331799   6.04121e-17 
 4671.11484718   7.69507e-17 
 4676.63637638   7.11373e-17 
 4682.15790558   6.36486e-17 
 4687.67943478   6.09213e-17 
 4693.20096397   6.13004e-17 
 4698.72249317   5.44318e-17 
 4704.24402237   7.17858e-17 
 4709.76555157   6.54099e-17 
 4715.28708076    6.4004e-17 
 4720.80860996   6.50769e-17 
 4726.33013916   7.13188e-17 
 4731.85166836   6.25227e-17 
 4737.37319756   6.27831e-17 
 4742.89472675   7.03518e-17 
 4748.41625595   7.10234e-17 
 4753.93778515   6.07515e-17 
 4759.45931435   5.74746e-17 
 4764.98084354   6.24852e-17 
 4770.50237274   6.28168e-17 
 4776.02390194   6.80595e-17 
 4781.54543114   6.70465e-17 
 4787.06696033   5.74728e-17 
 4792.58848953   5.64985e-17 
 4798.11001873   6.20151e-17 
 4803.63154793   6.68999e-17 
 4809.15307713   6.82358e-17 
 4814.67460632   6.67875e-17 
 4820.19613552   5.76206e-17 
 4825.71766472   7.47389e-17 
 4831.23919392   5.76834e-17 
 4836.76072311    6.7566e-17 
 4842.28225231   7.19442e-17 
 4847.80378151    6.1803e-17 
 4853.32531071   5.85972e-17 
  4858.8468399   5.66581e-17 
  4864.3683691   5.80784e-17 
  4869.8898983   6.11448e-17 
  4875.4114275   6.75028e-17 
  4880.9329567   5.78106e-17 
 4886.45448589   6.36937e-17 
 4891.97601509   5.57414e-17 
 4897.49754429   6.68858e-17 
 4903.01907349   6.39758e-17 
 4908.54060268   5.91081e-17 
 4914.06213188   5.70355e-17 
 4919.58366108   6.38646e-17 
 4925.10519028   5.56482e-17 
 4930.62671947   4.91212e-17 
 4936.14824867   6.20618e-17 
 4941.66977787   6.94848e-17 
 4947.19130707   6.34761e-17 
 4952.71283627   6.06327e-17 
 4958.23436546   6.14212e-17 
 4963.75589466   6.76334e-17 
 4969.27742386   4.89696e-17 
 4974.79895306   5.41812e-17 
 4980.32048225   5.51957e-17 
 4985.84201145   5.54202e-17 
 4991.36354065   3.79945e-17 
 4996.88506985   5.95163e-17 
 5002.40659904    4.9008e-17 
 5007.92812824   5.11442e-17 
 5013.44965744   5.47133e-17 
 5018.97118664   5.44631e-17 
 5024.49271584   4.96106e-17 
 5030.01424503   4.32327e-17 
 5035.53577423   5.40744e-17 
 5041.05730343   6.57268e-17 
 5046.57883263   5.48337e-17 
 5052.10036182   5.21034e-17 
 5057.62189102   5.78077e-17 
 5063.14342022   6.12342e-17 
 5068.66494942   5.40146e-17 
 5074.18647861   5.15044e-17 
 5079.70800781   5.99338e-17 
 5085.22953701   6.27217e-17 
 5090.75106621   6.07447e-17 
 5096.27259541   5.59928e-17 
  5101.7941246   6.44479e-17 
  5107.3156538   6.29699e-17 
   5112.837183    6.2597e-17 
  5118.3587122   6.03067e-17 
 5123.88024139   6.08198e-17 
 5129.40177059   5.72498e-17 
 5134.92329979   4.38897e-17 
 5140.44482899   6.10695e-17 
 5145.96635818   6.69092e-17 
 5151.48788738   7.07671e-17 
 5157.00941658   7.23459e-17 
 5162.53094578   7.41486e-17 
 5168.05247498   7.43173e-17 
 5173.57400417   6.69399e-17 
 5179.09553337   7.28396e-17 
 5184.61706257   8.03762e-17 
 5190.13859177   7.50524e-17 
 5195.66012096    7.4601e-17 
 5201.18165016   7.55771e-17 
 5206.70317936   7.10529e-17 
 5212.22470856   7.05004e-17 
 5217.74623775   8.27827e-17 
 5223.26776695   8.14536e-17 
 5228.78929615   8.44818e-17 
 5234.31082535   8.09326e-17 
 5239.83235455   7.55222e-17 
 5245.35388374   7.18919e-17 
 5250.87541294   7.27617e-17 
 5256.39694214   7.47727e-17 
 5261.91847134   6.06955e-17 
 5267.44000053   7.73214e-17 
 5272.96152973   7.38407e-17 
 5278.48305893   6.47796e-17 
 5284.00458813   7.22119e-17 
 5289.52611732   7.70248e-17 
 5295.04764652    7.1698e-17 
 5300.56917572   7.33631e-17 
 5306.09070492   7.81651e-17 
 5311.61223412   7.31084e-17 
 5317.13376331    7.3235e-17 
 5322.65529251   6.42388e-17 
 5328.17682171   6.64388e-17 
 5333.69835091   7.02852e-17 
  5339.2198801   6.09554e-17 
  5344.7414093   6.11961e-17 
  5350.2629385   5.11276e-17 
  5355.7844677   5.68646e-17 
 5361.30599689   7.38419e-17 
 5366.82752609   6.10952e-17 
 5372.34905529   6.97101e-17 
 5377.87058449   7.39608e-17 
 5383.39211369   5.96435e-17 
 5388.91364288   6.18481e-17 
 5394.43517208    7.6932e-17 
 5399.95670128   5.77703e-17 
 5405.47823048   5.92889e-17 
 5410.99975967   4.89949e-17 
 5416.52128887   6.67189e-17 
 5422.04281807   6.44643e-17 
 5427.56434727   7.31447e-17 
 5433.08587646   6.21336e-17 
 5438.60740566   6.78632e-17 
 5444.12893486   7.17057e-17 
 5449.65046406   6.61346e-17 
 5455.17199326   6.52725e-17 
 5460.69352245   7.34012e-17 
 5466.21505165   5.94863e-17 
 5471.73658085   6.07654e-17 
 5477.25811005   5.71327e-17 
 5482.77963924   5.74797e-17 
 5488.30116844   3.47427e-17 
 5493.82269764   4.56463e-17 
 5499.34422684   5.67515e-17 
 5504.86575603   6.45731e-17 
 5510.38728523   6.15585e-17 
 5515.90881443   5.64067e-17 
 5521.43034363   6.11875e-17 
 5526.95187283   6.69366e-17 
 5532.47340202   6.83152e-17 
 5537.99493122   7.05702e-17 
 5543.51646042   6.54325e-17 
 5549.03798962   5.82541e-17 
 5554.55951881   6.41615e-17 
 5560.08104801   5.04636e-17 
 5565.60257721   6.37315e-17 
 5571.12410641   5.48659e-17 
  5576.6456356   5.82019e-17 
  5582.1671648   7.29147e-17 
   5587.688694   6.15658e-17 
  5593.2102232   6.75909e-17 
  5598.7317524   5.33542e-17 
 5604.25328159    6.6015e-17 
 5609.77481079   5.56638e-17 
 5615.29633999    6.5191e-17 
 5620.81786919   6.02432e-17 
 5626.33939838   5.07553e-17 
 5631.86092758   6.06476e-17 
 5637.38245678   5.50593e-17 
 5642.90398598   5.89903e-17 
 5648.42551517   5.89229e-17 
 5653.94704437   4.87883e-17 
 5659.46857357   5.52489e-17 
 5664.99010277   5.77287e-17 
 5670.51163197   4.09479e-17 
 5676.03316116   4.75652e-17 
 5681.55469036   5.44618e-17 
 5687.07621956    6.3909e-17 
 5692.59774876   2.43556e-17 
 5698.11927795   1.52486e-17 
 5703.64080715   5.00612e-17 
 5709.16233635   4.71494e-17 
 5714.68386555   5.28685e-17 
 5720.20539474   5.49265e-17 
 5725.72692394   5.16572e-17 
 5731.24845314   5.31324e-17 
 5736.76998234   5.81165e-17 
 5742.29151154   4.38068e-17 
 5747.81304073   4.36693e-17 
 5753.33456993   5.71268e-17 
 5758.85609913   5.49267e-17 
 5764.37762833    4.3944e-17 
 5769.89915752    5.4951e-17 
 5775.42068672   5.46692e-17 
 5780.94221592   6.23431e-17 
 5786.46374512   5.00955e-17 
 5791.98527431   5.16627e-17 
 5797.50680351   5.15099e-17 
 5803.02833271   5.68765e-17 
 5808.54986191   6.14176e-17 
 5814.07139111   5.05789e-17 
  5819.5929203   4.77533e-17 
  5825.1144495   4.27231e-17 
  5830.6359787   5.10087e-17 
  5836.1575079   5.84485e-17 
 5841.67903709   5.12884e-17 
 5847.20056629   5.20259e-17 
 5852.72209549    5.4774e-17 
 5858.24362469   6.12669e-17 
 5863.76515388   7.51268e-17 
 5869.28668308   5.89722e-17 
 5874.80821228   4.86794e-17 
 5880.32974148   5.73974e-17 
 5885.85127068   5.15743e-17 
 5891.37279987   4.70046e-17 
 5896.89432907   5.61279e-17 
 5902.41585827   5.98079e-17 
 5907.93738747    6.5335e-17 
 5913.45891666   6.09122e-17 
 5918.98044586   5.69471e-17 
 5924.50197506   6.30444e-17 
 5930.02350426   5.11164e-17 
 5935.54503345    5.7198e-17 
 5941.06656265   5.33983e-17 
 5946.58809185   5.72849e-17 
 5952.10962105    6.0516e-17 
 5957.63115025   6.21313e-17 
 5963.15267944   5.53919e-17 
 5968.67420864    5.6508e-17 
 5974.19573784   5.93478e-17 
 5979.71726704   5.76029e-17 
 5985.23879623   5.90141e-17 
 5990.76032543   6.45764e-17 
 5996.28185463   6.13338e-17 
 6001.80338383   5.60515e-17 
 6007.32491302   6.16403e-17 
 6012.84644222   5.97907e-17 
 6018.36797142   6.34099e-17 
 6023.88950062   6.21465e-17 
 6029.41102982   5.65994e-17 
 6034.93255901   6.07546e-17 
 6040.45408821   5.89353e-17 
 6045.97561741    5.7735e-17 
 6051.49714661   6.11707e-17 
  6057.0186758   6.29901e-17 
   6062.540205   6.07439e-17 
  6068.0617342   5.78732e-17 
  6073.5832634   5.85999e-17 
 6079.10479259    5.8383e-17 
 6084.62632179   6.44566e-17 
 6090.14785099   6.58526e-17 
 6095.66938019   6.10586e-17 
 6101.19090939    6.1293e-17 
 6106.71243858   6.34232e-17 
 6112.23396778   6.36882e-17 
 6117.75549698   6.24874e-17 
 6123.27702618   6.10056e-17 
 6128.79855537   5.97709e-17 
 6134.32008457   5.73702e-17 
 6139.84161377    3.8353e-17 
 6145.36314297   1.33243e-17 
 6150.88467216   4.79561e-17 
 6156.40620136   1.50097e-17 
 6161.92773056   5.55929e-17 
 6167.44925976   5.65107e-17 
 6172.97078896   5.69826e-17 
 6178.49231815   6.34831e-17 
 6184.01384735    4.8228e-17 
 6189.53537655   6.57379e-17 
 6195.05690575   5.79874e-17 
 6200.57843494   4.58646e-17 
 6206.09996414   4.78931e-17 
 6211.62149334   3.93365e-17 
 6217.14302254  -2.53075e-17 
 6222.66455173   5.12508e-17 
 6228.18608093   6.36936e-17 
 6233.70761013    5.8456e-17 
 6239.22913933   6.27808e-17 
 6244.75066853   6.60622e-17 
 6250.27219772    6.4085e-17 
 6255.79372692   6.90109e-17 
 6261.31525612   6.01874e-17 
 6266.83678532   5.73644e-17 
 6272.35831451   6.30499e-17 
 6277.87984371   6.13726e-17 
 6283.40137291   6.55249e-17 
 6288.92290211   5.72103e-17 
  6294.4444313   5.22701e-17 
  6299.9659605   6.38242e-17 
  6305.4874897   6.77625e-17 
  6311.0090189   6.20277e-17 
  6316.5305481   6.49279e-17 
 6322.05207729    6.3776e-17 
 6327.57360649   6.26528e-17 
 6333.09513569    6.0344e-17 
 6338.61666489   5.33387e-17 
 6344.13819408   5.18677e-17 
 6349.65972328   5.83516e-17 
 6355.18125248   6.34565e-17 
 6360.70278168   6.05777e-17 
 6366.22431087    5.8886e-17 
 6371.74584007   5.93896e-17 
 6377.26736927   5.83344e-17 
 6382.78889847   5.81441e-17 
 6388.31042767   5.95901e-17 
 6393.83195686   5.14643e-17 
 6399.35348606   6.21279e-17 
 6404.87501526   5.46861e-17 
 6410.39654446   5.51436e-17 
 6415.91807365   5.65039e-17 
 6421.43960285   6.04544e-17 
 6426.96113205   4.58623e-17 
 6432.48266125   5.45876e-17 
 6438.00419044     5.754e-17 
 6443.52571964   5.05779e-17 
 6449.04724884   5.90012e-17 
 6454.56877804   5.09157e-17 
 6460.09030724   6.13667e-17 
 6465.61183643   5.05375e-17 
 6471.13336563   5.73064e-17 
 6476.65489483   5.90175e-17 
 6482.17642403   5.72421e-17 
 6487.69795322   4.76384e-17 
 6493.21948242   5.40358e-17 
 6498.74101162   3.94877e-17 
 6504.26254082   1.96546e-17 
 6509.78407001   2.95799e-17 
 6515.30559921   4.57888e-17 
 6520.82712841   4.25547e-17 
 6526.34865761   4.98786e-17 
 6531.87018681   4.94678e-17 
   6537.391716   5.28955e-17 
  6542.9132452   5.03483e-17 
  6548.4347744   4.85448e-17 
  6553.9563036    4.7512e-17 
 6559.47783279   4.31306e-17 
 6564.99936199   5.06842e-17 
 6570.52089119   5.42544e-17 
 6576.04242039   5.45959e-17 
 6581.56394958  -1.96526e-17 
 6587.08547878   1.92597e-17 
 6592.60700798    5.3848e-17 
 6598.12853718   4.47368e-17 
 6603.65006638   4.59944e-17 
 6609.17159557   4.41589e-17 
 6614.69312477    4.4424e-17 
 6620.21465397   4.39331e-17 
 6625.73618317   4.60283e-17 
 6631.25771236   4.50232e-17 
 6636.77924156   4.46341e-17 
 6642.30077076   4.42881e-17 
 6647.82229996   4.34655e-17 
 6653.34382915    4.8158e-17 
 6658.86535835   5.09481e-17 
 6664.38688755   3.88447e-17 
 6669.90841675   4.31286e-17 
 6675.42994595   5.03947e-17 
 6680.95147514   4.99415e-17 
 6686.47300434   4.47277e-17 
 6691.99453354   4.74429e-17 
 6697.51606274   4.16789e-17 
 6703.03759193   4.30212e-17 
 6708.55912113   4.93396e-17 
 6714.08065033   4.44706e-17 
 6719.60217953   4.66358e-17 
 6725.12370872   4.42314e-17 
 6730.64523792   4.62561e-17 
 6736.16676712   4.74365e-17 
 6741.68829632   4.86787e-17 
 6747.20982552   3.82108e-17 
 6752.73135471   2.87166e-17 
 6758.25288391   4.33065e-17 
 6763.77441311   4.72342e-17 
 6769.29594231   4.74715e-17 
  6774.8174715   4.83979e-17 
  6780.3390007   4.18582e-17 
  6785.8605299   4.30278e-17 
  6791.3820591   4.38319e-17 
 6796.90358829   4.60808e-17 
 6802.42511749   4.68963e-17 
 6807.94664669   4.71328e-17 
 6813.46817589   3.66576e-17 
 6818.98970509   4.54314e-17 
 6824.51123428   5.03585e-17 
 6830.03276348   3.65658e-17 
 6835.55429268   4.33911e-17 
 6841.07582188   4.78204e-17 
 6846.59735107    4.6824e-17 
 6852.11888027   4.23583e-17 
 6857.64040947   4.15829e-17 
 6863.16193867   3.02986e-17 
 6868.68346787   3.57369e-17 
 6874.20499706   3.43096e-17 
 6879.72652626   3.73833e-17 
 6885.24805546   3.23879e-17 
 6890.76958466   3.66753e-17 
 6896.29111385   3.75754e-17 
 6901.81264305   3.37086e-17 
 6907.33417225   2.75274e-17 
 6912.85570145   1.99352e-17 
 6918.37723064   2.25568e-17 
 6923.89875984   2.22786e-17 
 6929.42028904   3.00116e-17 
 6934.94181824   3.55719e-17 
 6940.46334744   3.92499e-17 
 6945.98487663   4.35614e-17 
 6951.50640583   4.18531e-17 
 6957.02793503   4.17304e-17 
 6962.54946423   3.11518e-17 
 6968.07099342   3.56073e-17 
 6973.59252262   4.59543e-17 
 6979.11405182   3.20287e-17 
 6984.63558102    3.6849e-17 
 6990.15711021   4.27096e-17 
 6995.67863941   4.18308e-17 
 7001.20016861   4.26486e-17 
 7006.72169781   4.08026e-17 
 7012.24322701  -6.60424e-18 
  7017.7647562   9.72627e-18 
  7023.2862854   4.17814e-17 
  7028.8078146   3.86513e-17 
  7034.3293438    3.8734e-17 
 7039.85087299   3.83721e-17 
 7045.37240219    3.7513e-17 
 7050.89393139   3.82282e-17 
 7056.41546059   3.67846e-17 
 7061.93698978   3.19559e-17 
 7067.45851898   3.45654e-17 
 7072.98004818   3.49535e-17 
 7078.50157738   3.44168e-17 
 7084.02310658   3.79636e-17 
 7089.54463577   3.51364e-17 
 7095.06616497   2.95619e-17 
 7100.58769417   2.82158e-17 
 7106.10922337    3.2187e-17 
 7111.63075256   3.95043e-17 
 7117.15228176   3.87458e-17 
 7122.67381096   2.92375e-17 
 7128.19534016     3.201e-17 
 7133.71686935   3.96188e-17 
 7139.23839855    4.1066e-17 
 7144.75992775   4.21156e-17 
 7150.28145695   2.46558e-17 
 7155.80298615   4.29572e-17 
 7161.32451534   3.83856e-17 
 7166.84604454   2.93109e-17 
 7172.36757374   3.47453e-17 
 7177.88910294   3.63986e-17 
 7183.41063213   3.67133e-17 
 7188.93216133   3.42174e-17 
 7194.45369053   4.38443e-17 
 7199.97521973   4.50954e-17 
 7205.49674892    3.6923e-17 
 7211.01827812   3.65432e-17 
 7216.53980732   3.55133e-17 
 7222.06133652   3.57367e-17 
 7227.58286572   3.62626e-17 
 7233.10439491   4.42455e-17 
 7238.62592411   4.16294e-17 
 7244.14745331   2.67107e-17 
 7249.66898251    3.4151e-17 
  7255.1905117   4.41528e-17 
  7260.7120409   4.13789e-17 
  7266.2335701   4.60219e-17 
  7271.7550993   6.07015e-17 
 7277.27662849   4.97961e-17 
 7282.79815769   4.51546e-17 
 7288.31968689   4.82651e-17 
 7293.84121609   4.83582e-17 
 7299.36274529   5.07192e-17 
 7304.88427448   3.45384e-17 
 7310.40580368   4.30727e-17 
 7315.92733288   3.65744e-17 
 7321.44886208   3.63185e-17 
 7326.97039127   4.38164e-17 
 7332.49192047   3.68382e-17 
 7338.01344967   3.84989e-17 
 7343.53497887    3.8155e-17 
 7349.05650806   4.99541e-17 
 7354.57803726   4.68723e-17 
 7360.09956646   5.09187e-17 
 7365.62109566   3.62171e-17 
 7371.14262486   3.77329e-17 
 7376.66415405   4.65938e-17 
 7382.18568325   4.85817e-17 
 7387.70721245   3.96467e-17 
 7393.22874165   4.21979e-17 
 7398.75027084   4.25348e-17 
 7404.27180004   4.53531e-17 
 7409.79332924   3.67707e-17 
 7415.31485844   4.11335e-17 
 7420.83638763   3.97774e-17 
 7426.35791683   3.27278e-17 
 7431.87944603   4.57022e-17 
 7437.40097523   4.57465e-17 
 7442.92250443   4.55944e-17 
 7448.44403362   4.22244e-17 
 7453.96556282   4.34376e-17 
 7459.48709202   3.62729e-17 
 7465.00862122    4.3462e-17 
 7470.53015041   4.02728e-17 
 7476.05167961   4.19109e-17 
 7481.57320881    3.7477e-17 
 7487.09473801   4.77293e-17 
  7492.6162672   4.93765e-17 
  7498.1377964    1.2763e-17 
  7503.6593256  -3.91729e-17 
  7509.1808548   1.51335e-17 
   7514.702384   4.41861e-17 
 7520.22391319   1.01858e-17 
 7525.74544239   3.51281e-17 
 7531.26697159   5.10666e-17 
 7536.78850079   4.15272e-17 
 7542.31002998   4.16141e-17 
 7547.83155918   4.66144e-17 
 7553.35308838   1.91803e-17 
 7558.87461758   4.91748e-18 
 7564.39614677   4.32605e-17 
 7569.91767597   3.09377e-17 
 7575.43920517     3.666e-17 
 7580.96073437   3.48309e-17 
 7586.48226357   3.45644e-17 
 7592.00379276   3.07437e-17 
 7597.52532196   3.24578e-17 
 7603.04685116   2.50789e-17 
 7608.56838036   1.44897e-17 
 7614.08990955   2.57973e-17 
 7619.61143875   2.75863e-17 
 7625.13296795   2.95647e-17 
 7630.65449715   3.06875e-17 
 7636.17602634   2.37496e-17 
 7641.69755554   3.95599e-17 
 7647.21908474   3.18546e-17 
 7652.74061394    3.0297e-17 
 7658.26214314   3.12493e-17 
 7663.78367233   3.60486e-17 
 7669.30520153   3.83833e-17 
 7674.82673073   4.29157e-17 
 7680.34825993   4.07373e-17 
 7685.86978912   3.71926e-17 
 7691.39131832   3.34791e-17 
 7696.91284752    3.1855e-17 
 7702.43437672   4.53123e-17 
 7707.95590591   2.97705e-17 
 7713.47743511   3.05067e-17 
 7718.99896431   4.80944e-17 
 7724.52049351   4.69455e-17 
 7730.04202271   3.79002e-17 
  7735.5635519   3.86156e-17 
  7741.0850811   4.22349e-17 
  7746.6066103   5.17556e-17 
  7752.1281395   5.57968e-17 
 7757.64966869    4.7561e-17 
 7763.17119789     4.357e-17 
 7768.69272709   3.71614e-17 
 7774.21425629   3.90126e-17 
 7779.73578548   3.42583e-17 
 7785.25731468   3.73188e-17 
 7790.77884388   4.15243e-17 
 7796.30037308   3.68352e-17 
 7801.82190228    4.5312e-17 
 7807.34343147   4.96983e-17 
 7812.86496067   4.45298e-17 
 7818.38648987   3.63164e-17 
 7823.90801907   3.70394e-17 
 7829.42954826   2.88805e-17 
 7834.95107746   3.99011e-17 
 7840.47260666   3.26026e-17 
 7845.99413586   3.39511e-17 
 7851.51566505   3.82536e-17 
 7857.03719425   3.89428e-17 
 7862.55872345   4.34811e-17 
 7868.08025265   3.53436e-17 
 7873.60178185     2.907e-17 
 7879.12331104   2.17638e-17 
 7884.64484024   2.84652e-17 
 7890.16636944   3.81311e-17 
 7895.68789864   2.97913e-17 
 7901.20942783   2.34304e-17 
 7906.73095703   2.15054e-17 
 7912.25248623    1.9682e-17 
 7917.77401543   2.21121e-17 
 7923.29554462   2.04321e-17 
 7928.81707382   1.72547e-17 
 7934.33860302   2.70107e-17 
 7939.86013222   2.49227e-17 
 7945.38166142   2.47921e-17 
 7950.90319061   2.44719e-17 
 7956.42471981   4.01503e-17 
 7961.94624901   3.80595e-17 
 7967.46777821   4.04979e-17 
  7972.9893074   3.52361e-17 
  7978.5108366   2.45838e-17 
  7984.0323658   2.66485e-17 
   7989.553895   7.16721e-18 
 7995.07542419   1.54577e-17 
 8000.59695339    1.6323e-17 
 8006.11848259   2.37971e-17 
 8011.64001179   3.84897e-17 
 8017.16154099   2.85665e-17 
 8022.68307018   2.70282e-17 
 8028.20459938   2.94412e-17 
 8033.72612858   1.96541e-17 
 8039.24765778   2.15345e-17 
 8044.76918697   2.57902e-17 
 8050.29071617   3.00923e-17 
 8055.81224537   2.36599e-17 
 8061.33377457   1.45296e-17 
 8066.85530376  -7.24123e-18 
 8072.37683296   4.25223e-19 
 8077.89836216   3.30726e-17 
 8083.41989136   3.43493e-17 
 8088.94142056   2.91816e-17 
 8094.46294975   1.93849e-17 
 8099.98447895    2.0764e-17 
 8105.50600815   3.24687e-17 
 8111.02753735   2.73021e-17 
 8116.54906654   2.04888e-17 
 8122.07059574   2.77527e-17 
 8127.59212494   2.91551e-17 
 8133.11365414   2.76485e-17 
 8138.63518333   2.70231e-17 
 8144.15671253   3.38084e-17 
 8149.67824173    2.8548e-17 
 8155.19977093    3.1361e-17 
 8160.72130013   2.89899e-17 
 8166.24282932   2.15379e-17 
 8171.76435852    2.5632e-17 
 8177.28588772   2.94465e-17 
 8182.80741692    2.7274e-17 
 8188.32894611   2.51198e-17 
 8193.85047531   3.32955e-17 
 8199.37200451   3.02868e-17 
 8204.89353371   2.62497e-17 
  8210.4150629   3.45006e-17 
  8215.9365921   3.18359e-17 
  8221.4581213   4.02833e-17 
  8226.9796505   4.25401e-17 
  8232.5011797   2.73895e-17 
 8238.02270889   2.60115e-17 
 8243.54423809   2.56353e-17 
 8249.06576729   3.42131e-17 
 8254.58729649   2.91343e-17 
 8260.10882568   3.61641e-17 
 8265.63035488   3.13127e-17 
 8271.15188408   2.55903e-17 
 8276.67341328   3.63006e-17 
 8282.19494247   4.12148e-17 
 8287.71647167   1.09951e-18 
 8293.23800087   3.56302e-17 
 8298.75953007   3.70908e-17 
 8304.28105927   5.43093e-17 
 8309.80258846   3.98906e-17 
 8315.32411766   3.26222e-17 
 8320.84564686   2.63761e-17 
 8326.36717606   9.49598e-18 
 8331.88870525   2.96978e-17 
 8337.41023445   3.64081e-17 
 8342.93176365   2.96994e-17 
 8348.45329285    2.9009e-17 
 8353.97482204    2.6879e-17 
 8359.49635124    1.0433e-17 
 8365.01788044   2.41397e-17 
 8370.53940964   2.10893e-17 
 8376.06093884   2.94196e-17 
 8381.58246803    3.9161e-17 
 8387.10399723    3.1816e-17 
 8392.62552643   1.65845e-17 
 8398.14705563   3.15118e-18 
 8403.66858482   2.85093e-17 
 8409.19011402   2.97758e-17 
 8414.71164322     2.414e-17 
 8420.23317242   2.36729e-17 
 8425.75470161  -2.67695e-18 
 8431.27623081   4.82876e-18 
 8436.79776001  -2.61911e-18 
 8442.31928921   4.47555e-18 
 8447.84081841   3.29899e-17 
  8453.3623476    3.3338e-17 
  8458.8838768    5.7041e-18 
   8464.405406   1.63005e-17 
  8469.9269352   1.75335e-17 
 8475.44846439  -2.24277e-18 
 8480.96999359    1.3272e-17 
 8486.49152279   1.79938e-17 
 8492.01305199   2.49724e-17 
 8497.53458118   1.96893e-17 
 8503.05611038  -3.97842e-18 
 8508.57763958  -1.03406e-17 
 8514.09916878   6.03919e-18 
 8519.62069798   2.59462e-17 
 8525.14222717   3.39613e-17 
 8530.66375637    3.6234e-17 
 8536.18528557    3.7864e-17 
 8541.70681477   1.66944e-17 
 8547.22834396    1.8225e-17 
 8552.74987316   2.54241e-17 
 8558.27140236   2.38903e-17 
 8563.79293156   3.47702e-17 
 8569.31446075    3.8036e-17 
 8574.83598995   1.35444e-17 
 8580.35751915   2.28109e-17 
 8585.87904835   2.63114e-17 
 8591.40057755  -7.11255e-18 
 8596.92210674  -1.23479e-17 
 8602.44363594   2.28375e-17 
 8607.96516514  -1.28365e-17 
 8613.48669434  -1.17616e-17 
 8619.00822353   1.46929e-17 
 8624.52975273   2.31291e-17 
 8630.05128193   4.53277e-17 
 8635.57281113   4.73022e-17 
 8641.09434032   1.23222e-17 
 8646.61586952  -1.83994e-17 
 8652.13739872   -6.2732e-17 
 8657.65892792   1.17486e-17 
 8663.18045712   2.19088e-19 
 8668.70198631   1.81537e-17 
 8674.22351551   3.26266e-17 
 8679.74504471   3.90925e-17 
 8685.26657391   3.78577e-17 
  8690.7881031   1.43763e-17 
  8696.3096323   1.27983e-17 
  8701.8311615   1.22633e-17 
  8707.3526907   2.70397e-17 
 8712.87421989    4.4692e-17 
 8718.39574909   2.06545e-17 
 8723.91727829   2.57155e-17 
 8729.43880749   3.43126e-17 
 8734.96033669   1.97884e-17 
 8740.48186588   3.46378e-17 
 8746.00339508   4.43625e-17 
 8751.52492428   5.88922e-17 
 8757.04645348   3.85193e-17 
 8762.56798267   3.56539e-18 
 8768.08951187  -4.25709e-17 
 8773.61104107  -3.52658e-17 
 8779.13257027  -3.48093e-17 
 8784.65409946  -1.37866e-17 
 8790.17562866   3.63093e-17 
 8795.69715786   4.50682e-17 
 8801.21868706   2.35173e-17 
 8806.74021626   5.36581e-18 
 8812.26174545   2.48809e-17 
 8817.78327465   9.74817e-17 
 8823.30480385   1.27383e-16 
 8828.82633305   1.41531e-16 
 8834.34786224   1.56076e-16 
 8839.86939144   1.39575e-16 
 8845.39092064   8.49255e-17 
 8850.91244984    3.9304e-18 
 8856.43397903   2.55546e-17 
 8861.95550823   3.57469e-17 
 8867.47703743   4.60559e-17 
 8872.99856663   2.14149e-17 
 8878.52009583   -8.5556e-18 
 8884.04162502  -3.86814e-17 
 8889.56315422  -1.28562e-17 
 8895.08468342   8.04704e-19 
 8900.60621262   2.29348e-17 
 8906.12774181  -4.44746e-17 
 8911.64927101   -5.8023e-17 
 8917.17080021  -6.01515e-17 
 8922.69232941  -7.03726e-17 
  8928.2138586  -5.67398e-17 
  8933.7353878   1.92306e-17 
   8939.256917   3.07341e-17 
  8944.7784462   9.64311e-18 
  8950.2999754  -1.01945e-18 
 8955.82150459   -2.8591e-17 
 8961.34303379  -2.44883e-17 
 8966.86456299   1.08051e-17 
 8972.38609219   3.65516e-17 
 8977.90762138   -1.2869e-17 
 8983.42915058  -1.97195e-16 
 8988.95067978  -1.43149e-15 
 8994.47220898  -2.68299e-16 
 8999.99373817   1.43586e-16 
 9005.51526737   3.61973e-17 
 9011.03679657   6.86582e-17 
 9016.55832577   6.17472e-17 
 9022.07985497   3.09059e-17 
 9027.60138416    7.0028e-18 
 9033.12291336   3.10734e-17 
 9038.64444256   6.14548e-17 
 9044.16597176   4.59361e-17 
 9049.68750095   4.74583e-17 
 9055.20903015   3.46877e-17 
 9060.73055935   1.51177e-17 
 9066.25208855   2.21368e-17 
 9071.77361774   3.43988e-17 
 9077.29514694   5.29118e-17 
 9082.81667614   3.97263e-17 
 9088.33820534   2.38926e-17 
 9093.85973454   1.96206e-17 
 9099.38126373   3.01963e-17 
 9104.90279293   4.21066e-17 
 9110.42432213   4.76799e-17 
 9115.94585133   3.36949e-17 
 9121.46738052   3.92272e-17 
 9126.98890972   2.64969e-17 
 9132.51043892    2.6174e-17 
 9138.03196812   4.87239e-17 
 9143.55349731   3.19376e-17 
 9149.07502651    2.1473e-17 
 9154.59655571   3.99773e-17 
 9160.11808491   2.29384e-17 
 9165.63961411   2.77552e-17 
  9171.1611433   3.54709e-17 
  9176.6826725   2.41997e-17 
  9182.2042017    2.6309e-17 
  9187.7257309   9.20803e-18 
 9193.24726009   1.53655e-17 
 9198.76878929   3.32851e-17 
 9204.29031849   8.72764e-18 
 9209.81184769   1.91272e-17 
 9215.33337688   1.31985e-17 
 9220.85490608   2.15774e-18 
 9226.37643528   3.39331e-17 
 9231.89796448   3.80407e-17 
 9237.41949368   3.61971e-17 
 9242.94102287   3.52655e-17 
 9248.46255207     2.847e-17 
 9253.98408127   2.02732e-17 
 9259.50561047   2.34211e-17 
 9265.02713966   6.55743e-17 
 9270.54866886   6.47671e-17 
 9276.07019806   6.38319e-17 
 9281.59172726   6.27617e-17 
 9287.11325645   6.15394e-17 
 9292.63478565   6.02144e-17 
 9298.15631485   5.86977e-17 
 9303.67784405   5.70859e-17 
 9309.19937325   5.55092e-17 
 9314.72090244   5.38541e-17 
 9320.24243164   5.18665e-17 
