# STATUS =
# OBJECT = PTF10nmn
# TELESCOPE = P200
# INSTRUMENT = DBSP
# DATE-OBS = 2010-07-14 00:00:00.00
# MJD = 55391.0
# EXPTIME = 0
# AIRMASS = --
# SLIT = 0
# DISPERSER = --
# SOURCE = 2018ApJ...855....2Q
# FILTER =
# RESOLUTION =
# FLUX_STANDARD =
# EXTINCTION_CORRECTED = --
# PHOTOMETRY_CALIBRATED =
# TELLURIC_CORRECTED =
# FLUX_UNITS = Other
# WAVE_UNITS = Angstrom
# QUALITY = --
# MIN_WAVE = 3373.7999242
# MAX_WAVE = 9249.6211363
# COMMENT = Spectrum is the smoothed version. For the unbinned versions check the related files - clipped or raw.  [Data obtained from:R. Quimby] [Prev. spec info - createdby: ofer-UploadSet; modifiedby: ofer-UploadSet]
   Wavelength       Flux      Error 
 3377.1707242  0.4458076  0.0700189 
 3380.5527711  0.4472888  0.0686774 
 3383.9348182  0.4602898  0.0673602 
 3387.3168652  0.4640452  0.0660686 
 3390.6989121  0.4524676  0.0643053 
 3394.0922061  0.4517413  0.0630759 
    3397.4855  0.4795514  0.0618754 
 3400.8900409  0.4578463  0.0607047 
 3404.2833348  0.4718804  0.0595645 
 3407.6878758  0.4563388  0.0581037 
 3411.1036637  0.4592359  0.0570321 
 3414.5079302  0.4847817  0.0559922 
 3417.9237182  0.4786662   0.054984 
 3421.3395061  0.4734978  0.0540075 
 3424.7665409  0.4948789  0.0527034 
 3428.1935758  0.4693813  0.0517985 
 3431.6203363  0.4772554  0.0509241 
 3435.0473711  0.4821815    0.05008 
  3438.485653  0.4970528  0.0489256 
 3441.9239348  0.5164583  0.0482206 
 3445.3622167  0.5371957  0.0474695 
 3448.8114711  0.5601998  0.0467462 
     3452.261  0.5854262   0.045752 
 3455.7105289  0.5967287  0.0450864 
 3459.1710302  0.5909845  0.0444462 
 3462.6318061  0.5973213  0.0438308 
 3466.0925818  0.5925964  0.0429804 
 3469.5530833  0.5776401  0.0424911 
 3473.0251061   0.559534  0.0419492 
 3476.4971289  0.5488054  0.0414292 
 3479.9801242  0.5250095  0.0406954 
  3483.452147   0.524267  0.0402218 
 3486.9354167  0.5205604  0.0397677 
 3490.4296591  0.5144172  0.0391085 
 3493.9241758  0.4823598  0.0387759 
 3497.4071711  0.4794438  0.0383784 
 3500.9129348  0.4800397  0.0379976 
 3504.4071772  0.4739881   0.037429 
 3507.9129409  0.4576662  0.0370801 
 3511.4184302  0.4421384  0.0368328 
 3514.9354409  0.4552934  0.0363247 
 3518.4521772  0.4475198  0.0360178 
 3521.9691879  0.4522278  0.0357232 
 3525.4859242   0.443269  0.0352614 
 3529.0141818  0.4458074  0.0349917 
 3532.5421652  0.4486249  0.0348209 
 3536.0816698  0.4564241  0.0343969 
  3539.609653  0.4659149  0.0341548 
 3543.1488833  0.4649913  0.0339207 
 3546.6996348  0.4806222  0.0335281 
 3550.2388652  0.4910242  0.0333968 
 3553.7896167  0.4926325  0.0331808 
 3557.3513409  0.5055727  0.0328106 
 3560.9018182  0.5192829  0.0326022 
 3564.4638167  0.5227126  0.0324881 
 3568.0367879  0.5295365   0.032131 
 3571.5985121  0.5407887  0.0319289 
 3575.1714833  0.5700666  0.0317283 
 3578.7447289  0.5859731   0.031465 
  3582.328947  0.5907768   0.031262 
 3585.9131652  0.5849758  0.0309047 
 3589.4973833    0.58605  0.0307003 
 3593.0818758  0.5994723  0.0304942 
 3596.6773409  0.5928965  0.0302127 
 3600.2728061  0.6091183  0.0299975 
 3603.8795182  0.6243995  0.0296265 
 3607.4749833  0.6279028    0.02948 
 3611.0819698  0.6346222  0.0292502 
 3614.6999289  0.6512113  0.0288627 
 3618.3066409  0.6641861  0.0286218 
  3621.935847  0.6801939  0.0282975 
 3625.5538061  0.6790543  0.0280439 
 3629.1830121   0.671543  0.0277865 
 3632.8122182  0.6643988  0.0273747 
 3636.4414242  0.6718332  0.0271702 
 3640.0818772  0.6643382  0.0267476 
 3643.7223302  0.6594363  0.0264719 
 3647.3627833  0.6504766  0.0260982 
 3651.0144833  0.6505378  0.0258129 
 3654.6661833  0.6520254  0.0255254 
 3658.3178833   0.650252  0.0251365 
 3661.9695833  0.6414057  0.0248418 
 3665.6325302   0.626179  0.0243966 
 3669.3067242   0.623484  0.0241462 
 3672.9696711  0.6245618     0.0237 
 3676.6438652  0.6186051  0.0233976 
 3680.3180591  0.6064917  0.0229976 
    3684.0035  0.6031927  0.0226932 
 3687.6889409  0.5994208  0.0222549 
 3691.3743818  0.5926964   0.021989 
 3695.0710698   0.580789  0.0215547 
 3698.7562363  0.5715258  0.0212561 
 3702.4641711  0.5584551  0.0208611 
 3706.1608591  0.5531946   0.020566 
 3709.8687939  0.5471293  0.0201448 
 3713.5767289  0.5522732  0.0198885 
 3717.2956363  0.5575507  0.0194783 
 3721.0148182  0.5475685  0.0191965 
     3724.734  0.5517363  0.0188303 
 3728.4531818  0.5516943  0.0185573 
 3732.1833363  0.5623622  0.0182047 
 3735.9137652   0.575521  0.0179422 
 3739.6554409  0.5925985  0.0175814 
 3743.3971167  0.5955229  0.0173549 
 3747.1385182  0.6014346  0.0170116 
 3750.8801939  0.6066866  0.0167774 
 3754.6331167  0.6112185  0.0164741 
 3758.3857652  0.6163334  0.0162544 
 3762.1499348  0.6177645  0.0159716 
 3765.9138302  0.6206846  0.0157676 
     3769.678  0.6277116  0.0155067 
 3773.4421698  0.6292294  0.0153194 
 3777.2173121  0.6326606  0.0150549 
 3780.9927289  0.6353497  0.0148317 
 3784.7791182  0.6413252  0.0146711 
 3788.5657818  0.6478387  0.0144724 
 3792.3521711   0.649562  0.0143303 
 3796.1500818  0.6586028  0.0141306 
 3799.9477182  0.6672939  0.0140336 
 3803.7456289  0.6695576  0.0138572 
 3807.5432652  0.6728722  0.0137208 
 3811.3524228  0.6766403  0.0136278 
 3815.1613061   0.683169  0.0135163 
 3818.9814363  0.6853971   0.013442 
 3822.8018409  0.6885254  0.0133549 
 3826.6219711  0.6978436  0.0132471 
 3830.4536228  0.6990505  0.0132353 
  3834.273753  0.7075232  0.0131483 
 3838.1163772  0.7132375  0.0131558 
 3841.9480289  0.7118448  0.0130883 
  3845.790653  0.7141783  0.0130298 
 3849.6445242  0.7232907  0.0130653 
 3853.4874228  0.7333107  0.0130243 
 3857.3412939  0.7417541  0.0130362 
 3861.1951652  0.7490636  0.0130521 
 3865.0602833  0.7588033  0.0130818 
 3868.9256758  0.7574424  0.0130743 
 3872.8020409  0.7659199  0.0131572 
 3876.6671591  0.7755352  0.0131628 
 3880.5435242  0.7818123  0.0132602 
 3884.4311363  0.7873544  0.0132777 
 3888.3077758  0.7899469  0.0133548 
 3892.1953879  0.7866197  0.0134716 
  3896.094247  0.7971579  0.0135057 
 3899.9931061  0.7989941  0.0136021 
 3903.8919652  0.7984813  0.0136764 
 3907.7908242  0.8012551  0.0137825 
 3911.7009302  0.7994869  0.0138305 
 3915.6110363    0.79944  0.0139445 
 3919.5326637   0.797679  0.0140323 
 3923.4540167  0.7939838  0.0141525 
 3927.3753698  0.7972553  0.0142121 
 3931.2967228  0.8022275  0.0143698 
 3935.2293228  0.8066629  0.0144969 
 3939.1619228  0.8084078  0.0145592 
 3943.1057698  0.8110456  0.0147218 
 3947.0496167  0.8199955  0.0147833 
 3950.9934637  0.8170156  0.0149121 
 3954.9482833   0.821726  0.0149699 
 3958.9033772  0.8298203  0.0151333 
 3962.8584711  0.8325993  0.0152581 
 3966.8248121  0.8433375  0.0153094 
  3970.791153  0.8492917  0.0154277 
 3974.7687409  0.8664008  0.0155139 
 3978.7350818  0.8770213  0.0156249 
 3982.7126698  0.8851374  0.0157314 
 3986.7012302  0.8996146  0.0157646 
 3990.6900652  0.9109116  0.0159043 
    3994.6789   0.918054   0.015927 
 3998.6677348  0.9336314  0.0160118 
 4002.6678167  0.9566784  0.0160902 
 4006.6676242  0.9665951  0.0161423 
  4010.678953  0.9723693  0.0162076 
 4014.6902818  0.9782747  0.0162656 
 4018.7125833  0.9823089  0.0162519 
 4022.7239121  0.9889698  0.0162951 
 4026.7464879  0.9956505  0.0163224 
 4030.7800363  1.0083036  0.0163517 
 4034.8026121  1.0075839  0.0163738 
 4038.8364348  1.0067021  0.0163293 
 4042.8812302  1.0101831  0.0163382 
    4046.9263  1.0136204   0.016397 
 4050.9713698  1.0117455  0.0163354 
 4055.0274121  1.0094796  0.0163254 
 4059.0724818  1.0018018  0.0163094 
 4063.1397711  0.9996911  0.0162343 
 4067.1960879  0.9949901  0.0162069 
 4071.2633772  0.9906015  0.0162332 
 4075.3421879  0.9944171  0.0161461 
 4079.4094772  0.9959653  0.0161042 
 4083.4882879  0.9968221  0.0160578 
 4087.5780711  0.9955676  0.0160073 
 4091.6681289  0.9938855  0.0159048 
 4095.7579121  0.9925999  0.0159088 
 4099.8592167  0.9868546  0.0158475 
     4103.949  0.9891991  0.0157371 
 4108.0612772  0.9913004  0.0156707 
 4112.1625818  0.9977694  0.0156019 
 4116.2748591    1.00029  0.0155309 
 4120.3983833  1.0078849   0.015415 
 4124.5109348  1.0145149  0.0153404 
 4128.6457061  1.0207601  0.0153238 
 4132.7692302  1.0359076  0.0152466 
 4136.9042758  1.0404762  0.0151283 
  4141.039047  1.0581846  0.0150495 
 4145.1850652  1.0778371  0.0149704 
 4149.3198363  1.0950955  0.0148912 
 4153.4773758   1.109533  0.0147725 
 4157.6233939   1.069857  0.0208188 
 4161.7919061  1.0887407     0.0207 
 4165.9491711  1.1021588  0.0205829 
 4170.1176833  1.1176291  0.0204677 
 4174.2864698  1.1371661  0.0203549 
 4178.4549818  1.1457317  0.0202447 
 4182.6347409  1.1821222  0.0200179 
  4186.825747  1.2077159  0.0199144 
 4191.0055061  1.2167507  0.0198143 
 4195.1965121  1.2320995  0.0198547 
 4199.3987652  1.2320586  0.0197592 
 4203.5897711  1.2335626   0.019668 
 4207.8032711  1.2104965   0.019463 
 4212.0055242  1.1992961  0.0193807 
 4216.2190242  1.1756414  0.0193027 
 4220.4325242  1.1369263  0.0192291 
 4224.6572711  1.1119517  0.0191598 
 4228.8820182  1.0793871  0.0190946 
 4233.1067652  1.0467671  0.0190335 
 4237.3427591  1.0213115  0.0188598 
  4241.578753  0.9871527  0.0188048 
 4245.8259939  0.9631098  0.0187535 
 4250.0619879  0.9499601  0.0187058 
 4254.3204758  0.9290799  0.0186614 
 4258.5677167    0.92728  0.0186203 
 4262.8259302  0.9379147  0.0185823 
 4267.0956652  0.9404743  0.0185472 
    4271.3654  0.9419874  0.0185149 
 4275.6351348  0.9380388  0.0183705 
 4279.9048698  0.9419396  0.0183432 
 4284.1855772   0.946386  0.0183183 
 4288.4778061  0.9439581  0.0182956 
 4292.7587879    0.94137  0.0182749 
 4297.0510167  0.9256986  0.0182563 
 4301.3542182  0.9098111  0.0182394 
 4305.6576939  0.9033804  0.0182242 
 4309.9611698  0.8833186  0.0182105 
 4314.2643711  0.8759132  0.0184284 
 4318.5790939  0.8657911  0.0186221 
 4322.9050637  0.8623413  0.0182091 
 4327.2307591  0.8715711  0.0181624 
 4331.5567289  0.8776164  0.0182902 
 4335.8824242  0.8802576  0.0185092 
 4340.2196409  0.8981704  0.0187688 
 4344.5565833   0.908147  0.0190291 
  4348.905047  0.9197999  0.0192553 
 4353.2532363  0.9382504  0.0194175 
  4357.612947   0.935582  0.0194933 
 4361.9611363   0.963143  0.0194474 
 4366.3320939  0.9824535   0.019143 
 4370.6915302  1.0028349  0.0189299 
 4375.0624879  1.0220152  0.0186731 
 4379.4444182  1.0415227  0.0185171 
 4383.8266228  1.0703732   0.018155 
  4388.208553   1.094337  0.0179956 
 4392.5904833  1.1164824  0.0179795 
 4396.9839348  1.1491882  0.0182471 
 4401.3883591  1.1910219  0.0182968 
 4405.7815363  1.2354786  0.0179093 
 4410.1974818  1.2743452  0.0178943 
 4414.6019061  1.3112519  0.0178781 
 4419.0175772  1.3394279  0.0178607 
 4423.4335228   1.362707  0.0177321 
 4427.8604409  1.3853641  0.0177109 
 4432.2873591  1.4036032  0.0176885 
 4436.7255242  1.4205151  0.0176648 
 4441.1527167  1.4282746    0.01764 
 4445.6021289  1.4437926  0.0176139 
 4450.0402939  1.4622993  0.0175868 
 4454.4897061  1.4808843  0.0174511 
 4458.9503652  1.4933479  0.0174218 
 4463.4110242  1.4950583  0.0173914 
 4467.8716833  1.4982061    0.01736 
 4472.3438637  1.4985445  0.0174281 
 4476.8157698  1.4869478  0.0173927 
 4481.2876758  1.4822139  0.0172491 
 4485.7708289  1.4778889  0.0172118 
 4490.2539818  1.4765038  0.0171736 
 4494.7483818  1.4668868  0.0171347 
 4499.2427818  1.4666406  0.0170948 
 4503.7371818  1.4665838  0.0169455 
 4508.2428289  1.4543781  0.0169022 
 4512.7484758  1.4539407  0.0169566 
 4517.2653698  1.4342653  0.0169114 
 4521.7822637  1.4176817  0.0168656 
 4526.3101302  1.4059056  0.0167129 
 4530.8270242   1.395095  0.0166636 
 4535.3664121  1.3764414  0.0166138 
    4539.9058  1.3542756  0.0165634 
 4544.4451879  1.3328594  0.0165052 
 4548.9845758   1.313988  0.0164511 
 4553.5349363   1.299542  0.0163965 
 4558.0855711  1.2907506  0.0163415 
  4562.647453  1.2659982  0.0161851 
 4567.2093348  1.2570337  0.0161295 
 4571.7712167   1.230657  0.0161622 
 4576.3440711  1.2254877  0.0161029 
  4580.928447  1.2185736  0.0159433 
 4585.5015758  1.2159753  0.0158839 
 4590.0969242  1.2020081  0.0158244 
    4594.6813  1.1882242  0.0158487 
 4599.2769228  1.1847306   0.016122 
 4603.8725455  1.1846563  0.0159361 
 4608.4788667  1.1900616  0.0155954 
 4613.0857363  1.1938423  0.0154577 
 4617.7041274   1.191551  0.0156328 
 4622.3219698  1.1806087  0.0158053 
 4626.9398121  1.1937563  0.0159284 
 4631.5691758  1.2068005  0.0160945 
 4636.1985394  1.2250676  0.0163036 
 4640.8388758  1.2426518  0.0162511 
 4645.4792121  1.2487292  0.0161812 
 4650.1195485  1.2364995  0.0160084 
 4654.7714061  1.2256818    0.01575 
 4659.4342363  1.2128776  0.0154621 
 4664.0860939  1.2059923  0.0151608 
 4668.7604455  1.1948092  0.0147965 
 4673.4232758  1.1861413  0.0146095 
 4678.0976274  1.1781441  0.0144503 
 4682.7714302  1.1740251  0.0143641 
 4687.4567545  1.1596462  0.0146168 
 4692.1426274  1.1625745  0.0144394 
 4696.8389242  1.1629102  0.0141337 
 4701.5357698  1.1594249  0.0140822 
 4706.2435879  1.1617241  0.0140198 
 4710.9404333  1.1628329  0.0139709 
 4715.6592242  1.1702323   0.013925 
 4720.3670424   1.159314  0.0138694 
 4725.0863818  1.1617929  0.0138269 
 4729.8166939  1.1520925  0.0137035 
 4734.5470061  1.1408387  0.0137402 
 4739.2773182  1.1234024  0.0136244 
 4744.0191515  1.1185936  0.0135901 
 4748.7604363  1.1141897  0.0136353 
 4753.5132424  1.1068885  0.0135285 
 4758.2660485  1.1118065  0.0135032 
 4763.0303758  1.1180078  0.0134808 
 4767.7941545  1.1215627  0.0134612 
 4772.5584818  1.1247108  0.0133711 
 4777.3337818  1.1302105  0.0134345 
 4782.1090818  1.1484578  0.0133517 
 4786.8953545  1.1569927  0.0133482 
 4791.6821758  1.1600418  0.0134218 
 4796.4684485  1.1694432   0.013352 
 4801.2662424  1.1698999  0.0134347 
 4806.0640363  1.1788453  0.0133725 
 4810.8733515  1.1731733  0.0133875 
 4815.6821182   1.180535  0.0134092 
 4820.5024061  1.1838851  0.0134308 
 4825.3226939  1.1734759  0.0134614 
 4830.1429818  1.1698319  0.0134891 
 4834.9742424  1.1633658  0.0134474 
 4839.8170242  1.1571064  0.0135613 
 4844.6488333  1.1485426  0.0135258 
 4849.5025879  1.1501746  0.0136461 
 4854.3453698  1.1481271  0.0136161 
 4859.1991242  1.1421497  0.0137424 
    4864.0644  1.1384286  0.0137171 
 4868.9296758  1.1352726  0.0137805 
 4873.7949515  1.1257492  0.0138274 
    4878.6712  1.1185848  0.0138102 
 4883.5474485  1.1085163  0.0139459 
 4888.4352182  1.1070538  0.0139316 
 4893.3229879  1.0999674  0.0140713 
 4898.2107576  1.0994489  0.0140594 
    4903.1095  1.0793728   0.014133 
 4908.0197637  1.0684124  0.0141922 
 4912.9185061  1.0651878  0.0142678 
 4917.8397424  1.0367172  0.0143289 
 4922.7500061   1.025229  0.0144056 
 4927.6712424  1.0051398  0.0144681 
     4932.604  0.9923695  0.0145452 
 4937.5367576  0.9847242   0.014535 
 4942.4804879  0.9778315  0.0146855 
 4947.4132455  0.9676048  0.0146737 
 4952.3679485  0.9536827  0.0148251 
    4957.3232  0.9507409  0.0148111 
 4962.2784515  0.9475607  0.0148882 
 4967.2331545  0.9525962  0.0150374 
    4972.2109  0.9644126  0.0150204 
 4977.1771242  0.9751161  0.0150949 
 4982.1548698  0.9981244  0.0151482 
 4987.1435879  1.0116144   0.015219 
 4992.1213333  1.0269493  0.0151964 
 4997.1210242  1.0437081  0.0153371 
 5002.1097424  1.0567882  0.0153119 
 5007.1209545   1.076593  0.0153727 
 5012.1211939  1.0797267  0.0155089 
 5017.1439274  1.0911412  0.0154761 
 5022.1551394  1.1002235  0.0155304 
 5027.1773242  1.1099818  0.0155721 
 5032.2110302   1.111434  0.0156208 
 5037.2337637  1.1117136  0.0156679 
 5042.2784424  1.1201432  0.0157033 
 5047.3121485  1.1231729  0.0157444 
 5052.3683485  1.1552083  0.0156936 
 5057.4135758  1.1817534  0.0157312 
 5062.4697758  1.2083908  0.0158458 
 5067.5369485  1.2414221   0.015787 
 5072.6046698   1.260625   0.015816 
 5077.6833637  1.2974674  0.0158429 
 5082.7505363  1.3170575  0.0158564 
 5087.8407515  1.3453145  0.0158764 
 5092.9304182  1.3740091   0.015894 
 5098.0206333  1.3999316  0.0158195 
 5103.1212726  1.4281025  0.0159114 
 5108.2224606  1.4455158  0.0159192 
 5113.3351698  1.4577584   0.015837 
 5118.4473302  1.4654257   0.015837 
 5123.5600394  1.4609274  0.0159175 
 5128.6831726  1.4546551  0.0158277 
 5133.8183758  1.4607774  0.0158172 
 5138.9530302  1.4645201  0.0158037 
 5144.0882333  1.4693714  0.0157042 
 5149.2338606  1.4921361  0.0157691 
 5154.3800363  1.5142692  0.0157445 
 5159.5377333  1.5305192  0.0157166 
 5164.6948818  1.5331602  0.0156046 
 5169.8635515  1.5462102  0.0155705 
 5175.0316726  1.5595587  0.0156174 
 5180.2118637   1.564999  0.0154958 
 5185.3915061  1.5743104   0.015451 
 5190.5711485  1.5836128  0.0154035 
 5195.7623121  1.5909456  0.0153536 
 5200.9644485   1.593994  0.0152257 
 5206.1671333  1.5834093   0.015254 
 5211.3692698  1.5785633  0.0151987 
 5216.5829274  1.5663906  0.0151434 
 5221.7960363  1.5356313   0.015089 
 5227.0206667  1.5233414  0.0149628 
 5232.2458455  1.5028564  0.0149113 
 5237.4814485  1.4784244   0.014863 
    5242.7176  1.4623249  0.0148188 
 5247.9647242  1.4516726  0.0147066 
 5253.2008758  1.4429548  0.0147515 
 5258.4589726  1.4237317  0.0147223 
 5263.7176182  1.4028221  0.0147006 
 5268.9872363  1.3879189  0.0146871 
 5274.2568545  1.3649762  0.0146827 
 5279.5264726  1.3486878  0.0146117 
 5284.8076121  1.3184237   0.014627 
 5290.0887515  1.3055499  0.0146536 
 5295.3808637  1.2952398  0.0146926 
 5300.6729758   1.281849  0.0147446 
 5305.9760606  1.2722592  0.0148105 
 5311.2906667  1.2638584  0.0148069 
    5316.5943  1.2476263  0.0150332 
 5321.9089061   1.227052  0.0152053 
 5327.2350333  1.2133754   0.015153 
 5332.5606121  1.1831723  0.0152844 
 5337.8977121  1.1601526   0.015531 
 5343.2348121  1.1421474  0.0158563 
 5348.5834333  1.1215135  0.0162699 
 5353.9205333  1.1070333  0.0165823 
 5359.2801274  1.0873905  0.0170067 
 5364.6391726  1.0788611  0.0174284 
 5370.0102879  1.0664004  0.0177493 
 5375.3808545  1.0781808   0.018102 
 5380.7519698  1.0892988  0.0183868 
 5386.1340576  1.1057208  0.0186272 
 5391.5161455   1.146382  0.0188348 
 5396.9092061  1.1900672  0.0190322 
 5402.3022667   1.213503  0.0192539 
 5407.7068485  1.2337995  0.0195524 
 5413.1229515  1.2472318   0.020017 
 5418.5385061  1.2739565  0.0208442 
 5423.9540606  1.2772874  0.0215822 
 5429.3701637  1.2764858  0.0216409 
 5434.8082121  1.2553208  0.0222504 
 5440.2352879  1.2401729  0.0227023 
 5445.6733363  1.2297848  0.0233608 
 5451.1229061  1.1986711  0.0240468 
 5456.5724758  1.1924123  0.0247601 
 5462.0330182  1.1712378  0.0255006 
 5467.4935606  1.1740553  0.0262117 
 5472.9656242    1.16824  0.0270037 
 5478.4376879  1.2067603  0.0278223 
 5483.9097515  1.2220519  0.0286672 
 5489.4037606  1.2551256  0.0295383 
 5494.8873455  1.2795619  0.0306849 
 5500.3813545  1.3062843  0.0316155 
 5505.8874333  1.3003175  0.0325719 
 5511.3929637  1.3070333  0.0334882 
 5516.8984939  1.3109546  0.0344914 
 5522.4265182  1.3315554  0.0355196 
 5527.9435698  1.3155308  0.0365728 
 5533.4715939  1.3213364  0.0376507 
 5539.0111394  1.2850525  0.0387532 
 5544.5391637  1.2607695  0.0398802 
 5550.0896818  1.2463415   0.041198 
    5555.6402  1.2400523  0.0427577 
 5561.1907182  1.2731271  0.0444137 
 5566.7527576  1.3279552  0.0328678 
 5572.3257698  1.3274741  0.0344983 
 5577.8987818  1.3444946  0.0363519 
 5583.4717939  1.3298419   0.038473 
 5589.0563274  1.3178093  0.0409106 
 5594.6518333  1.3010761  0.0437253 
 5600.2473394  1.2845176  0.0459202 
 5605.8428455  1.2826222  0.0495131 
 5611.4493242  1.2821608  0.0536788 
 5617.0563515  1.3188907  0.0585065 
 5622.6743515  1.3314589  0.0640974 
 5628.3033242  1.3475934  0.0695637 
 5633.9328455  1.3327979  0.0768775 
 5639.5618182   1.358101  0.0852778 
 5645.2023121  1.3285511  0.0948656 
 5650.8428061  1.3416063   0.105719 
 5656.4942726  1.3516345  0.1178903 
 5662.1572606  1.3275363   0.129346 
 5667.8202485   1.325507  0.1435502 
 5673.4947576  1.3141658   0.148443 
 5679.1577455  1.3096652  0.1281344 
 5684.8432274  1.2886591  0.1160603 
 5690.5281606  1.3379385  0.1103802 
 5696.2136424  1.2959661  0.1112818 
 5701.9106455  1.1619502  0.1740247 
 5707.6180726  1.1506391  0.1774023 
 5713.3260485  1.1450456  0.1785879 
 5719.0340242  1.1378245   0.181745 
 5724.7529726   1.135639  0.1849893 
 5730.4834424  1.1613697  0.1945685 
 5736.2139121  1.1666716   0.198093 
 5741.9443818  1.1667593  0.1992812 
 5747.6858242   1.180903  0.2025491 
 5753.4387879  1.1906352  0.2059128 
 5759.1917515  1.2051198   0.209376 
 5764.9556879  1.2287374  0.2198657 
 5770.7196242  1.2365229  0.2209962 
 5776.4835606  1.2504309  0.2243656 
 5782.2705394  1.2621346  0.2278412 
 5788.0454485  1.2715819  0.2314267 
 5793.8324274  1.2782112  0.2426511 
 5799.6298302  1.2817825  0.2436508 
 5805.4277818  1.2888945  0.2471175 
 5811.2367061  1.2945229   0.250701 
 5817.0456302  1.3038501  0.2544063 
 5822.8660758  1.3173749  0.2582377 
 5828.6859726  1.3548497  0.2671647 
 5834.5179394  1.3662934  0.2707253 
 5840.3493576  1.3683308  0.2744185 
 5846.1917485  1.3740819  0.2782475 
 5852.0346879    1.37309    0.27879 
    5857.8886  1.3905989  0.2914564 
 5863.7540333  1.3844495  0.2951183 
 5869.6079455  1.3861752  0.2989293 
 5875.4843515  1.3881816  0.3028912 
 5881.3607576  1.3849664  0.3031886 
 5887.2371637  1.3819565   0.316458 
 5893.1245424  1.3738002  0.3202336 
 5899.0234424  1.3747379  0.3241751 
 5904.9223424  1.3915236  0.3241164 
 5910.8212424  1.4143808   0.328336 
 5916.7316637  1.4354074  0.3421122 
 5922.6530576  1.4585013  0.3460191 
 5928.5744515  1.4931386  0.3501112 
 5934.5068182  1.5286279  0.3498018 
 5940.4397333  1.5571331  0.3541995 
 5946.3830726  1.5706396  0.3683712 
 5952.3269606  1.5753025  0.3724373 
 5958.2823698   1.588619  0.3717443 
 5964.2372302   1.591767  0.3761587 
 5970.2036121  1.5955744  0.3911763 
 5976.1699939  1.5884018  0.3952117 
 5982.1473485  1.5798802  0.3941178 
 5988.1362242  1.5743493  0.3985465 
    5994.1251  1.5656976  0.4031808 
 6000.1139758  1.5383441   0.418381 
 6006.1138242  1.5312997  0.4168741 
 6012.1251939  1.5258297  0.4213193 
 6018.1365637  1.5225579  0.4259861 
 6024.1589061  1.5159501  0.4418933 
 6030.1702758   1.512623  0.4399709 
 6036.2041394  1.5047051  0.4444355 
 6042.2489758  1.5012708  0.4491409 
 6048.2828394  1.4973547  0.4540971 
 6054.3386485  1.4812396  0.4633627 
 6060.3840333  1.4748017  0.4678552 
 6066.4513637    1.46618  0.4726087 
 6072.5186939  1.4549844  0.4776347 
 6078.5860242  1.4328662  0.4870086 
 6084.6648758  1.4227228  0.4915603 
    6090.7547  1.4085222  0.4963567 
 6096.8445242  1.3925123  0.5014663 
 6102.9458698  1.3736516  0.5108743 
 6109.0466667  1.3662754   0.515463 
 6115.1595333  1.3619883  0.5203586 
 6121.2718515  1.3562306  0.5169955 
 6127.3951424  1.3439656  0.5349278 
 6133.5189818  1.3421193  0.5395941 
 6139.6537939  1.3484169  0.5445928 
 6145.7886061  1.3486676  0.5406176 
 6151.9349394   1.350408  0.5591453 
 6158.0922455  1.3503246  0.5639151 
 6164.2495515  1.3552967  0.5602695 
 6170.4178302  1.3544533  0.5643588 
 6176.5866576  1.3636999  0.5835119 
 6182.7664576  1.3543849  0.5884166 
 6188.9462576  1.3424516  0.5840113 
 6195.1370302  1.3318179  0.5882099 
 6201.3283515  1.3276435  0.6080216 
 6207.5306455   1.308521  0.6038836 
 6213.7329394   1.292268  0.6078262 
 6219.9462061  1.2731524   0.612169 
 6226.1709939  1.2590039  0.6326789 
 6232.3957818  1.2288263  0.6276116 
 6238.6315424   1.197753   0.631713 
 6244.8678515  1.1659707  0.6524191 
 6251.1151333  1.1474686  0.6475369 
 6257.3733879  1.1305358   0.651386 
 6263.6206698  1.1108391  0.6556925 
 6269.8904455  1.0911483  0.6675652 
 6276.1596726  1.0721079  0.6711547 
 6282.4409698  1.0587262  0.6752297 
 6288.7217182  1.0460223  0.6968967 
 6295.0024667   1.039263  0.6909822 
 6301.3062576  1.0295173  0.6948233 
    6307.6095  1.0204163  0.6991785 
 6313.9127424  1.0179368  0.7108325 
 6320.2275061  1.0116485  0.7144377 
 6326.5422698   1.008791  0.7185882 
 6332.8680061  1.0115776  0.7306695 
 6339.2052637  1.0005656  0.7340407 
 6345.5419726  0.9874471  0.7379882 
 6351.8907515  0.9664302  0.7318968 
 6358.2499545  0.9484018  0.7535931 
 6364.5987333  0.9437091  0.7573469 
 6370.9694576  0.9352061  0.7507468 
 6377.3401818  0.9222273  0.7730667 
 6383.7109061  0.9084733  0.7766318 
 6390.1041242  0.8896245  0.7695301 
 6396.4863698  0.8809084  0.7924258 
 6402.8905606  0.8689461  0.7958105 
    6409.2953  0.8578746  0.7882199 
 6415.7000394  0.8495217  0.7928648 
 6422.1157515  0.8372855  0.8148586 
 6428.5424363  0.8209659  0.8067929 
 6434.9696698  0.8122228  0.8113481 
 6441.4078758  0.8060938  0.8337473 
 6447.8460818  0.8077065  0.8252251 
 6454.2952606  0.8017158  0.8297063 
 6460.7449879  0.7899174   0.852451 
 6467.2056879  0.7874411  0.8434956 
 6473.6773606  0.7825584  0.8479213 
 6480.1495818  0.7820862  0.8709447 
 6486.6327758  0.7806484  0.8615854 
 6493.1159698  0.7780903  0.8659765 
 6499.6101363  0.7739924  0.8892155 
 6506.1048515  0.7703654  0.8794797 
 6512.6215121  0.7668694  0.8838592 
    6519.1272  0.7708731  0.9072444 
 6525.6553818  0.7755781  0.8971637 
 6532.1720424  0.7784768   0.901559 
 6538.7117455  0.7792973  0.9250187 
    6545.2509   0.784777  0.9146287 
 6551.7900545  0.7902075  0.9190672 
 6558.3407302  0.8039712   0.928191 
 6564.9029274  0.8151575  0.9318687 
 6571.4645758  0.8225555  0.9363819 
 6578.0377455  0.8215324  0.9451298 
 6584.6218879  0.8238679  0.9488815 
 6591.2060302  0.8293411  0.9535043 
 6597.7901726  0.8318433  0.9618052 
 6604.3973576  0.8396574  0.9656678 
 6610.9924726  0.8499336  0.9541474 
 6617.6106302  0.8551654  0.9782236 
 6624.2287879  0.8618318  0.9822341 
 6630.8469455  0.8724438  0.9699001 
 6637.4870485  0.8779539  0.9943907 
 6644.1167274  0.8890737  0.9985909 
 6650.7683515  0.9018741  0.9853768 
 6657.4199758  0.9118779  1.0103201 
    6664.0716  0.9178845  0.9979484 
 6670.7347455  0.9234232  1.0005957 
 6677.4088637  0.9320822  1.0260295 
 6684.0829818  0.9301561   1.012687 
 6690.7680726  0.9229341  1.0375775 
 6697.4652333   0.916801  1.0250279 
 6704.1618455  0.9095519  1.0271598 
 6710.8584576  0.9023327  1.0525763 
 6717.5775637  0.8929514  1.0389606 
 6724.2966698  0.8871439  1.0413909 
 6731.0157758  0.8840408  1.0509593 
 6737.7458545  0.8805894  1.0526352 
 6744.4874545  0.8786029  1.0780756 
 6751.2290545  0.8707054  1.0640368 
 6757.9821758  0.8627952   1.066084 
 6764.7462698  0.8508654  1.0755873 
 6771.5103637    0.85163  1.0768775 
 6778.2854302  0.8516558  1.0793426 
 6785.0610455  0.8434474  1.0877744 
 6791.8476333  0.8457149  1.0895172 
 6798.6336726  0.8661356  1.0987622 
 6805.4317818  0.8759651  1.0997618 
 6812.2408637  0.8785917  1.1020041 
 6819.0499455  0.8819636  1.1100583 
      6825.87  0.8881484  1.1115901 
 6832.7015758   0.890434    1.12038 
 6839.5331515  0.8954018  1.1211925 
    6846.3757  0.8974858  1.1064965 
 6853.2182485  0.9073113  1.1307924 
 6860.0723182  0.9168728  1.1322263 
 6866.9263879  0.9202788  1.1403672 
 6873.8029515  0.9204117  1.1411062 
 6880.6789667  0.9154015  1.1259789 
 6887.5555302  0.9087024  1.1499305 
 6894.4430667  0.9063208  1.1339607 
 6901.3421242  0.9054942  1.1586719 
 6908.2411818  0.9035367  1.1594672 
 6915.1512121  0.9090514  1.1440463 
 6922.0612424  0.9218202  1.1674453 
 6928.9827939  0.9356011  1.1512403 
 6935.9153182  0.9318961  1.1752918 
 6942.8478424   0.923397  1.1582927 
 6949.7918879  0.9143311  1.1607004 
 6956.7469061  0.9052733  1.1651808 
 6963.7019242  0.8939798  1.1670595 
 6970.6684637  0.8780892  1.1902583 
 6977.6344545  0.8580239  1.1732389 
 6984.6119667  0.8464759  1.1969672 
     6991.601   0.830018  1.1792183 
 6998.5900333  0.8157094  1.1814673 
 7005.5900394  0.7943398  1.1849779 
 7012.6010182  0.7829192  1.1867414 
 7019.6010242  0.7709192  1.1904978 
 7026.6235242   0.770076  1.1917826 
 7033.6575455  0.7796261  1.1957561 
 7040.6910182  0.7934644  1.1965742 
 7047.7360121  0.8149272  1.1988977 
 7054.7810061  0.8483763  1.2010969 
 7061.8369726  0.8781139  1.2029848 
 7068.8934879  0.9068541  1.2053307 
 7075.9609758  0.9347472  1.2067966 
 7083.0394363   0.967426    1.20926 
 7090.1294182  0.9984478  1.2103173 
    7097.2194   1.038709  1.2128648 
 7104.3093818  1.0605936  1.2135274 
 7111.4218576  1.0819027  1.1937323 
 7118.5343333  1.0979294  1.2164117 
 7125.6462606  1.0956088  1.1966403 
 7132.7702576   1.086431  1.2189552 
 7139.9052274  1.0536906  1.1991869 
 7147.0511698  1.0355853  1.2211418 
 7154.1971121  1.0276535  1.2013546 
 7161.3430545  1.0197427  1.2229589 
 7168.5120394  1.0172949  1.2031269 
 7175.6804758  1.0111597  1.2243907 
 7182.8604333   1.010682  1.2044923 
 7190.0398424  1.0104527   1.203222 
 7197.2307726  1.0122684  1.2054453 
 7204.4332242  1.0140868  1.2039015 
 7211.6241545  1.0277593  1.2059693 
 7218.8381274  1.0450535  1.2041709 
 7226.0625242  1.0698234  1.2060483 
 7233.2874698  1.0895182  1.2040175 
 7240.5233879  1.1066688  1.2056777 
 7247.7593061   1.110323  1.2034347 
 7255.0177182  1.0966456  1.2048523 
 7262.2651576  1.0924755  1.2024112 
 7269.5235698  1.0639607  1.2035604 
 7276.8044758  1.0513505  1.2009425 
 7284.0738606  1.0563838   1.201789 
 7291.3547667  1.0558083  1.1990205 
 7298.6471939  1.0459538  1.1995412 
 7305.9505939   1.045314  1.1966366 
 7313.2539939  1.0620292  1.1968024 
 7320.5683667  1.0669338  1.1937878 
 7327.8942606  1.0787853  1.1935767 
 7335.2201545  1.0803775  1.1904703 
 7342.5575698  1.0814497  1.1898513 
 7349.8944363  1.0777158  1.1866795 
 7357.2428242  1.0777164  1.1856338 
 7364.6027333  1.0638624  1.1824114 
 7371.9730667  1.0460987  1.1809111 
 7379.3439485    1.02347  1.1588489 
 7386.7263515  0.9938819  1.1756916 
 7394.1082061  0.9667345  1.1536241 
 7401.5015818  0.9423775  1.1699653 
 7408.9059302  0.9110213  1.1479229 
    7416.3218  0.8861733  1.1637416 
 7423.7376698  0.8637503   1.141745 
 7431.1535394  0.8318072  1.1570166 
 7438.5913545  0.8177353  1.1350909 
 7446.0297182  0.8185785  1.1497889 
 7453.4790545   0.821397   1.127961 
 7460.9289394  0.8159968  1.1232808 
 7468.3892485  0.8100492  1.1203549 
 7475.8616274  0.8032822  1.1151096 
 7483.3334576  0.7969781   1.112276 
 7490.8162606  0.7920285  1.1064488 
 7498.3111333  0.7883739   1.103723 
 7505.8054576  0.7827535  1.0972984 
 7513.3107545  0.7774775  1.0947012 
 7520.8275726  0.7942212  1.0876645 
 7528.3449394  0.8073196  1.0816097 
 7535.8727302  0.7894794   1.077549 
 7543.4120424  0.7517525  1.0708416 
 7550.9513545  0.7201765  1.0669539 
 7558.5131606  0.6847106   1.059585 
 7566.0639939  0.6461639   1.055884 
 7573.6367726  0.5931958  1.0478407 
    7581.2101  0.5447778  1.0250432 
    7588.7944  0.5023742  1.0356147 
    7596.3787  0.4652969  1.0124336 
 7603.9739726  0.4310338  1.0229099 
 7611.5807667  0.4074449  1.0143039 
 7619.1875606  0.4038033  1.0097289 
 7626.8168485  0.4165654  1.0003978 
 7634.4351637  0.4541716  0.9773371 
 7642.0754242  0.4805449  0.9860136 
 7649.7162333  0.5045518  0.9625625 
 7657.3674667  0.5462428  0.9711538 
 7665.0307698  0.5807345  0.9473114 
 7672.6935242   0.620124  0.9380239 
    7680.3678  0.6445315  0.9449554 
 7688.0420758  0.6664641   0.921541 
 7695.7273242   0.693374  0.9283848 
 7703.4240939  0.7053379  0.9045875 
 7711.1318363  0.7054276  0.8942971 
 7718.8401274  0.7084835   0.887159 
 7726.5588424  0.7019319  0.8760859 
 7734.2896274  0.6932588    0.88122 
 7742.0198637  0.6904063  0.8574082 
 7749.7725939  0.6814796  0.8459854 
 7757.5143515  0.6806625  0.8382582 
 7765.2780545  0.6764431  0.8260353 
 7773.0423061  0.6769561  0.8033429 
 7780.8065576  0.6784651   0.805616 
 7788.5927545  0.6677116  0.7929435 
    7796.3795  0.6697114  0.7847216 
 7804.1772182  0.6799142  0.7712357 
 7811.9864576  0.6885105  0.7485063 
 7819.7951485   0.692983  0.7490576 
 7827.6153606  0.6994849    0.73503 
 7835.4470939  0.7123529  0.7263956 
 7843.2788274  0.7144883  0.7115501 
 7851.1215333  0.7172261  0.6888908 
 7858.9752121  0.7266563  0.6875831 
 7866.8404121  0.7324982  0.6721067 
 7874.7056121  0.7391854  0.6490944 
 7882.5708121  0.7411178  0.6468167 
 7890.4585061  0.7434579  0.6243045 
 7898.3571726  0.7428635  0.6073316 
 7906.2448667  0.7543722  0.6040012 
 7914.1550545  0.7604329  0.5811998 
 7922.0767637  0.7494887  0.5634992 
 7929.9869515  0.7483874  0.5544928 
 7937.9196333  0.7386979  0.5359816 
 7945.8632879  0.7457542    0.53045 
 7953.8069424  0.7476375  0.5078508 
 7961.7621182  0.7262394  0.4885068 
 7969.7282667  0.7140754  0.4817223 
 7977.6949637  0.7050761  0.4588675 
 7985.6726333  0.7047958  0.4385833 
 7993.6612758  0.7044156  0.4284875 
 8001.6499182  0.7174178  0.4072968 
 8009.6500818  0.7282663  0.3859167 
 8017.6612182  0.7355635  0.3751312 
 8025.6838758  0.7493897  0.3527322 
 8033.7065333   0.762225  0.3299934 
 8041.7401637  0.7770371  0.3183985 
 8049.7847667  0.7978085  0.2943889 
 8057.8299182  0.8290553  0.2697315 
 8065.8975637  0.8313729  0.2569884 
 8073.9646606  0.8484241  0.2303174 
 8082.0323061  0.8520764  0.2019555 
 8090.1109242  0.7799575  0.1701474 
 8098.2120363  0.8101298  0.1545312 
 8106.3021758  0.8363602   0.127022 
 8114.4142606  0.8637483  0.1027471 
 8122.5268939  0.8538662  0.0939822 
    8130.6505  0.8711348  0.0750351 
 8138.7856274  0.9137457  0.0609461 
 8146.9202061  0.9377406  0.0555746 
 8155.0663061  0.9559672  0.0426842 
 8163.2239274  0.9577602  0.0332428 
 8171.3919726  0.9584768    0.02935 
 8179.5605667  0.9578261   0.023144 
 8187.7406818  0.9521189  0.0199312 
 8195.9317698  0.9413846  0.0186336 
 8204.1228576  0.9319636  0.0181652 
 8212.3249182  0.9213912  0.0179847 
    8220.5385  0.9130399  0.0178943 
 8228.7630545  0.8939915  0.0177584 
 8236.9881576  0.8800812  0.0175107 
 8245.2242333  0.8647456  0.0171816 
 8253.4712818  0.8551679  0.0169147 
 8261.7298515  0.8368528  0.0168796 
 8269.9878726  0.8259922  0.0168895 
 8278.2579637  0.8149268  0.0169065 
 8286.5390274  0.8149346  0.0168776 
 8294.8310637  0.8297089  0.0168847 
    8303.1231  0.8381467  0.0168985 
 8311.4266576  0.8463446  0.0166476 
 8319.7296667  0.8417501  0.0168806 
 8328.0557182  0.8416863  0.0168909 
 8336.3817698  0.8429032   0.016648 
 8344.7187939  0.8422363  0.0166485 
 8353.0673394   0.834501  0.0168844 
 8361.4153363  0.8173375  0.0168973 
 8369.7748545  0.8060736  0.0166475 
 8378.1458939   0.798183  0.0168796 
 8386.5279061  0.7801804  0.0168884 
 8394.9214394  0.7688279  0.0166487 
 8403.3144242  0.7556664  0.0166478 
 8411.7189302  0.7383171  0.0168816 
 8420.1234363  0.7074959  0.0168918 
 8428.5504363  0.6922343   0.016648 
 8436.9774363  0.6709365  0.0166483 
 8445.4159576  0.6564305  0.0166535 
 8453.8654515  0.6460519  0.0166516 
 8462.3149455  0.6381174  0.0166477 
 8470.7754121   0.623201  0.0166487 
    8479.2474  0.5976781  0.0166543 
 8487.7303606  0.5704836  0.0166511 
 8496.2138698  0.5459927  0.0166477 
 8504.7083515   0.520806  0.0166487 
 8513.2138061   0.486907  0.0166542 
 8521.7307818  0.4713399  0.0166514 
 8530.2477576   0.461174  0.0166478 
 8538.7872274  0.4602222  0.0166484 
 8547.3261485   0.453568  0.0164068 
 8555.8771394  0.4477601  0.0164152 
 8564.4275818  0.4484836  0.0166481 
 8572.9895455  0.4479945  0.0166479 
 8581.5624818  0.4585059  0.0164053 
 8590.1469394  0.4769149  0.0164125 
 8598.7423698  0.5004135   0.016649 
    8607.3378   0.525005  0.0166475 
 8615.9447515  0.5518137  0.0164035 
 8624.5626758  0.5850347  0.0164091 
    8633.1806  0.6136213  0.0164181 
 8641.8210182  0.6369112  0.0166478 
 8650.4614363  0.6547799  0.0166482 
 8659.1133758   0.678756  0.0164056 
 8667.7762879  0.6998984  0.0164124 
    8676.4392  0.7228709  0.0164223 
 8685.1246061  0.7415585  0.0166475 
 8693.7990394  0.7375196  0.0164028 
 8702.4954182  0.7319192  0.0164071 
 8711.2033182  0.7338316  0.0164143 
 8719.9112182  0.7312726  0.0164244 
 8728.6306394  0.7332668  0.0164014 
 8737.3610333  0.7475854   0.016403 
    8746.1024  0.7457703  0.0164074 
 8754.8437667  0.7366733  0.0164144 
 8763.5966545  0.7293113  0.0164241 
 8772.3610637  0.7605548  0.0115211 
 8781.1364455  0.7594133  0.0115213 
 8789.9118274  0.7587749  0.0115995 
 8798.7091545  0.7518674  0.0116006 
 8807.5070302  0.7451408  0.0115214 
 8816.3164274  0.7363544  0.0115211 
 8825.1362485  0.7303509  0.0115212 
 8833.9566182  0.7205057  0.0115216 
 8842.7879606  0.7103097  0.0116001 
 8851.6423455  0.6962475  0.0115218 
 8860.4846606  0.6785776  0.0115213 
 8869.3500182  0.6625087  0.0115211 
 8878.2153758  0.6499923  0.0115213 
 8887.1032274  0.6356714  0.0115218 
 8895.9905302  0.6247538  0.0114424 
 8904.8783818  0.6141548  0.0114435 
 8913.7887274  0.6009745  0.0115212 
 8922.6985242  0.5914051  0.0115211 
 8931.6198424  0.5816616  0.0115213 
 8940.5526818  0.5707783  0.0114415 
 8949.4964939  0.5510133  0.0114422 
 8958.4403061  0.5381806  0.0114432 
 8967.4066121  0.5331406  0.0114444 
 8976.3729182  0.5208104  0.0114459 
 8985.3507455  0.5140381  0.0114409 
 8994.3395455  0.5059102  0.0114412 
 9003.3283455  0.4858122  0.0114417 
 9012.3396394   0.470916  0.0114424 
 9021.3509333  0.4621366  0.0114434 
 9030.3622274  0.4526414  0.0113665 
 9039.3954667   0.447227  0.0113664 
 9048.4407758  0.4381826  0.0113664 
 9057.4855363  0.4374376  0.0113666 
 9066.5533394  0.4335543   0.011367 
 9075.6090726  0.4385821  0.0114422 
 9084.6878485  0.4368337  0.0115322 
 9093.7781455  0.4398527  0.0117142 
 9102.8678939  0.4433503   0.011646 
 9111.9691637  0.4489966  0.0118407 
 9121.0814061  0.4502911  0.0120606 
 9130.2051698  0.4510203   0.012312 
 9139.3399061  0.4528737  0.0126224 
 9148.4746424  0.4514975  0.0129951 
    9157.6209  0.4512517  0.0134438 
 9166.7896515  0.4511509  0.0139926 
 9175.9468818  0.4500951  0.0146728 
 9185.1266061  0.4459928  0.0155266 
 9194.3178515  0.4462073  0.0166077 
 9203.5085485  0.4507223  0.0176075 
 9212.7113152  0.4570454  0.0192566 
 9221.9250547  0.4675026  0.0213589 
 9231.1497668   0.478629  0.0240359 
 9240.3854515   0.488186  0.0274382 
 9249.6211363   0.493196  0.0317503 
