# STATUS =
# OBJECT = PTF10nmn
# TELESCOPE = Keck1
# INSTRUMENT = LRIS
# DATE-OBS = 2012-02-20 00:00:00.00
# MJD = 55977.0
# EXPTIME = --
# AIRMASS = --
# SLIT = --
# DISPERSER = --
# SOURCE = 2021ApJS..255...29S
# FILTER =
# RESOLUTION =
# FLUX_STANDARD =
# EXTINCTION_CORRECTED = --
# PHOTOMETRY_CALIBRATED =
# TELLURIC_CORRECTED =
# FLUX_UNITS = erg cm(-2) sec(-1) Ang(-1)
# WAVE_UNITS = Angstrom
# QUALITY = --
# MIN_WAVE = 3830.0
# MAX_WAVE = 10250.0
# COMMENT = --
 Wavelength          Flux 
     3832.5   4.11963e-18 
     3835.0   3.12382e-18 
     3837.5   2.71755e-18 
     3840.0    3.6017e-18 
     3842.5   2.86393e-18 
     3845.0   1.93002e-18 
     3847.5   5.05837e-18 
     3850.0   5.42479e-18 
     3852.5   2.95644e-18 
     3855.0   7.23951e-19 
     3857.5   2.67897e-18 
     3860.0   3.96054e-18 
     3862.5   2.71266e-18 
     3865.0   2.69083e-18 
     3867.5   3.15648e-18 
     3870.0   3.97678e-18 
     3872.5   3.78479e-18 
     3875.0   3.63455e-18 
     3877.5   3.15823e-18 
     3880.0   3.41085e-18 
     3882.5   4.00416e-18 
     3885.0   3.74777e-18 
     3887.5   4.44299e-18 
     3890.0   4.25735e-18 
     3892.5   5.11948e-18 
     3895.0   2.73642e-18 
     3897.5   3.69708e-18 
     3900.0   4.66199e-18 
     3902.5   3.75736e-18 
     3905.0   4.19043e-18 
     3907.5    4.0768e-18 
     3910.0   3.62057e-18 
     3912.5   4.01348e-18 
     3915.0   2.58451e-18 
     3917.5   3.82225e-18 
     3920.0   5.38742e-18 
     3922.5   2.97548e-18 
     3925.0   4.96238e-18 
     3927.5   3.52162e-18 
     3930.0   4.45977e-18 
     3932.5   4.04486e-18 
     3935.0   3.28794e-18 
     3937.5   3.96582e-18 
     3940.0   3.58026e-18 
     3942.5   3.27778e-18 
     3945.0   3.03174e-18 
     3947.5   2.40392e-18 
     3950.0   2.02994e-18 
     3952.5   3.84368e-18 
     3955.0   3.56841e-18 
     3957.5    2.5375e-18 
     3960.0   3.44481e-18 
     3962.5   4.85985e-18 
     3965.0   3.76856e-18 
     3967.5    1.9797e-18 
     3970.0   2.05504e-18 
     3972.5   2.17362e-18 
     3975.0   2.35829e-18 
     3977.5   4.63781e-18 
     3980.0   2.91138e-18 
     3982.5   1.98886e-18 
     3985.0   2.97548e-18 
     3987.5   2.57426e-18 
     3990.0   2.57692e-18 
     3992.5   4.73924e-18 
     3995.0   3.95634e-18 
     3997.5   3.60849e-18 
     4000.0   3.88765e-18 
     4002.5   3.66357e-18 
     4005.0   3.79416e-18 
     4007.5   3.45746e-18 
     4010.0   4.47903e-18 
     4012.5   3.08912e-18 
     4015.0   3.26117e-18 
     4017.5   2.32872e-18 
     4020.0   2.10765e-18 
     4022.5   1.98103e-18 
     4025.0    5.1987e-18 
     4027.5   4.92785e-18 
     4030.0   1.63546e-18 
     4032.5   3.22671e-18 
     4035.0   5.07613e-18 
     4037.5   2.70735e-18 
     4040.0   1.35676e-18 
     4042.5    3.2924e-18 
     4045.0   5.21719e-18 
     4047.5   3.44097e-18 
     4050.0    4.3384e-18 
     4052.5   4.14861e-18 
     4055.0   3.13644e-18 
     4057.5   3.84916e-18 
     4060.0   3.54418e-18 
     4062.5   3.36351e-18 
     4065.0   1.19083e-18 
     4067.5   2.29685e-18 
     4070.0   3.57356e-18 
     4072.5   4.46342e-18 
     4075.0   3.22626e-18 
     4077.5   4.68428e-18 
     4080.0   4.02233e-18 
     4082.5    2.7539e-18 
     4085.0   3.93585e-18 
     4087.5   3.03618e-18 
     4090.0   2.74119e-18 
     4092.5   2.25754e-18 
     4095.0   3.09874e-18 
     4097.5    4.4789e-18 
     4100.0   3.58926e-18 
     4102.5   1.23643e-18 
     4105.0   1.01688e-18 
     4107.5   3.47203e-18 
     4110.0   2.28495e-18 
     4112.5   1.52157e-18 
     4115.0   4.73787e-18 
     4117.5   4.74495e-18 
     4120.0   3.03554e-18 
     4122.5   1.91856e-18 
     4125.0   2.01825e-18 
     4127.5   2.95955e-18 
     4130.0   1.76848e-18 
     4132.5   2.49835e-18 
     4135.0   3.60135e-18 
     4137.5   4.88081e-18 
     4140.0   5.54123e-18 
     4142.5   4.39784e-18 
     4145.0    5.1004e-18 
     4147.5   4.21761e-18 
     4150.0   4.36343e-18 
     4152.5   4.29248e-18 
     4155.0   3.60067e-18 
     4157.5   2.88669e-18 
     4160.0   2.36093e-18 
     4162.5   2.45659e-18 
     4165.0   2.34025e-18 
     4167.5   2.56775e-18 
     4170.0   2.46927e-18 
     4172.5   2.19599e-18 
     4175.0   2.37338e-18 
     4177.5   3.06853e-18 
     4180.0   4.04867e-18 
     4182.5   3.13254e-18 
     4185.0   4.72525e-18 
     4187.5   9.68133e-18 
     4190.0   1.73794e-17 
     4192.5   1.99891e-17 
     4195.0   1.31873e-17 
     4197.5    4.1303e-18 
     4200.0   4.50433e-18 
     4202.5   4.35093e-18 
     4205.0   4.36045e-18 
     4207.5   3.81901e-18 
     4210.0   3.15579e-18 
     4212.5   2.64826e-18 
     4215.0    4.8504e-18 
     4217.5    4.3474e-18 
     4220.0   2.91565e-18 
     4222.5    2.1952e-18 
     4225.0    2.3011e-18 
     4227.5   3.42251e-18 
     4230.0   4.80859e-18 
     4232.5    4.6777e-18 
     4235.0   3.83544e-18 
     4237.5   3.16749e-18 
     4240.0   3.51548e-18 
     4242.5   3.96864e-18 
     4245.0   3.96156e-18 
     4247.5   3.01425e-18 
     4250.0   2.77147e-18 
     4252.5    4.1374e-18 
     4255.0   4.69712e-18 
     4257.5   4.56652e-18 
     4260.0   5.13266e-18 
     4262.5    4.4199e-18 
     4265.0   2.48091e-18 
     4267.5   2.56348e-18 
     4270.0   6.09951e-18 
     4272.5   4.03308e-18 
     4275.0   3.83578e-18 
     4277.5     3.357e-18 
     4280.0   3.56044e-18 
     4282.5   3.60308e-18 
     4285.0   4.24156e-18 
     4287.5   3.69608e-18 
     4290.0   3.65507e-18 
     4292.5   3.33728e-18 
     4295.0   4.77251e-18 
     4297.5   5.00884e-18 
     4300.0   5.27687e-18 
     4302.5    3.0946e-18 
     4305.0   1.68914e-18 
     4307.5    2.3058e-18 
     4310.0   3.33689e-18 
     4312.5   2.48623e-18 
     4315.0   3.81301e-18 
     4317.5   3.57076e-18 
     4320.0   4.30793e-18 
     4322.5    4.0272e-18 
     4325.0   3.12998e-18 
     4327.5   4.27937e-18 
     4330.0   4.57599e-18 
     4332.5   4.35088e-18 
     4335.0   2.96734e-18 
     4337.5   4.22221e-18 
     4340.0   5.98628e-18 
     4342.5   5.59845e-18 
     4345.0    4.1499e-18 
     4347.5   4.84874e-18 
     4350.0   6.87809e-18 
     4352.5   7.28171e-18 
     4355.0   4.15144e-18 
     4357.5   3.77971e-18 
     4360.0   3.17827e-18 
     4362.5   3.28688e-18 
     4365.0   4.73224e-18 
     4367.5   4.29968e-18 
     4370.0   3.17862e-18 
     4372.5    3.1317e-18 
     4375.0   1.36703e-18 
     4377.5   2.66189e-18 
     4380.0   3.97629e-18 
     4382.5   4.04456e-18 
     4385.0   3.66304e-18 
     4387.5   4.52306e-18 
     4390.0   5.85626e-18 
     4392.5   5.74572e-18 
     4395.0   3.54563e-18 
     4397.5   4.90012e-18 
     4400.0   5.61173e-18 
     4402.5   4.88915e-18 
     4405.0   4.57152e-18 
     4407.5   5.65556e-18 
     4410.0    4.8212e-18 
     4412.5   4.17754e-18 
     4415.0   4.10864e-18 
     4417.5    3.6497e-18 
     4420.0   4.57885e-18 
     4422.5   2.06197e-18 
     4425.0   1.84597e-18 
     4427.5   2.30826e-18 
     4430.0   4.44413e-18 
     4432.5   6.82565e-18 
     4435.0   5.50575e-18 
     4437.5   6.36819e-18 
     4440.0   4.91439e-18 
     4442.5    5.7501e-18 
     4445.0   5.41645e-18 
     4447.5   5.91879e-18 
     4450.0   4.14088e-18 
     4452.5   3.83541e-18 
     4455.0   5.57267e-18 
     4457.5    4.2731e-18 
     4460.0   4.79072e-18 
     4462.5   3.46506e-18 
     4465.0   1.47347e-18 
     4467.5   3.04844e-18 
     4470.0   4.25556e-18 
     4472.5   2.18393e-18 
     4475.0    1.5186e-18 
     4477.5   4.16957e-18 
     4480.0   5.46926e-18 
     4482.5   5.88605e-18 
     4485.0   4.89661e-18 
     4487.5   5.26776e-18 
     4490.0   5.02017e-18 
     4492.5   6.47938e-18 
     4495.0   6.39595e-18 
     4497.5   6.35973e-18 
     4500.0   3.76767e-18 
     4502.5   6.01915e-18 
     4505.0    5.2286e-18 
     4507.5   5.30932e-18 
     4510.0   5.62883e-18 
     4512.5   4.60342e-18 
     4515.0   4.72309e-18 
     4517.5   5.84821e-18 
     4520.0   5.35508e-18 
     4522.5    4.3312e-18 
     4525.0   6.37305e-18 
     4527.5   5.39511e-18 
     4530.0    5.7879e-18 
     4532.5   4.49892e-18 
     4535.0   3.02326e-18 
     4537.5   5.86253e-18 
     4540.0    6.1511e-18 
     4542.5   2.42235e-18 
     4545.0   4.36796e-18 
     4547.5   7.38532e-18 
     4550.0   6.51549e-18 
     4552.5   3.65121e-18 
     4555.0   5.44922e-18 
     4557.5   5.72123e-18 
     4560.0   6.79682e-18 
     4562.5    5.4605e-18 
     4565.0   6.62716e-18 
     4567.5    5.9184e-18 
     4570.0   5.33744e-18 
     4572.5   5.64498e-18 
     4575.0   4.82422e-18 
     4577.5   6.08427e-18 
     4580.0   6.85624e-18 
     4582.5   5.14054e-18 
     4585.0   5.59287e-18 
     4587.5   3.44037e-18 
     4590.0   3.58963e-18 
     4592.5   5.54868e-18 
     4595.0   5.58616e-18 
     4597.5   5.13202e-18 
     4600.0    4.0701e-18 
     4602.5   3.36018e-18 
     4605.0   1.32342e-18 
     4607.5   2.05579e-18 
     4610.0   3.25735e-18 
     4612.5   6.26589e-18 
     4615.0   5.05801e-18 
     4617.5   2.57061e-18 
     4620.0   3.50702e-18 
     4622.5   1.47457e-18 
     4625.0   2.73075e-18 
     4627.5   4.39347e-18 
     4630.0   4.26543e-18 
     4632.5   6.26817e-18 
     4635.0   6.61849e-18 
     4637.5   5.33343e-18 
     4640.0   5.55857e-18 
     4642.5   4.02323e-18 
     4645.0   2.84666e-18 
     4647.5   4.43457e-18 
     4650.0   3.43327e-18 
     4652.5   5.47592e-18 
     4655.0   6.07818e-18 
     4657.5    3.6753e-18 
     4660.0   3.83512e-18 
     4662.5   4.72948e-18 
     4665.0   5.75705e-18 
     4667.5   5.85471e-18 
     4670.0   5.83186e-18 
     4672.5   5.61282e-18 
     4675.0   5.09812e-18 
     4677.5   4.72767e-18 
     4680.0   4.06329e-18 
     4682.5   5.04723e-18 
     4685.0   5.47598e-18 
     4687.5   4.43703e-18 
     4690.0   4.66917e-18 
     4692.5   4.93995e-18 
     4695.0   5.22823e-18 
     4697.5   5.04234e-18 
     4700.0   4.71584e-18 
     4702.5   4.42849e-18 
     4705.0   6.67807e-18 
     4707.5   4.11011e-18 
     4710.0   4.46427e-18 
     4712.5   6.68737e-18 
     4715.0    6.0104e-18 
     4717.5   4.38927e-18 
     4720.0   3.51655e-18 
     4722.5   4.94475e-18 
     4725.0   4.27543e-18 
     4727.5     3.202e-18 
     4730.0   5.53015e-18 
     4732.5   7.37213e-18 
     4735.0   3.51201e-18 
     4737.5   4.59926e-18 
     4740.0   6.51339e-18 
     4742.5   6.44397e-18 
     4745.0   5.57112e-18 
     4747.5   6.16183e-18 
     4750.0   5.61277e-18 
     4752.5   4.19572e-18 
     4755.0   5.39441e-18 
     4757.5   4.45672e-18 
     4760.0   3.89721e-18 
     4762.5   5.22844e-18 
     4765.0   5.97223e-18 
     4767.5   3.72016e-18 
     4770.0   3.67242e-18 
     4772.5   5.75342e-18 
     4775.0   5.09438e-18 
     4777.5   5.40332e-18 
     4780.0   5.84617e-18 
     4782.5   4.52234e-18 
     4785.0    2.9682e-18 
     4787.5   5.12514e-18 
     4790.0    4.9374e-18 
     4792.5   4.80458e-18 
     4795.0   7.29847e-18 
     4797.5   4.94277e-18 
     4800.0   3.67468e-18 
     4802.5   4.78969e-18 
     4805.0   7.90918e-18 
     4807.5   7.59691e-18 
     4810.0   6.12169e-18 
     4812.5   6.69885e-18 
     4815.0   6.26337e-18 
     4817.5    5.4596e-18 
     4820.0   3.98414e-18 
     4822.5   5.41501e-18 
     4825.0   7.00931e-18 
     4827.5    4.6097e-18 
     4830.0   4.42248e-18 
     4832.5   2.20968e-18 
     4835.0   3.37698e-18 
     4837.5   4.43146e-18 
     4840.0   6.69533e-18 
     4842.5   5.57883e-18 
     4845.0   4.28057e-18 
     4847.5   3.88223e-18 
     4850.0   3.42618e-18 
     4852.5   5.16175e-18 
     4855.0    4.1771e-18 
     4857.5   2.88227e-18 
     4860.0   4.94551e-18 
     4862.5   6.03389e-18 
     4865.0   5.86418e-18 
     4867.5   4.63394e-18 
     4870.0    3.6202e-18 
     4872.5   3.56013e-18 
     4875.0   3.00042e-18 
     4877.5    6.0718e-18 
     4880.0   9.22572e-18 
     4882.5   6.71729e-18 
     4885.0   4.95293e-18 
     4887.5   5.61165e-18 
     4890.0   5.15635e-18 
     4892.5   3.19331e-18 
     4895.0   4.98609e-18 
     4897.5   5.89828e-18 
     4900.0    4.4745e-18 
     4902.5   4.43577e-18 
     4905.0   5.31444e-18 
     4907.5   5.24472e-18 
     4910.0   4.62139e-18 
     4912.5   3.86376e-18 
     4915.0   4.25941e-18 
     4917.5   4.71045e-18 
     4920.0   6.08094e-18 
     4922.5   5.94603e-18 
     4925.0    4.1826e-18 
     4927.5   5.10328e-18 
     4930.0   5.51999e-18 
     4932.5   3.14259e-18 
     4935.0   3.17794e-18 
     4937.5   6.75868e-18 
     4940.0   6.72018e-18 
     4942.5   5.09266e-18 
     4945.0   3.29661e-18 
     4947.5   5.09454e-18 
     4950.0   4.92154e-18 
     4952.5   5.23565e-18 
     4955.0    5.2341e-18 
     4957.5   5.47545e-18 
     4960.0   4.05855e-18 
     4962.5    4.0679e-18 
     4965.0   5.06288e-18 
     4967.5   5.52922e-18 
     4970.0   6.07503e-18 
     4972.5   5.60197e-18 
     4975.0   4.69762e-18 
     4977.5   5.59329e-18 
     4980.0   4.64021e-18 
     4982.5    4.0713e-18 
     4985.0   3.03963e-18 
     4987.5   5.77004e-18 
     4990.0   5.69861e-18 
     4992.5   4.08501e-18 
     4995.0   3.58039e-18 
     4997.5   2.77471e-18 
     5000.0   4.91904e-18 
     5002.5   4.14082e-18 
     5005.0    4.5458e-18 
     5007.5   5.46027e-18 
     5010.0   3.39317e-18 
     5012.5   4.58166e-18 
     5015.0   6.85054e-18 
     5017.5   5.89822e-18 
     5020.0   5.69982e-18 
     5022.5   5.59549e-18 
     5025.0   4.38433e-18 
     5027.5   5.63448e-18 
     5030.0   6.43713e-18 
     5032.5   6.37835e-18 
     5035.0   6.75092e-18 
     5037.5   4.93096e-18 
     5040.0   5.24596e-18 
     5042.5   5.93269e-18 
     5045.0   5.79263e-18 
     5047.5    5.5097e-18 
     5050.0   4.69428e-18 
     5052.5   5.73383e-18 
     5055.0   3.53097e-18 
     5057.5   5.00792e-18 
     5060.0   5.85388e-18 
     5062.5   6.62977e-18 
     5065.0   5.91478e-18 
     5067.5   4.30881e-18 
     5070.0   4.28335e-18 
     5072.5    4.1452e-18 
     5075.0   3.32263e-18 
     5077.5     5.521e-18 
     5080.0   6.39577e-18 
     5082.5   4.38673e-18 
     5085.0   5.35772e-18 
     5087.5    6.6296e-18 
     5090.0   6.36015e-18 
     5092.5   6.66727e-18 
     5095.0   6.69825e-18 
     5097.5   4.24277e-18 
     5100.0   4.55257e-18 
     5102.5   4.76133e-18 
     5105.0   4.55231e-18 
     5107.5   5.67189e-18 
     5110.0   5.37885e-18 
     5112.5   6.15327e-18 
     5115.0   5.46425e-18 
     5117.5   5.57402e-18 
     5120.0   5.72394e-18 
     5122.5   5.91439e-18 
     5125.0   4.02151e-18 
     5127.5   5.23702e-18 
     5130.0   5.04505e-18 
     5132.5   4.40879e-18 
     5135.0   5.27011e-18 
     5137.5   4.85661e-18 
     5140.0   6.08656e-18 
     5142.5   4.98824e-18 
     5145.0   4.06639e-18 
     5147.5   3.61287e-18 
     5150.0   4.63611e-18 
     5152.5   6.96747e-18 
     5155.0   5.23248e-18 
     5157.5    6.7753e-18 
     5160.0   5.57756e-18 
     5162.5   4.54661e-18 
     5165.0   5.48356e-18 
     5167.5   6.11222e-18 
     5170.0   5.95076e-18 
     5172.5    7.4982e-18 
     5175.0   5.53312e-18 
     5177.5   6.19377e-18 
     5180.0   5.76824e-18 
     5182.5   5.50712e-18 
     5185.0   4.14359e-18 
     5187.5   3.26643e-18 
     5190.0   4.13363e-18 
     5192.5    6.2528e-18 
     5195.0   6.86952e-18 
     5197.5   6.28861e-18 
     5200.0    5.4065e-18 
     5202.5    5.1856e-18 
     5205.0   6.97379e-18 
     5207.5   5.30585e-18 
     5210.0   4.15219e-18 
     5212.5    4.7133e-18 
     5215.0   6.86113e-18 
     5217.5    6.0852e-18 
     5220.0    5.7151e-18 
     5222.5    5.2309e-18 
     5225.0   5.29643e-18 
     5227.5   5.99105e-18 
     5230.0   4.79026e-18 
     5232.5   6.41818e-18 
     5235.0   6.35122e-18 
     5237.5    3.8041e-18 
     5240.0   3.92364e-18 
     5242.5   4.19821e-18 
     5245.0   4.47045e-18 
     5247.5   4.71069e-18 
     5250.0   5.46889e-18 
     5252.5   2.93455e-18 
     5255.0   3.88798e-18 
     5257.5   6.30168e-18 
     5260.0   4.59883e-18 
     5262.5   4.12617e-18 
     5265.0   5.01917e-18 
     5267.5   5.34091e-18 
     5270.0    4.1856e-18 
     5272.5   3.68354e-18 
     5275.0   4.63559e-18 
     5277.5   3.43249e-18 
     5280.0   4.56793e-18 
     5282.5   3.79159e-18 
     5285.0    4.9309e-18 
     5287.5   6.41822e-18 
     5290.0   5.11807e-18 
     5292.5   5.29123e-18 
     5295.0   4.75912e-18 
     5297.5   4.54205e-18 
     5300.0   4.06237e-18 
     5302.5   5.07424e-18 
     5305.0   5.96993e-18 
     5307.5   4.66019e-18 
     5310.0   4.35704e-18 
     5312.5   4.94606e-18 
     5315.0   5.05238e-18 
     5317.5   4.12541e-18 
     5320.0   3.84703e-18 
     5322.5   3.76375e-18 
     5325.0   5.02401e-18 
     5327.5   4.59519e-18 
     5330.0   3.69409e-18 
     5332.5   4.73848e-18 
     5335.0   4.20199e-18 
     5337.5   4.14459e-18 
     5340.0   4.21422e-18 
     5342.5   5.14304e-18 
     5345.0   6.54416e-18 
     5347.5   5.28015e-18 
     5350.0   3.88542e-18 
     5352.5   4.20186e-18 
     5355.0   5.67379e-18 
     5357.5   4.51364e-18 
     5360.0   3.10408e-18 
     5362.5   3.12456e-18 
     5365.0   3.50866e-18 
     5367.5   5.00385e-18 
     5370.0   4.20764e-18 
     5372.5   5.00697e-18 
     5375.0    5.0316e-18 
     5377.5   3.84425e-18 
     5380.0    3.2249e-18 
     5382.5   3.89498e-18 
     5385.0   4.62623e-18 
     5387.5   4.11628e-18 
     5390.0   4.89369e-18 
     5392.5   6.48917e-18 
     5395.0    5.3951e-18 
     5397.5   5.32435e-18 
     5400.0   4.47868e-18 
     5402.5   3.41352e-18 
     5405.0   5.43014e-18 
     5407.5   5.53234e-18 
     5410.0    4.1451e-18 
     5412.5    4.1004e-18 
     5415.0   5.73656e-18 
     5417.5   5.22612e-18 
     5420.0   5.03853e-18 
     5422.5   4.88225e-18 
     5425.0   3.91015e-18 
     5427.5   3.05071e-18 
     5430.0   3.15659e-18 
     5432.5   3.95514e-18 
     5435.0   4.79227e-18 
     5437.5   4.36864e-18 
     5440.0   3.70226e-18 
     5442.5   3.02397e-18 
     5445.0   4.17364e-18 
     5447.5   3.34126e-18 
     5450.0   5.02843e-18 
     5452.5   4.92544e-18 
     5455.0   2.63618e-18 
     5457.5   3.43039e-18 
     5460.0   7.77943e-18 
     5462.5   9.54907e-18 
     5465.0   7.07837e-18 
     5467.5   3.65693e-18 
     5470.0   3.38112e-18 
     5472.5   4.74839e-18 
     5475.0   4.09346e-18 
     5477.5    3.9363e-18 
     5480.0   3.61575e-18 
     5482.5   3.67394e-18 
     5485.0   3.12815e-18 
     5487.5   5.02502e-18 
     5490.0   4.76833e-18 
     5492.5   2.97849e-18 
     5495.0   3.79814e-18 
     5497.5   4.14996e-18 
     5500.0   4.48999e-18 
     5502.5   4.19743e-18 
     5505.0   2.13549e-18 
     5507.5   3.14233e-18 
     5510.0   2.98149e-18 
     5512.5   4.46284e-18 
     5515.0    4.1989e-18 
     5517.5   2.47984e-18 
     5520.0   2.93403e-18 
     5522.5   4.56324e-18 
     5525.0   2.22948e-18 
     5527.5   2.85455e-18 
     5530.0   5.25711e-18 
     5532.5   4.01914e-18 
     5535.0    4.7633e-18 
     5537.5   3.34178e-18 
     5540.0   3.19952e-18 
     5542.5    3.7002e-18 
     5545.0   2.88654e-18 
     5547.5   3.48809e-18 
     5550.0   3.10452e-18 
     5552.5   5.29583e-18 
     5555.0   4.67347e-18 
     5557.5   4.09888e-18 
     5560.0   2.15208e-18 
     5562.5   2.90544e-18 
     5565.0   2.76825e-18 
     5567.5   4.39764e-18 
     5570.0   1.03055e-17 
     5572.5   8.73137e-18 
     5575.0   1.24429e-17 
     5577.5   1.91679e-17 
     5580.0   1.12663e-17 
     5582.5   8.75203e-18 
     5585.0   6.09042e-18 
     5587.5   4.91098e-18 
     5590.0   3.11892e-18 
     5592.5   4.58852e-18 
     5595.0   5.06029e-18 
     5597.5   4.77591e-18 
     5600.0   5.20719e-18 
     5602.5   3.15714e-18 
     5605.0   4.64222e-18 
     5607.5   8.20384e-18 
     5610.0   5.37635e-18 
     5612.5   5.12202e-18 
     5615.0   5.05427e-18 
     5617.5   2.19932e-18 
     5620.0   9.02487e-18 
     5622.5   2.19762e-17 
     5625.0   2.44267e-17 
     5627.5   1.70037e-17 
     5630.0   7.40748e-18 
     5632.5   3.84845e-18 
     5635.0   2.52686e-18 
     5637.5   2.82303e-18 
     5640.0   3.00127e-18 
     5642.5   4.61745e-18 
     5645.0   4.54493e-18 
     5647.5    4.3154e-18 
     5650.0   5.71685e-18 
     5652.5   7.74685e-18 
     5655.0   5.58528e-18 
     5657.5   3.67246e-18 
     5660.0   2.87508e-18 
     5662.5   3.76635e-18 
     5665.0   5.17858e-18 
     5667.5  -7.15077e-19 
     5670.0  -1.33019e-18 
     5672.5   5.58638e-18 
     5675.0   5.98067e-18 
     5677.5   4.26743e-18 
     5680.0   9.45639e-18 
     5682.5   6.59456e-18 
     5685.0   7.80277e-18 
     5687.5   5.11422e-18 
     5690.0   6.72049e-18 
     5692.5   7.30992e-18 
     5695.0   3.11057e-18 
     5697.5   5.37524e-18 
     5700.0   4.37364e-18 
     5702.5    3.0797e-18 
     5705.0   3.18418e-18 
     5707.5   4.04146e-18 
     5710.0   5.70026e-18 
     5712.5   4.28567e-18 
     5715.0     3.168e-18 
     5717.5   5.51578e-18 
     5720.0   4.13434e-18 
     5722.5    1.0036e-18 
     5725.0   3.99738e-18 
     5727.5   4.19611e-18 
     5730.0   3.20857e-18 
     5732.5   5.02963e-18 
     5735.0   6.05825e-18 
     5737.5   4.63655e-18 
     5740.0   3.50021e-18 
     5742.5   3.73374e-18 
     5745.0    5.7692e-18 
     5747.5   3.65955e-18 
     5750.0   5.04337e-18 
     5752.5   7.26241e-18 
     5755.0   6.95629e-18 
     5757.5   4.74108e-18 
     5760.0     1.744e-18 
     5762.5   5.42021e-18 
     5765.0   5.20655e-18 
     5767.5    5.8218e-18 
     5770.0    3.4901e-18 
     5772.5   4.92318e-18 
     5775.0   1.60978e-18 
     5777.5   3.82529e-18 
     5780.0   3.19373e-18 
     5782.5   3.32873e-18 
     5785.0   5.16576e-18 
     5787.5   4.85573e-18 
     5790.0   4.04052e-18 
     5792.5   5.65933e-18 
     5795.0    4.3462e-18 
     5797.5   5.02151e-18 
     5800.0   4.94209e-18 
     5802.5   5.81766e-18 
     5805.0   4.09926e-18 
     5807.5   7.40092e-18 
     5810.0   4.04096e-18 
     5812.5   3.56064e-18 
     5815.0   5.34435e-18 
     5817.5    5.6579e-18 
     5820.0   5.84426e-18 
     5822.5   2.15085e-18 
     5825.0   3.32759e-18 
     5827.5   6.49795e-18 
     5830.0   1.91234e-18 
     5832.5   4.86998e-18 
     5835.0   6.55738e-18 
     5837.5   4.17964e-18 
     5840.0   3.40332e-18 
     5842.5   2.94886e-18 
     5845.0   5.34492e-18 
     5847.5   7.26248e-18 
     5850.0   5.09199e-18 
     5852.5   5.15795e-18 
     5855.0   3.93236e-18 
     5857.5   3.68945e-18 
     5860.0   2.23664e-18 
     5862.5   6.08662e-18 
     5865.0   5.35518e-18 
     5867.5   3.86157e-18 
     5870.0   4.32192e-18 
     5872.5   8.88483e-18 
     5875.0    2.2842e-18 
     5877.5   3.76948e-18 
     5880.0   2.00059e-18 
     5882.5   5.79486e-18 
     5885.0   3.54541e-18 
     5887.5   4.95344e-18 
     5890.0   7.26184e-18 
     5892.5    9.2446e-18 
     5895.0   8.27076e-18 
     5897.5   4.32487e-18 
     5900.0   5.11285e-18 
     5902.5   3.78809e-18 
     5905.0   5.66544e-18 
     5907.5   7.23911e-18 
     5910.0   8.30867e-18 
     5912.5   6.31366e-18 
     5915.0   5.32789e-18 
     5917.5   4.90427e-18 
     5920.0   3.47441e-18 
     5922.5   3.09993e-18 
     5925.0   5.86414e-18 
     5927.5   3.90669e-18 
     5930.0   5.24099e-18 
     5932.5   4.27182e-18 
     5935.0   5.00892e-18 
     5937.5   5.26831e-18 
     5940.0   5.01604e-18 
     5942.5   4.55747e-18 
     5945.0   5.67661e-18 
     5947.5   4.31097e-18 
     5950.0   3.66159e-18 
     5952.5   3.46343e-18 
     5955.0   3.82174e-18 
     5957.5   3.60985e-18 
     5960.0   2.58219e-18 
     5962.5   4.21406e-18 
     5965.0   2.68506e-18 
     5967.5    4.4166e-18 
     5970.0   4.48606e-18 
     5972.5    5.4564e-18 
     5975.0   4.61501e-18 
     5977.5     4.214e-18 
     5980.0   4.08653e-18 
     5982.5   3.22425e-18 
     5985.0   3.92809e-18 
     5987.5   4.65996e-18 
     5990.0   3.26248e-18 
     5992.5   3.94622e-18 
     5995.0   3.93946e-18 
     5997.5   5.54706e-18 
     6000.0   4.50962e-18 
     6002.5   2.86061e-18 
     6005.0   4.12853e-18 
     6007.5   3.77698e-18 
     6010.0   3.28807e-18 
     6012.5   4.27258e-18 
     6015.0   4.74771e-18 
     6017.5   4.69559e-18 
     6020.0   4.75845e-18 
     6022.5    5.7083e-18 
     6025.0   3.06002e-18 
     6027.5   2.77824e-18 
     6030.0   4.06789e-18 
     6032.5   3.80072e-18 
     6035.0    5.4795e-18 
     6037.5   4.12503e-18 
     6040.0   3.42102e-18 
     6042.5   3.86317e-18 
     6045.0   5.41457e-18 
     6047.5   3.90068e-18 
     6050.0   2.76686e-18 
     6052.5   4.26901e-18 
     6055.0   5.15065e-18 
     6057.5   6.76487e-18 
     6060.0   6.12647e-18 
     6062.5   4.54684e-18 
     6065.0   4.60979e-18 
     6067.5   5.06243e-18 
     6070.0   5.41543e-18 
     6072.5   2.76272e-18 
     6075.0    2.8607e-18 
     6077.5   5.31667e-18 
     6080.0   1.92258e-18 
     6082.5   4.76299e-18 
     6085.0    4.3656e-18 
     6087.5   5.19116e-18 
     6090.0   4.15222e-18 
     6092.5   6.08371e-18 
     6095.0   5.10577e-18 
     6097.5   3.44678e-18 
     6100.0   4.78944e-18 
     6102.5   3.53826e-18 
     6105.0   1.54264e-18 
     6107.5   4.94177e-18 
     6110.0   4.70092e-18 
     6112.5   3.80228e-18 
     6115.0   2.90691e-18 
     6117.5   3.52267e-18 
     6120.0   3.62462e-18 
     6122.5   5.55266e-18 
     6125.0   5.30559e-18 
     6127.5   4.45287e-18 
     6130.0   4.08722e-18 
     6132.5   4.81419e-18 
     6135.0   3.61569e-18 
     6137.5   5.57088e-18 
     6140.0   2.87402e-18 
     6142.5   3.60777e-18 
     6145.0    2.9214e-18 
     6147.5   2.45548e-18 
     6150.0   5.19077e-18 
     6152.5   4.78694e-19 
     6155.0   2.72415e-18 
     6157.5   2.74929e-18 
     6160.0   2.55591e-18 
     6162.5   1.23023e-18 
     6165.0    3.8021e-18 
     6167.5   5.60361e-18 
     6170.0   2.25106e-18 
     6172.5   3.89743e-18 
     6175.0   5.11163e-18 
     6177.5   3.13649e-18 
     6180.0   4.81394e-18 
     6182.5   2.85229e-18 
     6185.0   4.59464e-18 
     6187.5   3.24942e-18 
     6190.0   4.11848e-18 
     6192.5   2.49824e-18 
     6195.0    4.2907e-18 
     6197.5   5.02951e-18 
     6200.0   3.95152e-18 
     6202.5   5.18984e-18 
     6205.0   4.27946e-18 
     6207.5   6.73541e-18 
     6210.0    4.8315e-18 
     6212.5    4.9505e-18 
     6215.0   5.42266e-18 
     6217.5   6.45728e-18 
     6220.0   3.12992e-18 
     6222.5   4.00189e-18 
     6225.0   4.41758e-18 
     6227.5   3.14832e-18 
     6230.0   3.58038e-18 
     6232.5   3.74615e-18 
     6235.0   3.67895e-18 
     6237.5    2.4104e-18 
     6240.0   3.56265e-18 
     6242.5   2.95519e-18 
     6245.0    2.0644e-18 
     6247.5   4.36732e-18 
     6250.0    4.2486e-18 
     6252.5   4.29757e-18 
     6255.0   3.98367e-18 
     6257.5   4.87295e-18 
     6260.0   2.89877e-18 
     6262.5    3.7259e-18 
     6265.0   3.99356e-18 
     6267.5   4.70015e-18 
     6270.0   4.54621e-18 
     6272.5   4.48515e-18 
     6275.0   4.69973e-18 
     6277.5    2.1171e-18 
     6280.0   2.44575e-18 
     6282.5   2.40638e-18 
     6285.0   3.55992e-18 
     6287.5   2.78603e-18 
     6290.0   3.28323e-18 
     6292.5   4.63646e-18 
     6295.0   3.73899e-18 
     6297.5   4.15583e-18 
     6300.0   5.21522e-18 
     6302.5   2.95901e-18 
     6305.0    4.2971e-18 
     6307.5   4.34959e-18 
     6310.0   6.44688e-18 
     6312.5   5.24057e-18 
     6315.0   4.62773e-18 
     6317.5   3.67933e-18 
     6320.0   2.89137e-18 
     6322.5    3.3477e-18 
     6325.0   3.93896e-18 
     6327.5   3.33955e-18 
     6330.0   4.11303e-18 
     6332.5   3.86871e-18 
     6335.0   5.80606e-18 
     6337.5   4.18619e-18 
     6340.0   3.74873e-18 
     6342.5   3.85856e-18 
     6345.0   2.77963e-18 
     6347.5    2.2899e-18 
     6350.0   3.81284e-18 
     6352.5   3.33748e-18 
     6355.0   3.87763e-18 
     6357.5   2.41108e-18 
     6360.0   4.81675e-18 
     6362.5   3.76311e-18 
     6365.0   2.67939e-18 
     6367.5   3.43374e-18 
     6370.0    4.0118e-18 
     6372.5   3.06131e-18 
     6375.0   4.52371e-18 
     6377.5   3.12482e-18 
     6380.0   4.47621e-18 
     6382.5   2.92071e-18 
     6385.0    3.3819e-18 
     6387.5   4.52502e-18 
     6390.0   3.63068e-18 
     6392.5   4.25268e-18 
     6395.0   3.47833e-18 
     6397.5   3.41133e-18 
     6400.0   4.11693e-18 
     6402.5   3.60255e-18 
     6405.0   2.56398e-18 
     6407.5   3.49597e-18 
     6410.0   5.02468e-18 
     6412.5   3.37422e-18 
     6415.0   4.57437e-18 
     6417.5   4.35027e-18 
     6420.0   4.51762e-18 
     6422.5   4.52511e-18 
     6425.0   3.31109e-18 
     6427.5   2.66519e-18 
     6430.0   4.75178e-18 
     6432.5    3.8427e-18 
     6435.0   2.17924e-18 
     6437.5   4.84525e-18 
     6440.0   3.87844e-18 
     6442.5   3.26258e-18 
     6445.0   2.23495e-18 
     6447.5   3.58155e-18 
     6450.0   4.38116e-18 
     6452.5   4.36278e-18 
     6455.0   3.74995e-18 
     6457.5   5.70848e-18 
     6460.0   4.02183e-18 
     6462.5   4.75139e-18 
     6465.0   5.10499e-18 
     6467.5   2.99213e-18 
     6470.0   1.87891e-18 
     6472.5   4.50001e-18 
     6475.0   2.55757e-18 
     6477.5   3.15946e-18 
     6480.0   4.31095e-18 
     6482.5   2.72622e-18 
     6485.0   3.32252e-18 
     6487.5   1.69055e-18 
     6490.0   3.62279e-18 
     6492.5   4.04616e-18 
     6495.0   4.72872e-18 
     6497.5   3.89202e-18 
     6500.0   3.51172e-18 
     6502.5   3.84865e-18 
     6505.0   3.44763e-18 
     6507.5   3.35906e-18 
     6510.0   4.62214e-18 
     6512.5   2.04769e-18 
     6515.0   4.83657e-18 
     6517.5   6.00091e-18 
     6520.0   3.17782e-18 
     6522.5   3.80594e-18 
     6525.0   3.16571e-18 
     6527.5   3.08162e-18 
     6530.0   4.15186e-18 
     6532.5   4.92992e-18 
     6535.0   2.19892e-18 
     6537.5   1.91914e-18 
     6540.0   2.91246e-18 
     6542.5   3.61856e-18 
     6545.0   2.68061e-18 
     6547.5    4.1098e-18 
     6550.0   3.24602e-18 
     6552.5   3.81668e-18 
     6555.0   3.76063e-18 
     6557.5   4.78711e-18 
     6560.0   4.85115e-18 
     6562.5   3.91127e-18 
     6565.0   3.14137e-18 
     6567.5   4.90396e-18 
     6570.0   2.16169e-18 
     6572.5    3.4934e-18 
     6575.0   2.94571e-18 
     6577.5    2.0673e-18 
     6580.0   6.55199e-18 
     6582.5    3.3471e-18 
     6585.0   4.15533e-18 
     6587.5    2.9004e-18 
     6590.0   5.26992e-18 
     6592.5    4.7296e-18 
     6595.0   5.20576e-18 
     6597.5   3.52633e-18 
     6600.0   4.62447e-18 
     6602.5   4.39976e-18 
     6605.0   5.05917e-18 
     6607.5   3.52244e-18 
     6610.0   4.59335e-18 
     6612.5   4.42288e-18 
     6615.0   3.84596e-18 
     6617.5   3.37313e-18 
     6620.0   2.76553e-18 
     6622.5   4.69875e-18 
     6625.0   3.47687e-18 
     6627.5   2.37064e-18 
     6630.0   2.63834e-18 
     6632.5    3.7722e-18 
     6635.0   4.31764e-18 
     6637.5   3.82752e-18 
     6640.0   4.67532e-18 
     6642.5   5.34898e-18 
     6645.0   3.17396e-18 
     6647.5   4.61783e-18 
     6650.0   4.23803e-18 
     6652.5   4.07512e-18 
     6655.0   4.93039e-18 
     6657.5   3.91071e-18 
     6660.0   2.80351e-18 
     6662.5    3.6222e-18 
     6665.0   3.73479e-18 
     6667.5   1.34272e-18 
     6670.0   3.51935e-18 
     6672.5   3.23053e-18 
     6675.0   2.63973e-18 
     6677.5     2.526e-18 
     6680.0   4.01758e-18 
     6682.5   1.71277e-18 
     6685.0   7.20521e-18 
     6687.5   7.90374e-18 
     6690.0   7.98156e-18 
     6692.5   3.50787e-18 
     6695.0   3.35029e-18 
     6697.5   4.76883e-18 
     6700.0   4.33292e-18 
     6702.5   4.45175e-18 
     6705.0   4.77315e-18 
     6707.5   3.44333e-18 
     6710.0   4.22433e-18 
     6712.5   3.80829e-18 
     6715.0   4.06932e-18 
     6717.5    4.2575e-18 
     6720.0   4.00979e-18 
     6722.5   4.30306e-18 
     6725.0   2.94451e-18 
     6727.5   4.10035e-18 
     6730.0   3.76157e-18 
     6732.5   4.73076e-18 
     6735.0   5.55847e-18 
     6737.5    3.0389e-18 
     6740.0   2.65388e-18 
     6742.5   2.81489e-18 
     6745.0   2.76657e-18 
     6747.5   1.87593e-18 
     6750.0   2.76625e-18 
     6752.5   3.51038e-18 
     6755.0   4.12622e-18 
     6757.5   3.42641e-18 
     6760.0   4.23225e-18 
     6762.5   3.39391e-18 
     6765.0   3.36602e-18 
     6767.5   4.25166e-18 
     6770.0   2.74027e-18 
     6772.5     3.197e-18 
     6775.0   2.98067e-18 
     6777.5   3.05533e-18 
     6780.0    2.3495e-18 
     6782.5   3.99692e-18 
     6785.0   3.08201e-18 
     6787.5   4.76791e-18 
     6790.0   3.28063e-18 
     6792.5   4.20726e-18 
     6795.0   3.65136e-18 
     6797.5   3.69801e-18 
     6800.0   2.37012e-18 
     6802.5   3.70433e-18 
     6805.0   3.75021e-18 
     6807.5   3.62888e-18 
     6810.0    5.0345e-18 
     6812.5   3.74125e-18 
     6815.0   3.76008e-18 
     6817.5   3.32852e-18 
     6820.0   3.64816e-18 
     6822.5   4.41176e-18 
     6825.0   5.69075e-18 
     6827.5   4.77466e-18 
     6830.0   1.62382e-18 
     6832.5    4.2345e-19 
     6835.0   3.21784e-18 
     6837.5   3.19169e-18 
     6840.0   3.85653e-18 
     6842.5   3.14319e-18 
     6845.0   3.46261e-18 
     6847.5   4.56251e-18 
     6850.0    3.5472e-18 
     6852.5   4.16909e-18 
     6855.0   3.46265e-18 
     6857.5   2.97521e-18 
     6860.0   3.91234e-18 
     6862.5   3.31872e-18 
     6865.0   3.07797e-18 
     6867.5   3.76766e-18 
     6870.0   3.30021e-18 
     6872.5   3.57361e-18 
     6875.0   4.38852e-18 
     6877.5   3.58565e-18 
     6880.0   4.11712e-18 
     6882.5    3.7553e-18 
     6885.0   2.26954e-18 
     6887.5   2.86064e-18 
     6890.0   5.19251e-18 
     6892.5   4.29339e-18 
     6895.0    2.6606e-18 
     6897.5   3.17435e-18 
     6900.0   4.75881e-18 
     6902.5   2.17623e-18 
     6905.0   3.01156e-18 
     6907.5   4.49925e-18 
     6910.0   4.07094e-18 
     6912.5   5.11181e-18 
     6915.0   3.11568e-18 
     6917.5   2.97964e-18 
     6920.0   5.38198e-18 
     6922.5   4.29747e-18 
     6925.0   3.45265e-18 
     6927.5   1.63295e-18 
     6930.0   2.53109e-18 
     6932.5   4.48663e-18 
     6935.0   2.84418e-18 
     6937.5    3.7344e-18 
     6940.0   4.64835e-18 
     6942.5   3.16774e-18 
     6945.0   1.34099e-18 
     6947.5   2.28113e-18 
     6950.0   3.03299e-18 
     6952.5    1.9345e-18 
     6955.0   4.84279e-18 
     6957.5    4.7536e-18 
     6960.0    3.2184e-18 
     6962.5   3.12254e-18 
     6965.0   3.42337e-18 
     6967.5   4.26715e-18 
     6970.0   4.30494e-18 
     6972.5   4.95105e-18 
     6975.0   3.34054e-18 
     6977.5    4.8975e-18 
     6980.0   3.27256e-18 
     6982.5   2.87601e-18 
     6985.0   3.35385e-18 
     6987.5   4.00876e-18 
     6990.0   4.12716e-18 
     6992.5   4.53392e-18 
     6995.0   5.60558e-18 
     6997.5    5.3792e-18 
     7000.0   3.66475e-18 
     7002.5    4.2931e-18 
     7005.0    3.5586e-18 
     7007.5   2.68846e-18 
     7010.0   4.92891e-18 
     7012.5   5.34068e-18 
     7015.0   3.07502e-18 
     7017.5   5.18606e-18 
     7020.0   4.01195e-18 
     7022.5   4.28491e-18 
     7025.0   3.92661e-18 
     7027.5   4.29642e-18 
     7030.0    5.8464e-18 
     7032.5   3.93878e-18 
     7035.0   5.58698e-18 
     7037.5   5.45519e-18 
     7040.0   3.74463e-18 
     7042.5   3.32723e-18 
     7045.0    4.0466e-18 
     7047.5   5.64353e-18 
     7050.0   4.70334e-18 
     7052.5   4.48023e-18 
     7055.0   4.64185e-18 
     7057.5   5.74096e-18 
     7060.0   4.86721e-18 
     7062.5   4.51837e-18 
     7065.0   5.09347e-18 
     7067.5   3.66459e-18 
     7070.0   4.66684e-18 
     7072.5   6.01434e-18 
     7075.0   4.99099e-18 
     7077.5   4.91603e-18 
     7080.0   6.35803e-18 
     7082.5   5.65587e-18 
     7085.0   5.29168e-18 
     7087.5   6.79668e-18 
     7090.0   5.22341e-18 
     7092.5   5.72613e-18 
     7095.0   5.88024e-18 
     7097.5   5.03428e-18 
     7100.0   2.50781e-18 
     7102.5   3.91069e-18 
     7105.0   5.53179e-18 
     7107.5   4.02793e-18 
     7110.0    6.2665e-18 
     7112.5   6.12734e-18 
     7115.0   4.23135e-18 
     7117.5   3.21673e-18 
     7120.0   5.88608e-18 
     7122.5   5.08581e-18 
     7125.0   5.14507e-18 
     7127.5   2.30879e-18 
     7130.0   4.02823e-18 
     7132.5   4.51178e-18 
     7135.0   5.03049e-18 
     7137.5   3.96036e-18 
     7140.0   4.91074e-18 
     7142.5    4.7583e-18 
     7145.0   4.77103e-18 
     7147.5   4.03903e-18 
     7150.0   5.80354e-18 
     7152.5   5.10728e-18 
     7155.0   4.58549e-18 
     7157.5   4.71007e-18 
     7160.0   4.52131e-18 
     7162.5   3.17596e-18 
     7165.0   3.33737e-18 
     7167.5   4.68852e-18 
     7170.0   3.15249e-18 
     7172.5   4.07941e-18 
     7175.0   3.93627e-18 
     7177.5   3.45761e-18 
     7180.0   4.25123e-18 
     7182.5   2.86128e-18 
     7185.0   2.74173e-18 
     7187.5   2.92582e-18 
     7190.0   2.70049e-18 
     7192.5   2.44159e-18 
     7195.0   3.01089e-18 
     7197.5   3.94581e-18 
     7200.0   4.20714e-18 
     7202.5   3.51289e-18 
     7205.0   3.78048e-18 
     7207.5   4.00508e-18 
     7210.0   3.81336e-18 
     7212.5   3.80752e-18 
     7215.0   2.95881e-18 
     7217.5   3.81443e-18 
     7220.0   3.84479e-18 
     7222.5   2.90214e-18 
     7225.0   3.59363e-18 
     7227.5    3.2101e-18 
     7230.0   3.82405e-18 
     7232.5   3.53713e-18 
     7235.0   4.32212e-18 
     7237.5   2.31174e-18 
     7240.0   4.07923e-18 
     7242.5   2.89874e-18 
     7245.0   2.13722e-18 
     7247.5   3.93921e-18 
     7250.0   4.02537e-18 
     7252.5   3.85598e-18 
     7255.0   2.72039e-18 
     7257.5   2.91605e-18 
     7260.0   3.41886e-18 
     7262.5   3.66123e-18 
     7265.0   2.80753e-18 
     7267.5    5.1546e-18 
     7270.0   4.42664e-18 
     7272.5   5.22362e-18 
     7275.0   3.26204e-18 
     7277.5   2.41494e-18 
     7280.0   2.56994e-18 
     7282.5   3.74907e-18 
     7285.0     2.588e-18 
     7287.5   3.09669e-18 
     7290.0    3.3798e-18 
     7292.5   2.42895e-18 
     7295.0   2.80077e-18 
     7297.5   4.70561e-18 
     7300.0    3.3723e-18 
     7302.5   4.22856e-18 
     7305.0   2.15274e-18 
     7307.5   3.87981e-18 
     7310.0   3.34617e-18 
     7312.5   3.38034e-18 
     7315.0   4.07238e-18 
     7317.5   4.14174e-18 
     7320.0   7.53495e-19 
     7322.5   2.18729e-18 
     7325.0   3.16406e-18 
     7327.5    3.9312e-18 
     7330.0   3.15584e-18 
     7332.5   4.76576e-18 
     7335.0   3.86012e-18 
     7337.5   3.36007e-18 
     7340.0   4.08588e-18 
     7342.5   4.11524e-18 
     7345.0   2.26599e-18 
     7347.5   2.48767e-18 
     7350.0   2.89479e-18 
     7352.5   2.30005e-18 
     7355.0   4.83694e-18 
     7357.5   4.89748e-18 
     7360.0   4.33938e-18 
     7362.5   2.85483e-18 
     7365.0   2.55715e-18 
     7367.5   1.53587e-18 
     7370.0   9.62314e-18 
     7372.5   2.27498e-17 
     7375.0    2.4151e-17 
     7377.5   1.36431e-17 
     7380.0   5.01759e-18 
     7382.5   3.13552e-18 
     7385.0   3.26501e-18 
     7387.5   3.73392e-18 
     7390.0   2.81254e-18 
     7392.5   3.65251e-18 
     7395.0    4.2171e-18 
     7397.5    3.9051e-18 
     7400.0   5.12111e-18 
     7402.5   3.85039e-18 
     7405.0   1.89903e-18 
     7407.5   2.72974e-18 
     7410.0   4.31774e-18 
     7412.5   2.83146e-18 
     7415.0   3.12865e-18 
     7417.5   2.17335e-18 
     7420.0   4.03851e-18 
     7422.5   2.98617e-18 
     7425.0   2.65117e-18 
     7427.5     3.897e-18 
     7430.0   4.78868e-18 
     7432.5   3.16205e-18 
     7435.0   3.06003e-18 
     7437.5    4.5265e-18 
     7440.0   1.44023e-18 
     7442.5   3.52867e-18 
     7445.0   3.44812e-18 
     7447.5   3.23119e-18 
     7450.0   3.19943e-18 
     7452.5   3.97341e-18 
     7455.0   4.14072e-18 
     7457.5   3.15953e-18 
     7460.0   2.09598e-18 
     7462.5   3.30809e-18 
     7465.0   2.14821e-18 
     7467.5    2.4712e-18 
     7470.0   2.66899e-18 
     7472.5   4.37609e-18 
     7475.0   1.51052e-18 
     7477.5   3.44029e-18 
     7480.0   3.63799e-18 
     7482.5    2.7968e-18 
     7485.0   4.09205e-18 
     7487.5    3.6019e-18 
     7490.0   3.31928e-18 
     7492.5   5.02223e-18 
     7495.0   4.14235e-18 
     7497.5   3.75152e-18 
     7500.0    3.2836e-18 
     7502.5   1.98591e-18 
     7505.0   3.29873e-18 
     7507.5   3.06996e-18 
     7510.0   1.54946e-18 
     7512.5   2.36106e-18 
     7515.0   2.65815e-18 
     7517.5   3.88951e-18 
     7520.0   2.48507e-18 
     7522.5   5.42698e-18 
     7525.0   2.73431e-18 
     7527.5   1.43257e-18 
     7530.0   2.79467e-18 
     7532.5   3.64996e-18 
     7535.0   3.65679e-18 
     7537.5   3.33013e-18 
     7540.0   2.94608e-18 
     7542.5   4.76889e-18 
     7545.0   7.81236e-18 
     7547.5   6.15256e-18 
     7550.0   4.39342e-18 
     7552.5   2.70199e-18 
     7555.0   3.94981e-18 
     7557.5   4.57454e-18 
     7560.0   4.33727e-18 
     7562.5   5.23978e-18 
     7565.0   5.21947e-18 
     7567.5   3.13184e-18 
     7570.0   2.56926e-18 
     7572.5   4.71278e-18 
     7575.0   2.89338e-18 
     7577.5   3.69549e-18 
     7580.0   3.60205e-18 
     7582.5   2.52046e-18 
     7585.0   2.29638e-18 
     7587.5   3.65466e-18 
     7590.0   3.30562e-18 
     7592.5   3.13807e-18 
     7595.0   3.44267e-18 
     7597.5   3.54713e-18 
     7600.0   4.37729e-18 
     7602.5   4.60032e-18 
     7605.0   7.89594e-19 
     7607.5   2.76393e-18 
     7610.0   3.27539e-18 
     7612.5   1.94832e-18 
     7615.0    2.4848e-18 
     7617.5   4.12113e-18 
     7620.0   4.28994e-18 
     7622.5   3.82772e-18 
     7625.0   4.96308e-18 
     7627.5   4.48626e-18 
     7630.0   3.71518e-18 
     7632.5   4.22165e-18 
     7635.0    2.4057e-18 
     7637.5   1.88696e-18 
     7640.0   3.85453e-18 
     7642.5   3.64455e-18 
     7645.0   3.03532e-18 
     7647.5   3.41801e-18 
     7650.0   2.62685e-18 
     7652.5   2.78106e-18 
     7655.0   2.79148e-18 
     7657.5   2.64245e-18 
     7660.0   3.17507e-18 
     7662.5   2.88397e-18 
     7665.0   3.50619e-18 
     7667.5   3.21587e-18 
     7670.0   3.70283e-18 
     7672.5   3.30648e-18 
     7675.0   3.30989e-18 
     7677.5   3.05894e-18 
     7680.0   3.20548e-18 
     7682.5   4.47085e-18 
     7685.0   3.64721e-18 
     7687.5   3.37505e-18 
     7690.0    3.8101e-18 
     7692.5   4.01941e-18 
     7695.0   2.45524e-18 
     7697.5   4.21396e-18 
     7700.0   3.23097e-18 
     7702.5   2.82117e-18 
     7705.0   1.73586e-18 
     7707.5   2.63891e-18 
     7710.0   3.69278e-18 
     7712.5   4.75092e-18 
     7715.0    4.1483e-18 
     7717.5   3.89844e-18 
     7720.0      4.19e-18 
     7722.5   2.10546e-18 
     7725.0    3.6795e-18 
     7727.5   2.01958e-18 
     7730.0   1.42717e-18 
     7732.5    2.6421e-18 
     7735.0    2.9006e-18 
     7737.5   1.69751e-18 
     7740.0   7.93272e-19 
     7742.5   3.48689e-18 
     7745.0    3.1206e-18 
     7747.5   3.98475e-18 
     7750.0   1.25504e-18 
     7752.5   3.57126e-18 
     7755.0   3.84201e-18 
     7757.5   2.38432e-18 
     7760.0   3.08668e-18 
     7762.5   4.17392e-18 
     7765.0   3.13806e-18 
     7767.5    3.0789e-18 
     7770.0   3.29971e-18 
     7772.5   2.35345e-18 
     7775.0   2.42308e-18 
     7777.5   2.23958e-18 
     7780.0   2.34394e-18 
     7782.5   1.96941e-18 
     7785.0   3.82838e-18 
     7787.5   2.85711e-18 
     7790.0   3.14064e-18 
     7792.5   2.77658e-18 
     7795.0    1.2106e-18 
     7797.5   2.14676e-18 
     7800.0   3.02602e-18 
     7802.5   3.71861e-18 
     7805.0   3.20297e-18 
     7807.5   4.30782e-18 
     7810.0   2.75376e-18 
     7812.5   3.34355e-18 
     7815.0   3.35813e-18 
     7817.5   2.92831e-18 
     7820.0   3.13981e-18 
     7822.5   4.12116e-18 
     7825.0    1.6204e-18 
     7827.5   1.59524e-18 
     7830.0   3.26136e-18 
     7832.5   2.44999e-18 
     7835.0     2.581e-18 
     7837.5   3.38787e-18 
     7840.0   1.77384e-18 
     7842.5   2.14813e-18 
     7845.0   2.66059e-18 
     7847.5    3.3571e-18 
     7850.0   2.27363e-18 
     7852.5    3.5668e-18 
     7855.0  -6.29585e-19 
     7857.5    3.5191e-18 
     7860.0   4.03929e-18 
     7862.5   3.05779e-18 
     7865.0   4.30575e-18 
     7867.5    2.3831e-18 
     7870.0   4.93237e-18 
     7872.5   1.22239e-18 
     7875.0   1.95165e-18 
     7877.5   3.22211e-18 
     7880.0   3.23513e-18 
     7882.5   3.02297e-18 
     7885.0   2.14594e-18 
     7887.5   2.65826e-18 
     7890.0   2.46181e-18 
     7892.5   1.20063e-18 
     7895.0   4.07808e-18 
     7897.5   1.84979e-18 
     7900.0   3.55465e-18 
     7902.5   3.62439e-18 
     7905.0   3.28903e-18 
     7907.5   2.49831e-18 
     7910.0   1.62002e-18 
     7912.5   2.98937e-18 
     7915.0   1.75301e-18 
     7917.5   1.44763e-18 
     7920.0   2.74951e-18 
     7922.5   3.95135e-18 
     7925.0   1.38318e-18 
     7927.5   2.16719e-18 
     7930.0   1.56923e-18 
     7932.5   3.99675e-18 
     7935.0   1.78347e-18 
     7937.5   1.79381e-18 
     7940.0   3.33735e-18 
     7942.5   2.23582e-18 
     7945.0   2.50245e-18 
     7947.5   2.57748e-18 
     7950.0   2.95109e-18 
     7952.5   1.79562e-18 
     7955.0    1.5412e-18 
     7957.5   2.50988e-18 
     7960.0   2.90115e-18 
     7962.5   2.94626e-18 
     7965.0   2.33431e-18 
     7967.5   5.19536e-18 
     7970.0   2.78226e-18 
     7972.5   3.33964e-18 
     7975.0   3.58217e-18 
     7977.5   3.54538e-18 
     7980.0   3.95582e-18 
     7982.5   3.90764e-18 
     7985.0   2.07363e-18 
     7987.5   4.39393e-18 
     7990.0   3.22484e-18 
     7992.5   5.16973e-18 
     7995.0   2.58241e-18 
     7997.5   7.18306e-19 
     8000.0    2.2347e-18 
     8002.5   3.18639e-18 
     8005.0   3.97262e-18 
     8007.5   3.36081e-18 
     8010.0   2.50393e-18 
     8012.5   2.72249e-18 
     8015.0   3.14591e-18 
     8017.5   3.54317e-18 
     8020.0   3.89846e-18 
     8022.5   3.95354e-18 
     8025.0   3.68541e-18 
     8027.5   5.68754e-18 
     8030.0   4.17756e-18 
     8032.5    2.8065e-18 
     8035.0   2.64952e-18 
     8037.5   3.19652e-18 
     8040.0   3.23625e-18 
     8042.5   1.96806e-18 
     8045.0   2.72721e-18 
     8047.5   2.72936e-18 
     8050.0   3.94062e-18 
     8052.5   3.94097e-18 
     8055.0   2.68103e-18 
     8057.5   1.87529e-18 
     8060.0   1.14597e-18 
     8062.5   2.32377e-18 
     8065.0   2.45267e-18 
     8067.5   2.82216e-18 
     8070.0   3.20465e-18 
     8072.5   3.08859e-18 
     8075.0   2.98485e-18 
     8077.5    4.0923e-18 
     8080.0   3.53098e-18 
     8082.5   2.25779e-18 
     8085.0   4.25335e-18 
     8087.5   2.40095e-18 
     8090.0    2.8618e-18 
     8092.5    2.2376e-18 
     8095.0   3.24348e-18 
     8097.5   2.70665e-18 
     8100.0   1.80199e-18 
     8102.5   2.12477e-18 
     8105.0    4.0799e-18 
     8107.5   3.23298e-18 
     8110.0   2.91194e-18 
     8112.5   2.94733e-18 
     8115.0   2.56777e-18 
     8117.5    3.2271e-18 
     8120.0   3.76611e-18 
     8122.5   3.59183e-18 
     8125.0   2.39589e-18 
     8127.5   2.42711e-18 
     8130.0   2.97778e-18 
     8132.5   3.78259e-18 
     8135.0   3.33255e-18 
     8137.5   3.43791e-18 
     8140.0   3.93187e-18 
     8142.5   4.35134e-18 
     8145.0   3.49018e-18 
     8147.5    1.9321e-18 
     8150.0   3.54065e-18 
     8152.5   4.27339e-18 
     8155.0   3.59224e-18 
     8157.5   4.07953e-18 
     8160.0   4.26288e-18 
     8162.5    3.7655e-18 
     8165.0   3.81418e-18 
     8167.5    3.4697e-18 
     8170.0   3.61144e-18 
     8172.5   3.67719e-18 
     8175.0   5.12466e-18 
     8177.5   4.46899e-18 
     8180.0   3.75152e-18 
     8182.5   5.07091e-18 
     8185.0   4.01885e-18 
     8187.5    5.4065e-18 
     8190.0   3.18987e-18 
     8192.5   4.86742e-18 
     8195.0   3.91232e-18 
     8197.5     3.523e-18 
     8200.0   3.99779e-18 
     8202.5     3.594e-18 
     8205.0   4.31369e-18 
     8207.5    4.6807e-18 
     8210.0   5.34479e-18 
     8212.5   4.50968e-18 
     8215.0   3.99714e-18 
     8217.5   4.94227e-18 
     8220.0   5.66268e-18 
     8222.5   5.15333e-18 
     8225.0   6.06899e-18 
     8227.5   4.13983e-18 
     8230.0   4.77808e-18 
     8232.5   3.71748e-18 
     8235.0   4.27692e-18 
     8237.5   4.87951e-18 
     8240.0   4.25754e-18 
     8242.5   3.65127e-18 
     8245.0   3.57623e-18 
     8247.5   2.07665e-18 
     8250.0   5.02065e-18 
     8252.5   4.00131e-18 
     8255.0   4.25224e-18 
     8257.5   4.80794e-18 
     8260.0   3.64261e-18 
     8262.5   3.97248e-18 
     8265.0   2.01952e-18 
     8267.5   4.11595e-18 
     8270.0    2.3817e-18 
     8272.5   2.90657e-18 
     8275.0   2.99378e-18 
     8277.5   4.56699e-18 
     8280.0   5.67596e-18 
     8282.5    3.2178e-18 
     8285.0   4.01779e-18 
     8287.5   4.30322e-18 
     8290.0   5.58993e-18 
     8292.5   3.74282e-18 
     8295.0   4.37255e-18 
     8297.5   5.18017e-18 
     8300.0   3.11027e-18 
     8302.5   3.52519e-18 
     8305.0   2.81379e-18 
     8307.5   5.30753e-18 
     8310.0   4.68009e-18 
     8312.5   3.92914e-18 
     8315.0   5.43996e-18 
     8317.5    3.4703e-18 
     8320.0     2.511e-18 
     8322.5   3.22936e-18 
     8325.0   4.14258e-18 
     8327.5    3.5643e-18 
     8330.0    2.4795e-18 
     8332.5   3.72372e-18 
     8335.0   3.32878e-18 
     8337.5   4.50122e-18 
     8340.0   2.63279e-18 
     8342.5   3.86725e-18 
     8345.0   6.47503e-18 
     8347.5  -1.11558e-19 
     8350.0   2.44396e-18 
     8352.5   2.80631e-18 
     8355.0   4.35461e-18 
     8357.5   2.19291e-18 
     8360.0   2.12723e-18 
     8362.5   2.21453e-18 
     8365.0   4.23145e-18 
     8367.5    2.4383e-18 
     8370.0   4.07301e-18 
     8372.5   4.07926e-18 
     8375.0    4.2095e-18 
     8377.5   1.86494e-18 
     8380.0    4.2831e-18 
     8382.5   2.81548e-18 
     8385.0   4.19298e-18 
     8387.5     3.603e-18 
     8390.0   2.26861e-18 
     8392.5    3.7856e-18 
     8395.0   2.78408e-18 
     8397.5   5.88412e-18 
     8400.0   6.82264e-18 
     8402.5   3.24504e-18 
     8405.0   2.52119e-18 
     8407.5   2.49494e-18 
     8410.0   2.52539e-18 
     8412.5   2.46408e-18 
     8415.0   2.01913e-18 
     8417.5   2.54748e-18 
     8420.0   2.81797e-18 
     8422.5   2.88029e-18 
     8425.0    3.4087e-18 
     8427.5    5.3251e-18 
     8430.0   2.91017e-18 
     8432.5   2.03446e-18 
     8435.0   1.61664e-18 
     8437.5   1.45568e-18 
     8440.0   3.58127e-18 
     8442.5   3.07527e-18 
     8445.0   1.95112e-18 
     8447.5   2.34764e-18 
     8450.0   3.91735e-18 
     8452.5   3.65161e-18 
     8455.0   4.15109e-18 
     8457.5   3.11435e-18 
     8460.0   2.95369e-18 
     8462.5    5.5934e-18 
     8465.0   6.86166e-18 
     8467.5  -3.86235e-19 
     8470.0   3.27657e-18 
     8472.5   4.26315e-18 
     8475.0   3.17977e-18 
     8477.5   3.19407e-18 
     8480.0   3.38023e-18 
     8482.5   2.94909e-18 
     8485.0   2.77513e-18 
     8487.5   2.18702e-18 
     8490.0   4.07095e-18 
     8492.5   2.75199e-18 
     8495.0   2.68609e-18 
     8497.5   3.67938e-18 
     8500.0   3.86812e-18 
     8502.5   2.20788e-18 
     8505.0   4.86737e-18 
     8507.5   2.42363e-18 
     8510.0   1.59234e-18 
     8512.5   2.73217e-18 
     8515.0   2.31687e-18 
     8517.5   3.71272e-18 
     8520.0   2.27497e-18 
     8522.5   2.47953e-18 
     8525.0   2.31675e-18 
     8527.5   3.16529e-18 
     8530.0   1.93854e-18 
     8532.5   3.46952e-18 
     8535.0   3.53461e-18 
     8537.5   2.78059e-18 
     8540.0   2.45024e-18 
     8542.5    1.7881e-18 
     8545.0   3.24922e-18 
     8547.5   3.25556e-18 
     8550.0   3.63307e-18 
     8552.5   5.73819e-18 
     8555.0   2.95714e-18 
     8557.5   2.18541e-18 
     8560.0   2.82944e-18 
     8562.5   4.35685e-18 
     8565.0   2.43172e-18 
     8567.5   2.55005e-18 
     8570.0   4.02971e-18 
     8572.5   3.30197e-18 
     8575.0    3.7504e-18 
     8577.5   3.13152e-18 
     8580.0   2.03711e-18 
     8582.5   2.62471e-18 
     8585.0   2.92669e-18 
     8587.5   3.65731e-18 
     8590.0   3.34278e-18 
     8592.5   1.80981e-18 
     8595.0   3.37394e-18 
     8597.5   3.69134e-18 
     8600.0    3.6493e-18 
     8602.5   3.57727e-18 
     8605.0   3.50315e-18 
     8607.5   2.06974e-18 
     8610.0   3.54511e-18 
     8612.5   2.75354e-18 
     8615.0   2.88206e-18 
     8617.5   2.01987e-18 
     8620.0   4.84414e-18 
     8622.5   2.66533e-18 
     8625.0   3.63411e-18 
     8627.5   2.85114e-18 
     8630.0   4.97321e-18 
     8632.5   1.49392e-18 
     8635.0   2.23052e-18 
     8637.5   3.84734e-18 
     8640.0   1.09668e-18 
     8642.5   3.06103e-18 
     8645.0   3.50161e-18 
     8647.5   2.83634e-18 
     8650.0    4.4045e-18 
     8652.5   3.80363e-18 
     8655.0   1.68282e-18 
     8657.5   3.04457e-18 
     8660.0   4.84781e-18 
     8662.5   3.13538e-18 
     8665.0   1.28284e-18 
     8667.5     3.679e-18 
     8670.0   4.19602e-18 
     8672.5   3.13773e-18 
     8675.0   4.28858e-18 
     8677.5   2.27741e-18 
     8680.0   3.70707e-18 
     8682.5   2.62931e-18 
     8685.0   2.17024e-18 
     8687.5    3.1745e-18 
     8690.0   2.71637e-18 
     8692.5   2.87096e-18 
     8695.0   2.19129e-18 
     8697.5    4.1405e-18 
     8700.0   2.41482e-18 
     8702.5   3.42991e-18 
     8705.0   2.95305e-18 
     8707.5   4.19157e-18 
     8710.0   3.17918e-18 
     8712.5   4.26985e-18 
     8715.0   3.91819e-18 
     8717.5   3.17793e-18 
     8720.0   2.78801e-18 
     8722.5   2.75083e-18 
     8725.0   3.64555e-18 
     8727.5   5.23631e-18 
     8730.0   3.52055e-18 
     8732.5   3.68337e-18 
     8735.0   3.39114e-18 
     8737.5   3.54424e-18 
     8740.0   3.55956e-18 
     8742.5   4.34968e-18 
     8745.0   4.01767e-18 
     8747.5   3.68491e-18 
     8750.0   4.61575e-18 
     8752.5   3.02558e-18 
     8755.0   2.76813e-18 
     8757.5   2.92864e-18 
     8760.0    4.7678e-18 
     8762.5   3.49563e-18 
     8765.0   3.63147e-18 
     8767.5   3.39059e-18 
     8770.0   5.67686e-18 
     8772.5   4.78942e-18 
     8775.0    3.7866e-18 
     8777.5   3.14015e-18 
     8780.0   1.86036e-18 
     8782.5    2.4749e-18 
     8785.0   2.60337e-18 
     8787.5   3.32858e-18 
     8790.0   5.50387e-18 
     8792.5   3.48134e-18 
     8795.0   3.29914e-18 
     8797.5   2.73941e-18 
     8800.0   3.83051e-18 
     8802.5   4.01937e-18 
     8805.0    2.6667e-18 
     8807.5   3.39247e-18 
     8810.0   2.33213e-18 
     8812.5   3.88823e-18 
     8815.0   2.77377e-18 
     8817.5   3.07629e-18 
     8820.0   2.53312e-18 
     8822.5   2.88384e-18 
     8825.0   5.01789e-18 
     8827.5    5.6028e-18 
     8830.0   5.13798e-18 
     8832.5   7.98274e-19 
     8835.0   3.75129e-18 
     8837.5   5.22206e-18 
     8840.0   1.80283e-18 
     8842.5   3.59599e-18 
     8845.0    3.2948e-18 
     8847.5   4.84163e-18 
     8850.0   1.65754e-18 
     8852.5   3.26535e-18 
     8855.0   2.33989e-18 
     8857.5   2.84476e-18 
     8860.0   3.37925e-18 
     8862.5   2.96998e-18 
     8865.0   3.12903e-18 
     8867.5   2.89232e-18 
     8870.0   5.07896e-18 
     8872.5   2.90536e-18 
     8875.0    2.5432e-18 
     8877.5   3.38964e-18 
     8880.0   1.64063e-18 
     8882.5   3.35246e-18 
     8885.0   1.88044e-18 
     8887.5   7.67272e-18 
     8890.0   5.96331e-18 
     8892.5   5.51757e-18 
     8895.0   3.59755e-18 
     8897.5   3.54106e-18 
     8900.0   3.85694e-18 
     8902.5   7.04669e-18 
     8905.0   4.17365e-18 
     8907.5   3.30156e-18 
     8910.0   1.02814e-18 
     8912.5   2.06945e-18 
     8915.0    2.4217e-18 
     8917.5    2.1939e-18 
     8920.0   7.69913e-18 
     8922.5   6.21932e-18 
     8925.0   4.09211e-18 
     8927.5   3.24462e-18 
     8930.0   3.39531e-18 
     8932.5    3.9922e-18 
     8935.0   1.36059e-18 
     8937.5   3.29382e-18 
     8940.0    3.8411e-18 
     8942.5   5.18443e-18 
     8945.0   5.29605e-18 
     8947.5   2.21187e-18 
     8950.0   2.79012e-18 
     8952.5   3.78167e-18 
     8955.0   4.84587e-18 
     8957.5   3.70244e-18 
     8960.0   5.28929e-18 
     8962.5   1.62576e-18 
     8965.0   1.00665e-17 
     8967.5   4.03624e-18 
     8970.0   3.78201e-18 
     8972.5   3.10989e-18 
     8975.0   3.36452e-18 
     8977.5   1.65151e-18 
     8980.0    3.5058e-18 
     8982.5   4.00223e-18 
     8985.0   2.33242e-18 
     8987.5   5.00261e-18 
     8990.0   1.10724e-18 
     8992.5   1.75428e-18 
     8995.0   3.44619e-18 
     8997.5   3.97732e-18 
     9000.0   4.52884e-18 
     9002.5    4.1722e-18 
     9005.0   2.12767e-18 
     9007.5   2.93229e-18 
     9010.0   1.43332e-18 
     9012.5   2.59185e-18 
     9015.0   2.67742e-18 
     9017.5   2.85514e-18 
     9020.0   2.59794e-18 
     9022.5   3.29751e-18 
     9025.0   4.59196e-18 
     9027.5    2.4813e-18 
     9030.0   2.37384e-18 
     9032.5   4.17255e-18 
     9035.0   2.11258e-18 
     9037.5   4.79279e-18 
     9040.0   2.73441e-18 
     9042.5   2.38785e-18 
     9045.0   3.69717e-18 
     9047.5   4.59425e-18 
     9050.0    3.1541e-18 
     9052.5   2.64957e-18 
     9055.0   1.44954e-18 
     9057.5   3.77758e-18 
     9060.0   1.74627e-18 
     9062.5   2.58688e-18 
     9065.0   2.74982e-18 
     9067.5   3.20455e-18 
     9070.0   2.55277e-18 
     9072.5   2.27026e-18 
     9075.0   4.30795e-18 
     9077.5   2.82013e-18 
     9080.0    2.2355e-18 
     9082.5   1.64811e-18 
     9085.0   3.25784e-18 
     9087.5   3.06102e-18 
     9090.0   3.46546e-18 
     9092.5   2.81611e-18 
     9095.0   3.22316e-18 
     9097.5   2.40966e-18 
     9100.0    2.5493e-18 
     9102.5   2.13203e-18 
     9105.0   3.15706e-18 
     9107.5   3.30282e-18 
     9110.0    3.5462e-18 
     9112.5   2.79753e-18 
     9115.0   2.87006e-18 
     9117.5   3.13854e-18 
     9120.0   2.37372e-18 
     9122.5   2.08674e-18 
     9125.0   1.69018e-18 
     9127.5   9.51929e-19 
     9130.0   3.34537e-18 
     9132.5    3.2231e-18 
     9135.0   2.75083e-18 
     9137.5   2.36586e-18 
     9140.0   2.61467e-18 
     9142.5   1.66171e-18 
     9145.0   2.12993e-18 
     9147.5   1.93581e-18 
     9150.0   2.98017e-18 
     9152.5   2.15665e-18 
     9155.0   3.44906e-18 
     9157.5   2.39901e-18 
     9160.0   2.10586e-18 
     9162.5   3.39031e-18 
     9165.0   2.25135e-18 
     9167.5   2.87053e-18 
     9170.0    1.9862e-18 
     9172.5   3.36949e-18 
     9175.0   3.07249e-18 
     9177.5   2.44802e-18 
     9180.0   3.15208e-18 
     9182.5   3.31537e-18 
     9185.0   4.26928e-18 
     9187.5   3.51504e-18 
     9190.0    3.4552e-18 
     9192.5   2.96655e-18 
     9195.0   3.26478e-18 
     9197.5   2.12318e-18 
     9200.0   2.82818e-18 
     9202.5   4.28421e-18 
     9205.0    3.3067e-18 
     9207.5   2.11375e-18 
     9210.0   2.28102e-18 
     9212.5   2.70484e-18 
     9215.0    2.5307e-18 
     9217.5   1.23047e-18 
     9220.0   3.24314e-18 
     9222.5   2.80348e-18 
     9225.0   3.66737e-18 
     9227.5    3.7321e-18 
     9230.0   1.99809e-18 
     9232.5   3.75443e-18 
     9235.0   2.93799e-18 
     9237.5   3.54261e-18 
     9240.0   3.70285e-18 
     9242.5    2.2932e-18 
     9245.0   3.41985e-18 
     9247.5   2.72466e-18 
     9250.0    2.9541e-18 
     9252.5   3.34672e-18 
     9255.0   4.04182e-18 
     9257.5   3.04921e-18 
     9260.0   3.34058e-18 
     9262.5   1.95651e-18 
     9265.0   2.17927e-18 
     9267.5   2.23244e-18 
     9270.0   2.25485e-18 
     9272.5   3.61472e-18 
     9275.0   2.59111e-18 
     9277.5   2.45151e-18 
     9280.0   2.54051e-18 
     9282.5   2.66325e-18 
     9285.0   2.76073e-18 
     9287.5   4.18385e-18 
     9290.0   2.83348e-18 
     9292.5   2.47346e-18 
     9295.0   3.36317e-18 
     9297.5   3.92495e-18 
     9300.0   1.45413e-18 
     9302.5   2.85588e-18 
     9305.0   3.24183e-18 
     9307.5   6.73716e-18 
     9310.0   7.05999e-18 
     9312.5   9.21704e-18 
     9315.0   1.24699e-17 
     9317.5   1.56021e-18 
     9320.0   2.35355e-18 
     9322.5   4.45365e-18 
     9325.0    2.7836e-18 
     9327.5   3.37076e-19 
     9330.0   2.14401e-18 
     9332.5   2.94627e-18 
     9335.0   5.82336e-18 
     9337.5   4.36917e-18 
     9340.0   3.37904e-18 
     9342.5   6.13014e-18 
     9345.0   2.17063e-18 
     9347.5   2.32395e-18 
     9350.0    4.5106e-18 
     9352.5   4.86633e-18 
     9355.0   2.62596e-18 
     9357.5    3.1768e-18 
     9360.0   2.51444e-18 
     9362.5   2.75614e-18 
     9365.0   4.42552e-18 
     9367.5   2.91204e-18 
     9370.0    1.5578e-18 
     9372.5   1.23462e-18 
     9375.0   1.64037e-17 
     9377.5   1.15455e-17 
     9380.0   8.46995e-18 
     9382.5   1.62147e-17 
     9385.0   1.28988e-17 
     9387.5   1.35097e-18 
     9390.0   3.90786e-18 
     9392.5   1.16426e-18 
     9395.0   1.90881e-18 
     9397.5   2.21706e-18 
     9400.0   1.57929e-18 
     9402.5   5.04931e-18 
     9405.0   3.35264e-18 
     9407.5   2.74458e-18 
     9410.0    2.0668e-18 
     9412.5   2.46332e-18 
     9415.0   2.53699e-18 
     9417.5   5.51742e-18 
     9420.0   2.49836e-18 
     9422.5   8.01307e-18 
     9425.0   4.64879e-18 
     9427.5   1.89884e-18 
     9430.0    1.9026e-18 
     9432.5   2.78474e-18 
     9435.0   2.18568e-18 
     9437.5    7.3219e-18 
     9440.0   5.31525e-18 
     9442.5   4.00782e-18 
     9445.0   7.14245e-18 
     9447.5   5.91508e-18 
     9450.0   3.47167e-18 
     9452.5   4.09488e-18 
     9455.0   2.49152e-18 
     9457.5   1.24463e-18 
     9460.0    5.9579e-19 
     9462.5   2.58392e-18 
     9465.0   2.73009e-18 
     9467.5   3.56878e-18 
     9470.0   3.64418e-18 
     9472.5   4.02402e-18 
     9475.0   6.95088e-18 
     9477.5   2.29539e-18 
     9480.0   3.68136e-18 
     9482.5   3.72617e-18 
     9485.0   7.86062e-18 
     9487.5   3.81916e-18 
     9490.0    3.8459e-18 
     9492.5   3.16632e-18 
     9495.0   3.35301e-18 
     9497.5   2.88716e-18 
     9500.0   1.38114e-18 
     9502.5   2.77526e-18 
     9505.0   1.43501e-18 
     9507.5   2.42009e-18 
     9510.0   3.98575e-18 
     9512.5   3.40179e-18 
     9515.0   1.09194e-18 
     9517.5   4.18208e-18 
     9520.0   8.98567e-18 
     9522.5   1.40712e-18 
     9525.0   1.75392e-18 
     9527.5   4.11596e-18 
     9530.0   4.08285e-18 
     9532.5   3.27042e-18 
     9535.0   2.89499e-18 
     9537.5   3.82924e-18 
     9540.0   4.62453e-18 
     9542.5   3.65466e-18 
     9545.0   3.13314e-18 
     9547.5   4.81574e-18 
     9550.0   5.43378e-18 
     9552.5   6.82927e-18 
     9555.0   5.18653e-18 
     9557.5   5.63792e-18 
     9560.0   4.44392e-18 
     9562.5   3.95747e-18 
     9565.0   6.08639e-18 
     9567.5  -2.29248e-18 
     9570.0   6.21758e-18 
     9572.5     3.757e-18 
     9575.0   4.14261e-18 
     9577.5   2.98409e-18 
     9580.0   3.21668e-18 
     9582.5    2.9839e-18 
     9585.0   5.07521e-18 
     9587.5   3.68058e-18 
     9590.0   3.01365e-18 
     9592.5   2.97573e-18 
     9595.0   1.85152e-18 
     9597.5   1.39065e-18 
     9600.0   2.59013e-18 
     9602.5   2.99315e-18 
     9605.0   4.35732e-18 
     9607.5   3.17238e-18 
     9610.0   4.72182e-18 
     9612.5   3.35416e-18 
     9615.0   3.08217e-18 
     9617.5    4.2428e-18 
     9620.0   4.00006e-18 
     9622.5   5.79115e-18 
     9625.0   3.00268e-18 
     9627.5   1.84128e-18 
     9630.0   4.61487e-18 
     9632.5   2.37301e-18 
     9635.0   3.15281e-18 
     9637.5   5.16418e-18 
     9640.0   3.72231e-18 
     9642.5   3.38182e-18 
     9645.0   3.28324e-18 
     9647.5   3.76971e-18 
     9650.0   2.51372e-18 
     9652.5   1.43444e-18 
     9655.0   4.76001e-18 
     9657.5   4.31856e-18 
     9660.0   4.01544e-18 
     9662.5   4.22053e-18 
     9665.0   6.87168e-18 
     9667.5   3.85189e-18 
     9670.0   4.46236e-18 
     9672.5   4.00254e-18 
     9675.0   4.69102e-18 
     9677.5   3.67616e-18 
     9680.0   5.83772e-18 
     9682.5   3.46117e-18 
     9685.0   3.11697e-18 
     9687.5   3.87628e-18 
     9690.0   4.51352e-18 
     9692.5   3.42867e-18 
     9695.0   2.57335e-18 
     9697.5   5.52818e-18 
     9700.0   4.14163e-18 
     9702.5   6.05172e-18 
     9705.0   3.69372e-18 
     9707.5    4.1411e-18 
     9710.0    4.3511e-18 
     9712.5   2.09396e-18 
     9715.0   5.06705e-18 
     9717.5   3.39273e-18 
     9720.0   5.75565e-18 
     9722.5   9.42156e-18 
     9725.0   3.31625e-18 
     9727.5   3.88367e-18 
     9730.0   3.43868e-18 
     9732.5   4.94147e-18 
     9735.0    1.0943e-18 
     9737.5   4.95335e-18 
     9740.0    5.0661e-18 
     9742.5   3.04928e-18 
     9745.0   4.60483e-18 
     9747.5   2.40977e-18 
     9750.0   3.12659e-18 
     9752.5    4.3952e-18 
     9755.0   4.01045e-18 
     9757.5   2.32256e-18 
     9760.0   4.05613e-18 
     9762.5   4.92857e-18 
     9765.0   4.63433e-18 
     9767.5   3.63146e-18 
     9770.0   2.91054e-18 
     9772.5   4.21797e-18 
     9775.0   3.80514e-18 
     9777.5   3.11405e-18 
     9780.0   2.51074e-18 
     9782.5   3.49484e-18 
     9785.0   3.52187e-18 
     9787.5   4.20587e-18 
     9790.0   1.12593e-17 
     9792.5   5.91747e-18 
     9795.0   4.16406e-18 
     9797.5   2.91879e-18 
     9800.0   4.79783e-18 
     9802.5   3.07893e-18 
     9805.0   1.28308e-19 
     9807.5   2.39598e-18 
     9810.0   3.34945e-18 
     9812.5    2.1297e-18 
     9815.0   1.34787e-18 
     9817.5   3.81529e-18 
     9820.0    2.4812e-18 
     9822.5   4.75014e-18 
     9825.0   2.64739e-18 
     9827.5   2.90382e-18 
     9830.0   2.71628e-18 
     9832.5   2.39228e-18 
     9835.0   3.33877e-18 
     9837.5   1.23966e-18 
     9840.0   2.20554e-18 
     9842.5   4.04532e-18 
     9845.0   5.28257e-18 
     9847.5   2.13786e-18 
     9850.0   4.04269e-18 
     9852.5   3.99907e-18 
     9855.0   3.47217e-18 
     9857.5   2.28049e-18 
     9860.0   2.96061e-18 
     9862.5   1.94324e-18 
     9865.0   3.95328e-18 
     9867.5    3.5986e-18 
     9870.0   4.76235e-18 
     9872.5   3.46792e-18 
     9875.0   7.47155e-18 
     9877.5    2.3413e-18 
     9880.0   3.40037e-19 
     9882.5   2.77031e-18 
     9885.0   3.58679e-18 
     9887.5   2.75949e-18 
     9890.0   2.53056e-18 
     9892.5   3.79865e-18 
     9895.0   4.93561e-18 
     9897.5   6.09526e-18 
     9900.0   1.95624e-18 
     9902.5   1.94176e-18 
     9905.0   1.65787e-18 
     9907.5   2.72706e-18 
     9910.0   2.34089e-18 
     9912.5   5.34705e-18 
     9915.0   5.70577e-18 
     9917.5   1.69047e-18 
     9920.0   1.04835e-18 
     9922.5    4.6677e-18 
     9925.0   2.73955e-18 
     9927.5   2.40167e-18 
     9930.0   1.52314e-18 
     9932.5    2.1961e-18 
     9935.0   2.06317e-18 
     9937.5   5.71724e-18 
     9940.0   2.10454e-18 
     9942.5    4.2598e-18 
     9945.0   2.48862e-18 
     9947.5   1.72404e-18 
     9950.0   6.37858e-18 
     9952.5   1.73927e-18 
     9955.0   6.14487e-18 
     9957.5   5.09069e-18 
     9960.0   9.35476e-18 
     9962.5   8.74799e-18 
     9965.0   3.89719e-18 
     9967.5    2.5123e-18 
     9970.0  -4.85276e-19 
     9972.5   2.09412e-18 
     9975.0   1.79057e-18 
     9977.5  -3.75258e-19 
     9980.0    2.0958e-18 
     9982.5   1.09754e-18 
     9985.0    1.6704e-18 
     9987.5   2.90073e-18 
     9990.0   1.85096e-18 
     9992.5   1.81644e-18 
     9995.0   1.52384e-18 
     9997.5   4.27225e-18 
    10000.0   2.44767e-18 
    10002.5   1.21654e-18 
    10005.0   3.38338e-18 
    10007.5   1.29944e-18 
    10010.0   4.05506e-18 
    10012.5     9.816e-18 
    10015.0   7.80819e-18 
    10017.5   2.83408e-18 
    10020.0   1.20269e-18 
    10022.5   5.03362e-18 
    10025.0   9.23892e-18 
    10027.5   4.45795e-18 
    10030.0   4.73736e-18 
    10032.5   4.88814e-18 
    10035.0   6.05948e-18 
    10037.5   6.23095e-18 
    10040.0    5.3426e-18 
    10042.5   3.80764e-18 
    10045.0   6.54553e-18 
    10047.5   3.82095e-18 
    10050.0   2.98835e-18 
    10052.5    3.9888e-18 
    10055.0   5.11402e-18 
    10057.5   1.59138e-18 
    10060.0   6.00736e-18 
    10062.5   1.05608e-18 
    10065.0   6.61765e-19 
    10067.5    5.5259e-18 
    10070.0   2.32184e-18 
    10072.5  -8.51627e-19 
    10075.0   3.42908e-18 
    10077.5   5.86277e-18 
    10080.0   4.71903e-18 
    10082.5   4.26401e-18 
    10085.0  -1.45313e-18 
    10087.5   2.04192e-18 
    10090.0   2.40313e-18 
    10092.5   1.30473e-18 
    10095.0   1.80402e-18 
    10097.5   4.00912e-18 
    10100.0   2.38606e-18 
    10102.5    8.1915e-18 
    10105.0   5.03156e-18 
    10107.5   2.86423e-18 
    10110.0   3.25299e-18 
    10112.5  -1.13721e-18 
    10115.0   2.62285e-18 
    10117.5   2.79645e-18 
    10120.0   3.33593e-18 
    10122.5   7.25212e-18 
    10125.0   1.00784e-17 
    10127.5   4.22467e-18 
    10130.0   1.02723e-18 
    10132.5  -3.32807e-19 
    10135.0   7.94715e-19 
    10137.5   2.44627e-19 
    10140.0   3.13397e-18 
    10142.5   1.26562e-17 
    10145.0   9.57451e-18 
    10147.5   1.55579e-18 
    10150.0  -2.65443e-18 
    10152.5   3.92733e-18 
    10155.0   1.20573e-17 
    10157.5   4.09089e-18 
    10160.0  -3.00053e-19 
    10162.5   8.29608e-18 
    10165.0  -5.66154e-19 
    10167.5   6.78601e-18 
    10170.0   6.35759e-18 
    10172.5    5.5576e-18 
    10175.0    7.5395e-18 
    10177.5  -3.51618e-18 
    10180.0   6.71341e-18 
    10182.5    3.9827e-18 
    10185.0   7.43719e-18 
    10187.5   6.93533e-18 
    10190.0   8.48486e-18 
    10192.5  -1.88832e-18 
    10195.0   1.05568e-18 
    10197.5   2.34421e-18 
    10200.0   3.73317e-18 
    10202.5  -6.56583e-19 
    10205.0   1.76676e-18 
    10207.5   4.09531e-18 
    10210.0   8.08146e-18 
    10212.5   5.33432e-18 
    10215.0   3.01672e-18 
    10217.5  -9.15432e-19 
    10220.0  -9.14788e-19 
    10222.5    6.2923e-18 
    10225.0     8.672e-18 
    10227.5   1.47869e-17 
    10230.0   6.70241e-18 
    10232.5   3.59859e-18 
    10235.0   6.50367e-18 
    10237.5   2.52901e-18 
    10240.0   3.45226e-18 
    10242.5   2.86056e-18 
    10245.0   4.01867e-18 
    10247.5   4.12649e-18 
    10250.0   2.84361e-18 
