# STATUS =
# OBJECT = CSS140925
# TELESCOPE = ESO-NTT
# INSTRUMENT = EFOSC2-NTT
# DATE-OBS = 2014-10-01 01:55:48.00
# MJD = 56931.08041669987
# EXPTIME = 1200
# AIRMASS = --
# SLIT = --
# DISPERSER = --
# SOURCE = --
# FILTER =
# RESOLUTION =
# FLUX_STANDARD =
# EXTINCTION_CORRECTED = --
# PHOTOMETRY_CALIBRATED =
# TELLURIC_CORRECTED =
# FLUX_UNITS = erg cm(-2) sec(-1) Ang(-1)
# WAVE_UNITS = Angstrom
# QUALITY = --
# MIN_WAVE = 3658.84
# MAX_WAVE = 9256.987
# COMMENT = Released as part of DR3
 Wavelength             Flux           Error 
    3658.84     4.286405e-17   1.8959033e-17 
   3664.361    5.0811207e-17    1.948473e-17 
  3669.8818   1.06400825e-16   2.0097344e-17 
  3675.4028     6.993556e-17     1.98122e-17 
  3680.9236     7.225262e-17   1.9519247e-17 
  3686.4446      9.01056e-17    1.992232e-17 
  3691.9653   1.08509976e-16   1.9983742e-17 
   3697.486      8.23867e-17   1.9409489e-17 
   3703.007    5.9099044e-17   1.9055988e-17 
  3708.5278     5.671497e-17    1.844896e-17 
  3714.0488     9.290157e-17   1.8176267e-17 
  3719.5696     6.184114e-17   1.7411791e-17 
  3725.0906     7.892892e-17   1.7068045e-17 
  3730.6113     6.797666e-17   1.6665304e-17 
   3736.132    7.9541694e-17   1.6548665e-17 
   3741.653     7.388864e-17   1.6260081e-17 
  3747.1738    1.4856537e-16   1.7044462e-17 
  3752.6948    2.0799572e-16    1.749918e-17 
  3758.2156    1.9809328e-16   1.7184508e-17 
  3763.7363    1.1795838e-16   1.6367433e-17 
  3769.2573     6.752977e-17   1.5818358e-17 
   3774.778     7.416208e-17   1.5976401e-17 
   3780.299    7.1184814e-17   1.6103514e-17 
  3785.8198     6.164276e-17    1.559331e-17 
  3791.3408     9.562971e-17    1.542786e-17 
  3796.8616    5.1840008e-17    1.522518e-17 
  3802.3823    6.8320175e-17   1.5126743e-17 
  3807.9033   1.03848145e-16    1.558181e-17 
   3813.424     9.429492e-17   1.4981558e-17 
   3818.945     8.375386e-17   1.4628601e-17 
  3824.4658     7.721161e-17   1.4241241e-17 
  3829.9868    1.3879507e-16    1.461569e-17 
  3835.5076     5.962057e-17   1.3785096e-17 
  3841.0283    8.8738586e-17    1.421135e-17 
  3846.5493     7.048678e-17    1.418209e-17 
    3852.07     9.192478e-17   1.4130386e-17 
   3857.591    8.1784975e-17   1.3893665e-17 
  3863.1118     6.523871e-17   1.3613723e-17 
  3868.6328   1.06285046e-16  1.36955425e-17 
  3874.1536     9.071186e-17   1.3521593e-17 
  3879.6743    8.9895865e-17   1.3281883e-17 
  3885.1953     7.046405e-17   1.3176841e-17 
   3890.716     7.116709e-17  1.33423935e-17 
   3896.237    1.0619789e-16  1.36143415e-17 
  3901.7578     9.965678e-17   1.3556717e-17 
  3907.2786     8.727535e-17   1.3597547e-17 
  3912.7996    7.7735165e-17   1.3626651e-17 
  3918.3203    8.8425746e-17   1.3318148e-17 
  3923.8413     9.088976e-17   1.2631345e-17 
   3929.362      6.83195e-17   1.1911761e-17 
   3934.883     8.755931e-17   1.1651532e-17 
  3940.4038     1.209563e-16   1.2182633e-17 
  3945.9246     6.833905e-17  1.22435254e-17 
  3951.4456     9.992565e-17   1.2657499e-17 
  3956.9663     9.620725e-17   1.2442404e-17 
  3962.4873    8.7476706e-17  1.17301134e-17 
   3968.008     9.509259e-17   1.1316487e-17 
   3973.529    8.8802524e-17   1.1339025e-17 
  3979.0498     9.767054e-17   1.1845937e-17 
  3984.5706     9.629645e-17  1.22188324e-17 
  3990.0916     6.635301e-17  1.20967364e-17 
  3995.6123    6.4915943e-17  1.21186915e-17 
  4001.1333     6.512723e-17    1.219402e-17 
   4006.654    1.0292387e-16   1.2348032e-17 
   4012.175    7.0282235e-17   1.2182494e-17 
  4017.6958    7.3009317e-17     1.22118e-17 
  4023.2166     8.028144e-17   1.2099167e-17 
  4028.7375    8.4616315e-17   1.1956966e-17 
  4034.2583     5.634926e-17   1.1730781e-17 
  4039.7793     7.228938e-17   1.1744098e-17 
     4045.3    8.4649535e-17  1.17698926e-17 
   4050.821    5.4839534e-17   1.1506394e-17 
  4056.3418     7.072439e-17  1.14439114e-17 
  4061.8625     9.603135e-17   1.1497723e-17 
  4067.3835     6.426447e-17  1.12345644e-17 
  4072.9043      6.41079e-17   1.1052459e-17 
  4078.4253     7.789488e-17     1.10905e-17 
   4083.946     7.640506e-17   1.1091661e-17 
  4089.4668    8.7010507e-17   1.1169737e-17 
  4094.9878     7.556609e-17   1.1032342e-17 
   4100.509    7.2579024e-17   1.0848364e-17 
  4106.0293     8.969881e-17   1.0751577e-17 
  4111.5503      9.72615e-17   1.0927008e-17 
  4117.0713    8.4976814e-17   1.0986744e-17 
  4122.5923     7.890954e-17  1.08095805e-17 
   4128.113    6.4546213e-17   1.0619783e-17 
   4133.634     6.656726e-17   1.0607542e-17 
   4139.155    7.6488074e-17   1.0525536e-17 
  4144.6753    5.7576125e-17  1.03136965e-17 
  4150.1963     4.770883e-17   1.0240891e-17 
  4155.7173     6.869945e-17    1.030521e-17 
   4161.238     3.596702e-17   1.0093918e-17 
   4166.759    5.3678093e-17  1.02366546e-17 
    4172.28    5.9091507e-17   1.0227349e-17 
   4177.801    4.0166703e-17  1.00412886e-17 
  4183.3213     8.384778e-17   1.0123837e-17 
  4188.8423    5.4686637e-17    9.912373e-18 
  4194.3633     6.886243e-17    9.928449e-18 
   4199.884    8.1229666e-17    9.870919e-18 
   4205.405     6.273372e-17    9.800253e-18 
   4210.926    8.3798895e-17    9.743187e-18 
   4216.447    7.4747124e-17    9.787621e-18 
  4221.9673     6.530754e-17    9.597708e-18 
  4227.4883     6.850861e-17    9.442122e-18 
  4233.0093     6.422033e-17      9.3842e-18 
    4238.53     6.813568e-17    9.437147e-18 
   4244.051     6.741555e-17    9.365324e-18 
   4249.572     8.969506e-17    9.507427e-18 
   4255.093     6.445376e-17    9.335132e-18 
  4260.6133    6.7624616e-17   9.3342485e-18 
  4266.1343     5.412114e-17    9.082214e-18 
  4271.6553      6.70098e-17     9.17581e-18 
   4277.176     5.682745e-17    9.027471e-18 
   4282.697    6.9071116e-17    9.151577e-18 
   4288.218     6.592584e-17   8.9672185e-18 
   4293.739    5.5446744e-17   8.9158605e-18 
  4299.2593      7.45565e-17    8.739927e-18 
  4304.7803     8.470072e-17    8.707351e-18 
  4310.3013     8.470703e-17    8.678361e-18 
   4315.822     7.751853e-17    8.780555e-18 
   4321.343    1.0199611e-16    9.059358e-18 
   4326.864    8.0917944e-17    9.099705e-18 
   4332.385     7.767542e-17    9.034506e-18 
  4337.9053    9.3527035e-17    8.944057e-18 
  4343.4263    7.7665047e-17    8.858249e-18 
  4348.9473    6.4967904e-17    8.736826e-18 
   4354.468    9.2349865e-17    9.060308e-18 
   4359.989    7.4815786e-17    9.000722e-18 
    4365.51    7.2748166e-17    8.976309e-18 
   4371.031     7.787128e-17    8.997338e-18 
  4376.5513    7.1821724e-17      8.8071e-18 
  4382.0723     6.265084e-17    8.643765e-18 
  4387.5933    7.6993594e-17     8.65623e-18 
   4393.114     6.766243e-17    8.420445e-18 
   4398.635    6.5893836e-17    8.495584e-18 
   4404.156     6.645975e-17    8.577955e-18 
   4409.677      7.65395e-17    8.669777e-18 
  4415.1973     8.127992e-17     8.77936e-18 
  4420.7183     6.011656e-17    8.648258e-18 
  4426.2393    5.7311745e-17    8.581948e-18 
    4431.76     5.866559e-17    8.643139e-18 
   4437.281     7.102204e-17    8.614169e-18 
   4442.802    4.9250873e-17    8.392391e-18 
  4448.3228    5.9791023e-17    8.478767e-18 
  4453.8433      5.49284e-17    8.390356e-18 
  4459.3643     6.119901e-17    8.311174e-18 
  4464.8853     5.260523e-17    8.249414e-18 
   4470.406    7.3833017e-17    8.292951e-18 
   4475.927     6.173916e-17     8.31126e-18 
  4481.4478    5.5222852e-17    8.269191e-18 
  4486.9683     5.582432e-17    8.236867e-18 
  4492.4893    8.2044266e-17    8.463853e-18 
  4498.0103    5.4422644e-17    8.244925e-18 
  4503.5312     5.372859e-17    8.273539e-18 
   4509.052     8.409964e-17    8.435935e-18 
  4514.5728     7.351441e-17   8.3170455e-18 
  4520.0938     6.619503e-17    8.250747e-18 
  4525.6143     7.951789e-17   8.2843065e-18 
  4531.1353    6.7332224e-17    8.052262e-18 
  4536.6562     6.352667e-17    8.085851e-18 
  4542.1772     7.723575e-17   8.1877456e-18 
  4547.6978     5.009854e-17    8.003564e-18 
  4553.2188     7.145199e-17    8.028229e-18 
  4558.7397     7.504439e-17    8.010809e-18 
  4564.2603    6.0804174e-17    7.914522e-18 
  4569.7812     6.379129e-17    7.968516e-18 
  4575.3022    5.3053664e-17   7.8930765e-18 
   4580.823    4.2744863e-17   7.6935366e-18 
  4586.3438    6.9984774e-17    7.894866e-18 
  4591.8647     8.265511e-17    7.837025e-18 
  4597.3857     7.520592e-17     7.69268e-18 
  4602.9062     6.688369e-17    7.765347e-18 
  4608.4272     6.704809e-17    7.753026e-18 
   4613.948     6.414193e-17    7.717417e-18 
   4619.469    6.8755564e-17    7.748014e-18 
  4624.9897    7.3670327e-17    7.795748e-18 
  4630.5107    6.1658665e-17    7.677621e-18 
  4636.0317     7.330083e-17    7.686932e-18 
  4641.5522     6.776098e-17    7.593648e-18 
   4647.073     6.856054e-17    7.575297e-18 
   4652.594    6.3761934e-17    7.511214e-18 
   4658.115    7.2598837e-17    7.590322e-18 
  4663.6357     5.559402e-17    7.500848e-18 
  4669.1567     6.642694e-17     7.46852e-18 
  4674.6777    7.5197984e-17    7.480243e-18 
   4680.198     5.742511e-17   7.4133705e-18 
   4685.719     5.417007e-17    7.441033e-18 
    4691.24    6.6195744e-17    7.351282e-18 
   4696.761     6.424416e-17   7.3176855e-18 
  4702.2817     7.144108e-17    7.369149e-18 
  4707.8027     6.873262e-17    7.310165e-18 
  4713.3237    5.3919305e-17    7.186453e-18 
   4718.844     5.662918e-17   7.2223935e-18 
   4724.365    4.5849553e-17    7.195083e-18 
   4729.886     5.816552e-17    7.283951e-18 
   4735.407     6.945743e-17    7.287754e-18 
  4740.9277     5.670709e-17    7.207732e-18 
  4746.4487    5.4477344e-17    7.191065e-18 
  4751.9697    6.9823546e-17    7.242974e-18 
    4757.49    6.5110556e-17    7.182056e-18 
   4763.011    4.6566414e-17   6.9372826e-18 
   4768.532     5.562402e-17    7.086199e-18 
   4774.053    4.1765527e-17     7.01778e-18 
  4779.5737     6.401948e-17    7.151113e-18 
  4785.0947    7.1944325e-17    7.185905e-18 
  4790.6157      6.95428e-17    7.116298e-18 
   4796.136    5.9463314e-17    7.035482e-18 
   4801.657    6.6406655e-17    7.063484e-18 
   4807.178     7.312998e-17    7.136869e-18 
  4812.6987    5.3513004e-17    7.055148e-18 
  4818.2197    6.1617716e-17    7.042547e-18 
  4823.7407    5.6616655e-17   6.9707776e-18 
  4829.2617     5.256501e-17    6.949691e-18 
   4834.782     6.627132e-17    7.023156e-18 
   4840.303     5.887937e-17    6.984498e-18 
   4845.824     6.758868e-17    7.023994e-18 
  4851.3447     5.542012e-17   6.8368765e-18 
  4856.8657     5.830505e-17   6.6826458e-18 
  4862.3867     6.240343e-17    6.602922e-18 
  4867.9077    4.4898576e-17    6.447855e-18 
   4873.428    5.4795815e-17    6.592667e-18 
   4878.949     5.382967e-17    6.682586e-18 
    4884.47    7.1344725e-17     6.79721e-18 
  4889.9907     7.353276e-17   6.8158483e-18 
  4895.5117     5.605222e-17   6.7247476e-18 
  4901.0327     7.651426e-17     6.80149e-18 
  4906.5537    7.5929714e-17    6.807164e-18 
   4912.074     6.024434e-17    6.751188e-18 
   4917.595    7.1354836e-17   6.7777955e-18 
   4923.116     6.757372e-17    6.695023e-18 
  4928.6367    5.4095494e-17   6.5835156e-18 
  4934.1577     6.440104e-17    6.725811e-18 
  4939.6787     6.377345e-17    6.695124e-18 
  4945.1997    6.8153125e-17   6.6878293e-18 
    4950.72    6.5901076e-17   6.6874595e-18 
   4956.241     6.361141e-17   6.6819815e-18 
   4961.762    7.3132236e-17   6.6956557e-18 
  4967.2827    6.7436885e-17    6.715357e-18 
  4972.8037     5.288238e-17   6.5915194e-18 
  4978.3247     6.666849e-17    6.676897e-18 
  4983.8457     7.788692e-17    6.666096e-18 
   4989.366     7.394901e-17    6.550489e-18 
   4994.887    5.3928225e-17   6.4531362e-18 
   5000.408    6.8396236e-17   6.5389976e-18 
  5005.9287    6.3265566e-17   6.5349357e-18 
  5011.4497    5.8073644e-17   6.3591367e-18 
  5016.9707    6.5672185e-17     6.44216e-18 
  5022.4917    5.3499326e-17    6.338719e-18 
   5028.012     5.767377e-17    6.289921e-18 
   5033.533    6.5865117e-17    6.378015e-18 
   5039.054     7.011224e-17   6.4312937e-18 
  5044.5747    4.6784462e-17    6.181827e-18 
  5050.0957    6.5683216e-17   6.3416683e-18 
  5055.6167    6.2258285e-17    6.338908e-18 
  5061.1377     5.577776e-17   6.2460073e-18 
   5066.658     6.304255e-17   6.2813866e-18 
   5072.179    5.6082693e-17   6.2179324e-18 
     5077.7    6.2415734e-17     6.25027e-18 
  5083.2207    7.2388706e-17   6.3465854e-18 
  5088.7417       6.4539e-17    6.279413e-18 
  5094.2627     5.945335e-17    6.191859e-18 
  5099.7837     5.670163e-17    6.181354e-18 
   5105.304    5.3059213e-17   6.1710205e-18 
   5110.825    4.3659747e-17   6.0410365e-18 
   5116.346     4.511902e-17    6.004652e-18 
  5121.8667    4.3101033e-17   6.0442567e-18 
  5127.3877    3.6233406e-17   5.9370624e-18 
  5132.9087    5.6283784e-17    6.014707e-18 
   5138.429    5.6885006e-17    6.088574e-18 
    5143.95    4.1306617e-17    5.952027e-18 
   5149.471    2.9974292e-17   5.8392144e-18 
   5154.992    4.7681622e-17    5.960723e-18 
  5160.5127    4.1288952e-17   5.9022215e-18 
  5166.0337     4.655181e-17   5.8702055e-18 
  5171.5547    5.2725948e-17    5.822269e-18 
   5177.075    4.1174755e-17   5.7097933e-18 
   5182.596    5.1480912e-17   5.8085855e-18 
   5188.117    4.3071463e-17    5.902519e-18 
   5193.638    3.5485866e-17    5.933453e-18 
  5199.1587    3.9287145e-17    6.137055e-18 
  5204.6797    3.8741997e-17   6.0539252e-18 
  5210.2007    4.5272323e-17   6.0579536e-18 
   5215.721    4.7155135e-17    5.889772e-18 
   5221.242    2.7323617e-17   5.8090065e-18 
   5226.763    3.4887127e-17    5.849426e-18 
   5232.284    4.5298442e-17   5.9230797e-18 
  5237.8047    4.2495954e-17    5.870295e-18 
  5243.3257    3.1485244e-17   5.8063505e-18 
  5248.8467    4.3876333e-17     5.89348e-18 
   5254.367    4.7709015e-17   5.9310757e-18 
   5259.888    3.6828552e-17   5.7650895e-18 
   5265.409    4.1051094e-17   5.7916465e-18 
    5270.93    4.4204175e-17    5.774672e-18 
  5276.4507     4.152636e-17   5.7565348e-18 
  5281.9717    4.9598702e-17   5.8428895e-18 
  5287.4927     4.556727e-17    5.844135e-18 
   5293.013    3.9413743e-17    5.835491e-18 
   5298.534      4.05978e-17   5.7812567e-18 
   5304.055     4.530119e-17    5.889978e-18 
   5309.576    4.2521957e-17    5.858141e-18 
  5315.0967    3.4702632e-17   5.7397844e-18 
  5320.6177    4.4362408e-17    5.891425e-18 
  5326.1387     4.046329e-17   5.8500777e-18 
   5331.659     4.270636e-17    5.893172e-18 
    5337.18    3.8617235e-17    5.839704e-18 
   5342.701     3.911834e-17   5.8365322e-18 
   5348.222     5.628395e-17    5.848577e-18 
  5353.7427    5.5444778e-17    5.915688e-18 
  5359.2637     3.631104e-17    5.722647e-18 
  5364.7847    3.7704183e-17   5.7432246e-18 
   5370.305    4.3620572e-17     5.79872e-18 
   5375.826    4.9520196e-17    5.817024e-18 
   5381.347    4.1049132e-17   5.7421695e-18 
   5386.868    5.0697182e-17    5.835502e-18 
  5392.3887    5.9717504e-17   5.8824656e-18 
  5397.9097    4.7882137e-17   5.7289553e-18 
  5403.4307    3.8718356e-17    5.661743e-18 
   5408.951    4.5942607e-17    5.726142e-18 
   5414.472    4.7462244e-17   5.6684756e-18 
   5419.993    4.4085425e-17   5.7280194e-18 
   5425.514      3.79816e-17    5.690461e-18 
  5431.0347    3.4680732e-17   5.6455606e-18 
  5436.5557     5.760178e-17   5.8478017e-18 
  5442.0767     4.482045e-17   5.7611864e-18 
   5447.597    4.7564612e-17    5.779418e-18 
   5453.118    4.9798172e-17   5.7555426e-18 
   5458.639     6.337185e-17   5.8923748e-18 
  5464.1597    5.4429083e-17   5.8420714e-18 
  5469.6807    5.0792317e-17   5.7927036e-18 
  5475.2017     6.335105e-17   5.8428428e-18 
  5480.7227     5.650311e-17    5.815525e-18 
   5486.243    4.8510933e-17   5.7892928e-18 
   5491.764    6.3971945e-17    5.881912e-18 
   5497.285     5.256843e-17   5.8465374e-18 
  5502.8057    4.8597705e-17   5.7752952e-18 
  5508.3267    3.9865672e-17   5.7020037e-18 
  5513.8477     5.190147e-17    5.795373e-18 
  5519.3687     4.357974e-17     5.72063e-18 
   5524.889    4.5300914e-17    5.685297e-18 
    5530.41    5.1096912e-17    5.732015e-18 
   5535.931    5.1087363e-17    5.782423e-18 
  5541.4517     4.635765e-17   5.7595862e-18 
  5546.9727    3.5800903e-17    5.685168e-18 
  5552.4937     5.269625e-17    5.843585e-18 
  5558.0146    3.7000408e-17    5.651532e-18 
   5563.535    2.7315939e-17    6.073688e-18 
   5569.056    2.3846988e-17   7.8026665e-18 
   5574.577    3.2354154e-17    8.950732e-18 
  5580.0977    4.5626333e-17     8.99871e-18 
  5585.6187    5.5933913e-17   8.4463834e-18 
  5591.1396    4.9827874e-17    6.574424e-18 
  5596.6606    4.8901396e-17   5.6839062e-18 
   5602.181      5.06299e-17   5.7718794e-18 
   5607.702    4.4984974e-17   5.7219694e-18 
   5613.223    4.3195712e-17    5.726068e-18 
  5618.7437    5.4377517e-17   5.7950346e-18 
  5624.2646     5.597543e-17    5.795833e-18 
  5629.7856    4.8239744e-17    5.770687e-18 
  5635.3066      5.16712e-17   5.7415893e-18 
   5640.827     4.850222e-17   5.7210198e-18 
   5646.348     5.276174e-17   5.8044674e-18 
   5651.869     5.851187e-17    5.843118e-18 
  5657.3896      5.67571e-17    5.772476e-18 
  5662.9106    4.0883796e-17   5.7058753e-18 
  5668.4316    3.9705295e-17   5.6771693e-18 
  5673.9526    5.4283142e-17    5.770268e-18 
   5679.473      5.85753e-17   5.8112494e-18 
   5684.994    5.1644846e-17    5.784098e-18 
   5690.515    5.3716867e-17   5.8118194e-18 
  5696.0356     5.795376e-17   5.7868087e-18 
  5701.5566      6.37087e-17    5.887527e-18 
  5707.0776    5.1126406e-17   5.7436096e-18 
  5712.5986    4.3927685e-17   5.6735384e-18 
   5718.119    4.4226452e-17   5.7017953e-18 
    5723.64    4.9967036e-17   5.7594555e-18 
   5729.161    5.6790733e-17   5.7901336e-18 
  5734.6816     4.613335e-17    5.710133e-18 
  5740.2026    4.7157716e-17   5.6921962e-18 
  5745.7236    4.8893088e-17   5.6642714e-18 
  5751.2446     5.659175e-17   5.7406645e-18 
   5756.765     6.162965e-17   5.7730974e-18 
   5762.286    5.2831553e-17   5.7178417e-18 
   5767.807     4.703764e-17   5.7205863e-18 
  5773.3276     6.349763e-17   5.8086037e-18 
  5778.8486    4.6251705e-17    5.719485e-18 
  5784.3696    4.3678035e-17   5.6282804e-18 
  5789.8906    4.0219388e-17    5.623396e-18 
   5795.411     5.027096e-17   5.7146174e-18 
   5800.932     4.881774e-17   5.7107722e-18 
   5806.453      3.99975e-17   5.6738936e-18 
  5811.9736    4.6572465e-17    5.754695e-18 
  5817.4946    5.2263303e-17   5.7269047e-18 
  5823.0156     4.923418e-17    5.768765e-18 
   5828.536    3.9678276e-17   5.7338803e-18 
   5834.057    3.8581067e-17    5.685775e-18 
   5839.578     3.818686e-17     5.68069e-18 
   5845.099    3.9846187e-17    5.727728e-18 
  5850.6196    3.5712888e-17   5.6622147e-18 
  5856.1406     4.301685e-17   5.7919224e-18 
  5861.6616    3.3412826e-17   6.0169535e-18 
   5867.182    4.0977264e-17   5.9815994e-18 
   5872.703    3.9156292e-17    6.046055e-18 
   5878.224    4.3023232e-17     6.40284e-18 
   5883.745    3.4960514e-17   7.1329265e-18 
  5889.2656    3.8512232e-17    7.519431e-18 
  5894.7866     4.967703e-17    7.603859e-18 
  5900.3076     5.374366e-17    7.083199e-18 
   5905.828     3.563936e-17    6.342792e-18 
   5911.349     4.625118e-17   6.0363555e-18 
    5916.87     3.742854e-17   5.9797982e-18 
   5922.391    2.8183387e-17    6.010235e-18 
  5927.9116     4.730603e-17    6.047617e-18 
  5933.4326    4.8425208e-17   6.0386054e-18 
  5938.9536    4.0863447e-17   6.0157827e-18 
   5944.474    4.4926264e-17    5.978535e-18 
   5949.995    3.2411497e-17   5.8636613e-18 
   5955.516     4.356264e-17    5.964776e-18 
   5961.037    4.4075052e-17     5.94958e-18 
  5966.5576     4.749208e-17    5.838923e-18 
  5972.0786     3.879376e-17   5.8023118e-18 
  5977.5996   1.38218175e-17   5.6069557e-18 
    5983.12    1.6582753e-17    5.583414e-18 
   5988.641    3.3421664e-17   5.6633235e-18 
   5994.162     3.394554e-17   5.6416166e-18 
   5999.683     2.803752e-17     5.57024e-18 
  6005.2036     2.709653e-17   5.5464325e-18 
  6010.7246     3.454563e-17    5.526868e-18 
  6016.2456    4.2344656e-17     5.52679e-18 
   6021.766     4.291518e-17   5.4998623e-18 
   6027.287     4.528268e-17   5.5075505e-18 
   6032.808     4.555992e-17   5.5237144e-18 
   6038.329    3.2291414e-17    5.371206e-18 
  6043.8496     2.803258e-17   5.3220106e-18 
  6049.3706    3.1181486e-17    5.294659e-18 
  6054.8916     2.533776e-17   5.2523363e-18 
   6060.412    2.8645873e-17   5.2653727e-18 
   6065.933    3.6045027e-17   5.2977324e-18 
   6071.454    3.0869586e-17    5.333481e-18 
   6076.975    3.5127452e-17    5.230896e-18 
  6082.4956    2.5430826e-17    5.124383e-18 
  6088.0166    3.1299942e-17    5.213524e-18 
  6093.5376    3.3247966e-17   5.2189302e-18 
   6099.058    2.2761036e-17   5.1240758e-18 
   6104.579     1.465555e-17    5.099597e-18 
     6110.1    2.1694373e-17   5.1299545e-18 
   6115.621    3.1429267e-17   5.1904822e-18 
  6121.1416    2.2214903e-17   5.1152378e-18 
  6126.6626    2.6516423e-17    5.114383e-18 
  6132.1836    3.5219587e-17    5.242306e-18 
   6137.704     2.458302e-17    5.215622e-18 
   6143.225     2.903788e-17    5.262445e-18 
   6148.746    3.4139756e-17    5.396103e-18 
  6154.2666     3.274701e-17   5.3490375e-18 
  6159.7876    2.6948881e-17    5.333279e-18 
  6165.3086    3.6376535e-17    5.406931e-18 
  6170.8296    1.7944615e-17    5.211897e-18 
    6176.35    1.9290347e-17    5.139135e-18 
   6181.871    2.0504668e-17   5.1151207e-18 
   6187.392    2.1731886e-17   5.0993038e-18 
  6192.9126    2.3182857e-17    5.154145e-18 
  6198.4336    1.6366086e-17   5.1463513e-18 
  6203.9546    2.5589431e-17    5.215873e-18 
  6209.4756    1.9185467e-17    5.158072e-18 
   6214.996    2.6157167e-17   5.2638714e-18 
   6220.517     2.985848e-17    5.254521e-18 
   6226.038    2.8175075e-17   5.5059784e-18 
  6231.5586     2.468966e-17    5.663869e-18 
  6237.0796    2.1973689e-17   5.6904186e-18 
  6242.6006    3.7207954e-17    5.785681e-18 
  6248.1216     2.060171e-17    5.622006e-18 
   6253.642    2.6416402e-17    5.588632e-18 
   6259.163    1.5560856e-17   5.4934475e-18 
   6264.684    2.4972404e-17    5.649315e-18 
  6270.2046    2.5094857e-17   5.4261915e-18 
  6275.7256    2.5604777e-17    5.376661e-18 
  6281.2466    2.3926954e-17    5.345129e-18 
  6286.7676     1.598645e-17   6.6397713e-18 
   6292.288     5.585091e-18    8.918708e-18 
   6297.809    3.3794991e-18    9.660488e-18 
    6303.33    3.2573416e-17    9.731727e-18 
  6308.8506     4.742379e-17    8.502424e-18 
  6314.3716    3.7152612e-17    6.344658e-18 
  6319.8926    2.3267055e-17   5.4421693e-18 
  6325.4136    2.7296376e-17   5.5141204e-18 
   6330.934     2.451884e-17   5.3932718e-18 
   6336.455    2.2976836e-17   5.3029925e-18 
   6341.976    2.9335864e-17   5.2700703e-18 
  6347.4966    1.6335126e-17    5.278643e-18 
  6353.0176     1.634479e-17    6.169097e-18 
  6358.5386    3.4807386e-17    6.922293e-18 
  6364.0596    2.5489344e-17   6.7851392e-18 
    6369.58    2.1745655e-17    6.549577e-18 
   6375.101     3.805683e-17    5.839413e-18 
   6380.622     2.636513e-17   5.0972367e-18 
  6386.1426    2.1019124e-17   5.0494264e-18 
  6391.6636    1.7508212e-17    4.908781e-18 
  6397.1846     4.016353e-17   4.9745244e-18 
  6402.7056    3.1476214e-17    4.867265e-18 
   6408.226     2.530865e-17    4.837553e-18 
   6413.747     4.497343e-17    5.015251e-18 
   6419.268     2.741516e-17   4.8751626e-18 
  6424.7886    2.3787195e-17    4.827924e-18 
  6430.3096     2.813067e-17   4.7791204e-18 
  6435.8306    2.5324336e-17   4.7213066e-18 
  6441.3516    2.5529045e-17   4.7486665e-18 
   6446.872     2.331511e-17   4.8122473e-18 
   6452.393     2.914751e-17    4.888917e-18 
   6457.914    3.1383557e-17   5.1414164e-18 
  6463.4346    3.3574953e-17   5.2998955e-18 
  6468.9556    2.1803402e-17   5.2077228e-18 
  6474.4766    2.6588406e-17    5.063746e-18 
   6479.997    2.8037535e-17    4.836506e-18 
   6485.518     2.226216e-17   4.7626826e-18 
   6491.039     3.179367e-17   5.0876393e-18 
    6496.56    2.9162097e-17   5.1650746e-18 
  6502.0806    4.0515323e-17     5.26446e-18 
  6507.6016    2.5833618e-17   5.0343986e-18 
  6513.1226    3.4247627e-17    4.923297e-18 
   6518.643    2.8772545e-17   4.8609157e-18 
   6524.164    2.5071356e-17    4.906386e-18 
   6529.685     2.125854e-17   5.0428454e-18 
   6535.206    2.1887563e-17   5.0059717e-18 
  6540.7266     2.558363e-17   5.0267675e-18 
  6546.2476    2.8756593e-17   5.1247458e-18 
  6551.7686     2.424415e-17   5.0655325e-18 
   6557.289    1.7222655e-17     4.92104e-18 
    6562.81    1.9710222e-17    4.835649e-18 
   6568.331    2.2644683e-17    4.866599e-18 
   6573.852    1.6300104e-17   4.8839295e-18 
  6579.3726    1.3680471e-17   4.8292256e-18 
  6584.8936    2.6861916e-17   4.7998135e-18 
  6590.4146    2.4206824e-17   4.7529025e-18 
   6595.935    2.5059625e-17   4.7599964e-18 
   6601.456    2.4250773e-17    4.751519e-18 
   6606.977    2.5095024e-17    4.814637e-18 
   6612.498    2.3796305e-17   4.6700574e-18 
  6618.0186    2.8234808e-17   4.5966133e-18 
  6623.5396    2.0219618e-17    4.519596e-18 
  6629.0605    1.6543556e-17   4.5868273e-18 
   6634.581     1.448916e-17   4.5326193e-18 
   6640.102    1.9938621e-17   4.5987114e-18 
   6645.623    2.5817516e-17   4.6018287e-18 
   6651.144     2.372503e-17   4.5506456e-18 
  6656.6646     2.749345e-17    4.603614e-18 
  6662.1855    3.3559465e-17    4.702278e-18 
  6667.7065     2.990241e-17    4.607399e-18 
   6673.227    2.3014295e-17   4.5383426e-18 
   6678.748    2.2891037e-17    4.518634e-18 
   6684.269    3.4301052e-17    4.655021e-18 
    6689.79    2.2889069e-17    4.578508e-18 
  6695.3105    2.8201654e-17   4.6108867e-18 
  6700.8315    2.5772064e-17    4.594568e-18 
  6706.3525    2.8115614e-17   4.6298515e-18 
   6711.873     3.426112e-17    4.662364e-18 
   6717.394    2.9114673e-17   4.6145482e-18 
   6722.915    2.3475025e-17   4.5877116e-18 
   6728.436    2.5753997e-17   4.5792963e-18 
  6733.9565    2.1752559e-17   4.5349544e-18 
  6739.4775    2.8073137e-17    4.591042e-18 
  6744.9985     3.241776e-17   4.6225156e-18 
   6750.519     2.793356e-17   4.6044517e-18 
    6756.04    3.1440248e-17   4.6073116e-18 
   6761.561    3.4342478e-17   4.5888543e-18 
   6767.082    3.0489745e-17    4.623022e-18 
  6772.6025     3.024401e-17    4.624542e-18 
  6778.1235    3.1855205e-17    4.615878e-18 
  6783.6445    2.8557663e-17    4.644599e-18 
   6789.165    3.1711282e-17      4.6334e-18 
   6794.686    2.7218128e-17   4.5505116e-18 
   6800.207     3.191612e-17   4.5632233e-18 
  6805.7275    3.1736803e-17    4.556999e-18 
  6811.2485    3.1165456e-17   4.5828457e-18 
  6816.7695    2.4739242e-17    4.769142e-18 
  6822.2905    3.6816773e-17   5.4086565e-18 
   6827.811    2.7749934e-17   5.7701688e-18 
   6833.332    2.7195063e-17   5.8880135e-18 
   6838.853    2.5778053e-17    5.651169e-18 
  6844.3735      2.01118e-17   5.0940967e-18 
  6849.8945      2.64635e-17    4.829216e-18 
  6855.4155    2.8287678e-17     5.24986e-18 
  6860.9365    3.7231396e-17   5.5140497e-18 
   6866.457    2.1060013e-17   5.3734562e-18 
   6871.978    1.3869544e-17    5.188614e-18 
   6877.499    2.4987168e-17    4.826234e-18 
  6883.0195    2.3079487e-17    4.602785e-18 
  6888.5405    2.5866834e-17    4.698024e-18 
  6894.0615    2.7168135e-17    4.699632e-18 
  6899.5825    2.8654165e-17    4.735882e-18 
   6905.103    2.5662115e-17   4.8102083e-18 
   6910.624    2.7224014e-17   4.9659556e-18 
   6916.145    2.4981607e-17   5.1407894e-18 
  6921.6655      2.19814e-17    5.088057e-18 
  6927.1865     2.083791e-17   5.0144975e-18 
  6932.7075     2.733226e-17   5.0040246e-18 
  6938.2285    3.4593663e-17   5.0656268e-18 
   6943.749    2.1944685e-17    5.227484e-18 
    6949.27    2.6792335e-17    5.269001e-18 
   6954.791    2.5327504e-17   5.0584857e-18 
  6960.3115    2.3002844e-17   4.8669223e-18 
  6965.8325    2.2454723e-17   4.7816735e-18 
  6971.3535    1.9957499e-17   5.0058704e-18 
  6976.8745    3.7457508e-17   5.1013105e-18 
   6982.395    3.3523377e-17   4.9979402e-18 
   6987.916    2.6319522e-17    4.793126e-18 
   6993.437    2.2334285e-17   4.5587694e-18 
  6998.9575    2.9564517e-17   4.6343786e-18 
  7004.4785    3.2488455e-17   4.7701004e-18 
  7009.9995     3.829252e-17   4.8069645e-18 
  7015.5205    2.8586158e-17     4.63349e-18 
   7021.041    2.2970122e-17   4.4930036e-18 
   7026.562    2.3217534e-17   4.3807766e-18 
   7032.083    2.1159197e-17   4.3535517e-18 
  7037.6035    2.3608236e-17   4.4354785e-18 
  7043.1245    2.5115301e-17    4.603781e-18 
  7048.6455    2.0646683e-17   4.5919104e-18 
  7054.1665    2.0699826e-17   4.5137133e-18 
   7059.687     2.916785e-17   4.5339676e-18 
   7065.208    3.0483276e-17   4.4937563e-18 
   7070.729    3.4561482e-17    4.504261e-18 
  7076.2495    3.6063698e-17    4.575922e-18 
  7081.7705    2.6993861e-17    4.510936e-18 
  7087.2915    2.3713352e-17   4.4332054e-18 
  7092.8125    2.4958258e-17   4.3667485e-18 
   7098.333    2.1321864e-17    4.288978e-18 
   7103.854    2.9432823e-17   4.3655338e-18 
   7109.375    2.7519462e-17   4.3343247e-18 
  7114.8955     2.313547e-17    4.288786e-18 
  7120.4165    2.9261878e-17   4.3832404e-18 
  7125.9375    2.3173071e-17   4.3732675e-18 
   7131.458     2.366909e-17   4.3462497e-18 
   7136.979    3.0575153e-17     4.48289e-18 
     7142.5    2.7026404e-17    4.440818e-18 
   7148.021    3.9068435e-17    4.611868e-18 
  7153.5415     2.572456e-17   4.4465102e-18 
  7159.0625    2.4675127e-17    4.398741e-18 
  7164.5835    2.7458337e-17   4.4856656e-18 
   7170.104    2.6316136e-17   4.3948453e-18 
   7175.625     2.455732e-17   4.3337477e-18 
   7181.146    1.2306171e-17    4.221068e-18 
   7186.667     8.221571e-18    4.192386e-18 
  7192.1875    1.4843347e-17    4.213997e-18 
  7197.7085     9.510993e-18   4.1590157e-18 
  7203.2295    1.7858831e-17   4.1982733e-18 
    7208.75     2.723131e-17    4.330374e-18 
   7214.271    1.7205284e-17   4.3370717e-18 
   7219.792    1.7010724e-17    4.411646e-18 
   7225.313    2.1502998e-17    4.475921e-18 
  7230.8335    2.2377034e-17   5.1236655e-18 
  7236.3545     1.936429e-17    6.279761e-18 
  7241.8755    1.4581002e-17   6.9228474e-18 
   7247.396    1.4266472e-17    6.992262e-18 
   7252.917     8.964657e-18   6.4371973e-18 
   7258.438    2.9116225e-17    5.488685e-18 
   7263.959    2.0404063e-17   5.0991508e-18 
  7269.4795    2.4666678e-17    5.981072e-18 
  7275.0005    2.4687583e-17    6.542086e-18 
  7280.5215     2.960038e-17   6.9305592e-18 
   7286.042    2.8017663e-17    6.743845e-18 
   7291.563     2.623938e-17   5.9310297e-18 
   7297.084     2.667139e-17    5.596246e-18 
   7302.605     1.727104e-17   5.3540973e-18 
  7308.1255    1.3561138e-18   5.8716704e-18 
  7313.6465      9.23986e-18   6.2508595e-18 
  7319.1675    2.3073525e-17    6.336227e-18 
   7324.688    1.1278468e-17    6.368811e-18 
   7330.209    1.2869736e-17    6.138086e-18 
    7335.73    2.0384622e-17    6.633745e-18 
   7341.251     2.875985e-17   6.7203305e-18 
  7346.7715    1.9100648e-17    6.486125e-18 
  7352.2925    1.2996488e-17    6.123776e-18 
  7357.8135    1.8372054e-17    5.777836e-18 
   7363.334    1.8936054e-17   6.1304084e-18 
   7368.855    1.4137829e-17   6.3039778e-18 
   7374.376    1.3478568e-17    5.990077e-18 
   7379.897    2.4382088e-17   5.6510812e-18 
  7385.4175    2.1493959e-17   5.1779108e-18 
  7390.9385    1.2618786e-17   5.2091943e-18 
  7396.4595    1.6016768e-17   5.7028127e-18 
    7401.98    2.0970819e-17    5.777771e-18 
   7407.501    2.0180289e-17    5.547212e-18 
   7413.022    2.1126385e-17   5.2726817e-18 
   7418.543    2.4610979e-17    4.745832e-18 
  7424.0635    4.8188325e-18    4.653012e-18 
  7429.5845     8.030593e-18   4.8558186e-18 
  7435.1055    1.4346103e-17   5.1141467e-18 
   7440.626    1.7444728e-17   5.1221633e-18 
   7446.147     7.705184e-18   4.9074235e-18 
   7451.668    1.3417405e-17    4.702173e-18 
  7457.1885     7.148371e-18    4.537831e-18 
  7462.7095    1.3646869e-17    4.851126e-18 
  7468.2305    1.5021277e-17    5.150137e-18 
  7473.7515     8.906057e-18   5.4761896e-18 
   7479.272    1.6317878e-17   5.6118344e-18 
   7484.793    2.4708002e-17   5.5483437e-18 
   7490.314     1.634678e-17    5.273607e-18 
  7495.8345     7.171489e-18   4.7504035e-18 
  7501.3555    1.8802618e-17   4.5562746e-18 
  7506.8765     1.706053e-17   4.4185325e-18 
  7512.3975     9.872837e-18   4.5753643e-18 
   7517.918    1.9127865e-17    5.343793e-18 
   7523.439    4.5309327e-18    5.763158e-18 
    7528.96   -5.4197644e-19    5.860195e-18 
  7534.4805    1.7203515e-17    5.774978e-18 
  7540.0015    1.8714703e-17   5.2978044e-18 
  7545.5225    2.0300758e-17   4.8697045e-18 
  7551.0435    1.4874547e-17    4.800445e-18 
   7556.564    1.6599793e-17   4.8679744e-18 
   7562.085    1.8138458e-17    5.035956e-18 
   7567.606     9.695581e-18   5.5060942e-18 
  7573.1265    1.5168368e-17   5.5724358e-18 
  7578.6475    2.3472843e-17   5.6906556e-18 
  7584.1685    1.4174494e-17    5.539355e-18 
  7589.6895     9.942321e-18   5.0631378e-18 
    7595.21    2.9169456e-17    4.943829e-18 
   7600.731    2.7932175e-17    4.613047e-18 
   7606.252    1.5489635e-17    4.252209e-18 
  7611.7725    2.1056379e-17   4.3953086e-18 
  7617.2935    2.6734225e-18   4.4398183e-18 
  7622.8145    -4.150461e-18    4.633925e-18 
  7628.3354     7.149656e-18   4.7173217e-18 
   7633.856    1.5512174e-17   4.5956223e-18 
   7639.377     1.697238e-17   4.4869957e-18 
   7644.898    2.2944218e-17    4.489418e-18 
  7650.4185    2.1301792e-17    4.607542e-18 
  7655.9395    1.9128753e-17   4.8842774e-18 
  7661.4604    4.5701394e-18    4.996293e-18 
  7666.9814    5.7222556e-18   4.9628864e-18 
   7672.502    1.1278271e-17    4.994013e-18 
   7678.023     1.438081e-17    4.908426e-18 
   7683.544    1.9997192e-17    4.897992e-18 
  7689.0645    3.4252593e-17    5.108215e-18 
  7694.5854    2.3282476e-17    5.198445e-18 
  7700.1064    1.4853897e-17   5.1672476e-18 
  7705.6274    1.4442117e-17    6.086542e-18 
   7711.148     3.058906e-17   7.8156615e-18 
   7716.669    4.6656193e-17   8.4433965e-18 
    7722.19     3.337375e-17    8.604046e-18 
  7727.7104    1.9922002e-17   7.7801705e-18 
  7733.2314    2.7149868e-17   6.4078965e-18 
  7738.7524    1.8379626e-17   5.6365166e-18 
  7744.2734    2.2285462e-17   6.8634414e-18 
   7749.794     2.481429e-17    7.653239e-18 
   7755.315    2.6252608e-17    8.066661e-18 
   7760.836    1.2183362e-17   8.0503045e-18 
  7766.3564     4.747289e-18    7.728377e-18 
  7771.8774    2.0281708e-18    7.717345e-18 
  7777.3984     8.228416e-18      7.7141e-18 
   7782.919    8.9767534e-18    7.622434e-18 
    7788.44     8.735793e-18    7.694846e-18 
   7793.961     2.088202e-17    7.455777e-18 
   7799.482    2.5168093e-17     7.29665e-18 
  7805.0024     3.648029e-17     7.37445e-18 
  7810.5234    3.5543898e-17    6.902605e-18 
  7816.0444    2.1334821e-17    7.325355e-18 
   7821.565     3.916407e-17   8.0660756e-18 
   7827.086     5.963661e-17    7.762319e-18 
   7832.607    3.9284558e-17   7.4906225e-18 
   7838.128      2.69181e-17   6.6403115e-18 
  7843.6484    1.7599824e-17    6.407728e-18 
  7849.1694   -1.7250146e-19     7.99003e-18 
  7854.6904    1.5163764e-17   8.7508595e-18 
   7860.211     2.921414e-17    8.987995e-18 
   7865.732    3.2451768e-17   9.2317285e-18 
   7871.253     9.265381e-18   8.1485736e-18 
   7876.774    2.4927005e-17    7.750003e-18 
  7882.2944    2.7995508e-17    7.797756e-18 
  7887.8154    1.0160168e-17    7.520462e-18 
  7893.3364    1.7968547e-17    7.255712e-18 
   7898.857     1.577408e-17   6.7599706e-18 
   7904.378    1.1206336e-18    6.480632e-18 
   7909.899   -1.9574398e-18    7.586154e-18 
    7915.42   -2.6319034e-18    8.645998e-18 
  7920.9404    1.6866453e-17    9.169407e-18 
  7926.4614    2.3255859e-17    9.020626e-18 
  7931.9824    1.6846345e-17   7.8058156e-18 
   7937.503    2.3228421e-17    6.731387e-18 
   7943.024    2.4366956e-17    6.470584e-18 
   7948.545     6.929608e-18   6.1451347e-18 
   7954.066    6.5763473e-18    6.072164e-18 
  7959.5864    1.6436597e-17   7.1456196e-18 
  7965.1074     4.829849e-17    7.832432e-18 
  7970.6284    3.3152972e-17     7.73161e-18 
   7976.149    2.7030387e-18    7.879969e-18 
    7981.67    1.7171687e-17    6.965422e-18 
   7987.191    2.1476469e-17   7.4428065e-18 
   7992.712    1.7616788e-17   8.0778596e-18 
  7998.2324     2.799016e-17    7.705654e-18 
  8003.7534    1.4494688e-17    7.526715e-18 
  8009.2744    3.8099092e-17   6.8111433e-18 
   8014.795    1.7468498e-17    5.956899e-18 
   8020.316     9.551495e-18   6.7643083e-18 
   8025.837    8.8279585e-18    7.360389e-18 
   8031.358    2.1409123e-17    7.261316e-18 
  8036.8784    1.6681257e-17    6.963474e-18 
  8042.3994     8.977346e-18     5.98178e-18 
  8047.9204     1.456473e-17    5.434522e-18 
   8053.441     8.561795e-18   5.7502147e-18 
   8058.962    6.9017146e-18    6.243595e-18 
   8064.483     1.575227e-17   6.4917064e-18 
   8070.004    1.1016421e-17    6.305602e-18 
  8075.5244    5.5272833e-18    5.945227e-18 
  8081.0454     6.276811e-18   5.4136796e-18 
  8086.5664     7.350324e-18    5.301697e-18 
   8092.087    1.8607994e-17    5.539762e-18 
   8097.608    1.9527746e-17    5.914696e-18 
   8103.129    5.6433843e-18    5.964334e-18 
  8108.6494      2.12779e-17   6.0127382e-18 
  8114.1704    2.9446247e-17   5.9391146e-18 
  8119.6914    1.3740721e-17   5.4906016e-18 
  8125.2124    2.2705822e-17   5.4834754e-18 
   8130.733    2.1896366e-17    5.463312e-18 
   8136.254     1.480165e-17    5.582219e-18 
   8141.775    2.4185725e-17   5.8442192e-18 
  8147.2954    2.0740947e-17   5.8623014e-18 
  8152.8164   1.03155874e-17    5.779347e-18 
  8158.3374    1.3037444e-17   5.6662997e-18 
  8163.8584    1.3193867e-17   5.5115354e-18 
   8169.379    1.4824766e-17   5.4453804e-18 
     8174.9    1.7551431e-17   5.4768315e-18 
   8180.421     1.863627e-17   5.5474053e-18 
  8185.9414    1.6663816e-17   5.6438235e-18 
  8191.4624    1.3956588e-17    5.681393e-18 
   8196.983    1.3496946e-17   5.7626733e-18 
   8202.504     1.735686e-17   5.8098383e-18 
   8208.025     1.559442e-17   5.8018725e-18 
   8213.546   1.15926286e-17   5.7997984e-18 
   8219.066    1.0258405e-17    5.807435e-18 
   8224.588    2.0750074e-17   5.8031737e-18 
   8230.108     1.885723e-17     5.72765e-18 
   8235.629    1.7217258e-17    5.713609e-18 
    8241.15    1.1359863e-17   5.7689433e-18 
   8246.671      9.40379e-19    5.760624e-18 
   8252.192    1.2519672e-17    5.957344e-18 
   8257.713    1.5009748e-17    5.977193e-18 
   8263.233    1.2829394e-17   5.9665956e-18 
   8268.755     6.388141e-18   5.9061742e-18 
   8274.275    1.9634366e-18    6.654995e-18 
   8279.796    -8.826774e-18   8.1172276e-18 
   8285.317     1.746578e-17   9.7703555e-18 
   8290.838    2.8560446e-17   1.0798567e-17 
   8296.358    2.5331207e-17   1.1413954e-17 
    8301.88    2.8256473e-17   1.0704631e-17 
     8307.4    2.3666812e-17    9.868367e-18 
   8312.921   -1.0730152e-18    8.682107e-18 
   8318.442    8.2970285e-18     7.28643e-18 
   8323.963    1.2006693e-17     6.76373e-18 
   8329.483    1.3117953e-17   6.2401645e-18 
   8335.005    1.7385611e-17    6.823774e-18 
   8340.525   -2.8076737e-18     9.48326e-18 
   8346.047    -1.628863e-17   1.1495399e-17 
   8351.567    -9.997553e-18   1.2144852e-17 
   8357.088     1.864197e-17   1.1794692e-17 
   8362.609    2.0907215e-17  1.00189654e-17 
    8368.13    1.8545624e-17    8.092274e-18 
    8373.65    2.2881796e-17    7.469784e-18 
   8379.172    1.0031174e-17    7.815951e-18 
   8384.692    1.8347703e-17    7.618806e-18 
   8390.213    9.6166025e-18   8.0748495e-18 
   8395.734    7.8883076e-19  1.00200424e-17 
   8401.255    2.5256397e-17   1.0349979e-17 
   8406.775    5.2246924e-17   1.0478852e-17 
   8412.297   -1.5856643e-18   1.0524301e-17 
   8417.817    1.0397251e-18    8.566023e-18 
   8423.339   -6.8890004e-18   9.2497975e-18 
   8428.859    -1.858844e-17   1.1127454e-17 
    8434.38    7.6675435e-19   1.0737853e-17 
   8439.901    2.1067043e-17   1.0851486e-17 
   8445.422    2.6093659e-18   1.0022554e-17 
   8450.942     8.216342e-18     8.85603e-18 
   8456.464    1.4477194e-17   9.0064434e-18 
   8461.984    1.1519078e-17   1.0235217e-17 
   8467.505     1.618759e-17  1.03709895e-17 
   8473.026    2.6755106e-17    9.909639e-18 
   8478.547    7.3536414e-18    8.948364e-18 
   8484.067    6.0211643e-18   7.3652195e-18 
   8489.589     1.673177e-17    7.021666e-18 
   8495.109     5.645885e-18   7.4942365e-18 
   8500.631      9.43424e-18    8.450966e-18 
   8506.151   1.10754074e-17    9.134644e-18 
   8511.672    7.6719455e-18    8.524704e-18 
   8517.193    3.2463054e-17    8.276448e-18 
   8522.714    3.9193743e-17    7.274361e-18 
   8528.234    3.1109264e-17   6.5368283e-18 
   8533.756    4.5647175e-17   6.8773033e-18 
   8539.276    2.4793617e-17   6.8083164e-18 
   8544.797     3.516742e-18    7.402472e-18 
   8550.318    2.8323465e-17    7.848753e-18 
   8555.839     2.979639e-17    7.576323e-18 
   8561.359    1.2519978e-17    7.212766e-18 
   8566.881     3.032326e-17   6.7098484e-18 
   8572.401     9.754455e-18   6.3002828e-18 
   8577.923     1.758567e-17   6.3737554e-18 
   8583.443     8.110895e-18    6.550004e-18 
   8588.964    5.1928385e-18   6.7113737e-18 
   8594.485    1.9141512e-17    7.119926e-18 
   8600.006    1.9260417e-17    7.256183e-18 
   8605.526   1.21595145e-17    7.039321e-18 
   8611.048    1.6449499e-17    7.024278e-18 
   8616.568    5.5230614e-18   7.1759515e-18 
   8622.089    1.8318229e-17    7.889044e-18 
    8627.61    1.3616427e-17    8.720782e-18 
   8633.131     7.579084e-18    9.101605e-18 
   8638.651    2.1611884e-17    9.078227e-18 
   8644.173     2.893201e-17    8.860426e-18 
   8649.693     8.405054e-18   8.6675285e-18 
   8655.214    1.9032169e-17   8.8806954e-18 
   8660.735    2.2780192e-19    9.150707e-18 
   8666.256   -2.1035031e-17     9.38152e-18 
   8671.777    1.2965387e-17    9.224588e-18 
   8677.298   -2.9413449e-18    8.562544e-18 
   8682.818    1.8446869e-17    8.182833e-18 
    8688.34    2.5922909e-17    7.828661e-18 
    8693.86     8.548453e-18    7.342725e-18 
   8699.381    1.3887706e-17    7.262083e-18 
   8704.902    2.7792395e-17    7.530475e-18 
   8710.423    2.4998371e-17    7.351178e-18 
   8715.943    1.7992571e-17   7.0713495e-18 
   8721.465    1.1057514e-18    6.776491e-18 
   8726.985      6.99883e-18   6.7107674e-18 
   8732.506     5.323746e-18   6.6697434e-18 
   8738.027    2.3713781e-17    7.025185e-18 
   8743.548    2.1308434e-17    6.955675e-18 
   8749.069     7.317375e-18    7.000982e-18 
    8754.59   -2.0582834e-18   8.7048716e-18 
    8760.11    -2.703482e-18  1.10456215e-17 
   8765.632    1.4837284e-17   1.2493407e-17 
   8771.152    -9.830085e-18   1.4085349e-17 
   8776.673    -5.483635e-19   1.4397227e-17 
   8782.194     7.715472e-18   1.3013235e-17 
   8787.715     2.137078e-17   1.1994535e-17 
   8793.235    1.9253507e-17   1.0367053e-17 
   8798.757    1.1837529e-17     8.52192e-18 
   8804.277    2.3872985e-17    8.005857e-18 
   8809.798    7.4583815e-18   7.0123815e-18 
   8815.319   -1.3683573e-19    7.530747e-18 
    8820.84    1.4726298e-17   1.1033266e-17 
   8826.361    4.9947743e-17    1.433624e-17 
   8831.882     3.488339e-17   1.5213542e-17 
   8837.402     2.141466e-17   1.5006722e-17 
   8842.924    3.2541772e-17   1.2805454e-17 
   8848.444    3.0512946e-17   1.0519515e-17 
   8853.965    2.4647898e-17    8.882075e-18 
   8859.486     3.331696e-17    8.847196e-18 
   8865.007    1.3818638e-17    9.284704e-18 
   8870.527    1.6295135e-17    9.104971e-18 
   8876.049    5.2437212e-18     9.55323e-18 
   8881.569    -5.948968e-18   1.1435545e-17 
    8887.09   -2.4243897e-18   1.1913209e-17 
   8892.611     7.616812e-18   1.2274319e-17 
   8898.132     7.120567e-18   1.2366564e-17 
   8903.653    3.7743623e-17   1.0650284e-17 
   8909.174   -2.0883402e-17  1.02599504e-17 
   8914.694    -2.067501e-17   1.2268774e-17 
   8920.216    -4.561856e-18   1.2792514e-17 
   8925.736    -2.258594e-18   1.2789331e-17 
   8931.257     2.098864e-17   1.1921761e-17 
   8936.778    2.1042307e-17   1.0101542e-17 
   8942.299    7.0871735e-18   9.0009104e-18 
   8947.819  -1.08883265e-17   9.6914466e-18 
   8953.341      -9.9841e-18   1.2846693e-17 
   8958.861    1.6192224e-17   1.3218391e-17 
   8964.382    3.3662911e-18    1.264505e-17 
   8969.903    2.1610191e-17   1.1406347e-17 
   8975.424    2.7660137e-17    9.048707e-18 
   8980.944    1.4015576e-18     8.15419e-18 
   8986.466     7.831515e-19    8.506165e-18 
   8991.986    2.1600982e-19     9.35161e-18 
   8997.508     9.504736e-18  1.06107156e-17 
   9003.028    3.3036594e-17    1.070715e-17 
   9008.549    1.7070242e-17   9.9042016e-18 
    9014.07    6.2891965e-17    9.486428e-18 
   9019.591    3.1336576e-17   1.1281351e-17 
   9025.111    4.9352236e-17   7.7039044e-18 
   9030.633    3.9190332e-17    9.277964e-18 
   9036.153    3.2154787e-17   8.1682464e-18 
   9041.674    3.5336133e-17    8.742369e-18 
   9047.195      5.18039e-17   9.5269774e-18 
   9052.716     8.218297e-17  1.27841144e-17 
   9058.236     7.550624e-17    9.772626e-18 
   9063.758     6.215332e-17    8.737771e-18 
   9069.278     3.190667e-17    9.508237e-18 
     9074.8     9.457543e-17   1.0336561e-17 
    9080.32    1.9734334e-17   7.5639984e-18 
   9085.841   -2.1636158e-18     7.56936e-18 
   9091.362    -7.942221e-18   8.1656325e-18 
   9096.883      9.36613e-18    8.929375e-18 
   9102.403   -2.4434313e-17    9.150723e-18 
   9107.925    -1.526098e-17    9.228671e-18 
   9113.445   1.06672666e-17   9.0433034e-18 
   9118.966   1.36328985e-17    8.703415e-18 
   9124.487    2.2580861e-17    8.539518e-18 
   9130.008    1.8930189e-17    8.502854e-18 
   9135.528    6.3165886e-18    8.489283e-18 
    9141.05    2.1555473e-17    8.727635e-18 
    9146.57    1.1947456e-17    8.754487e-18 
   9152.092   -1.1853538e-17    8.957406e-18 
   9157.612    3.4567658e-20    9.051509e-18 
   9163.133    2.7505668e-17    9.084566e-18 
   9168.654    2.4950206e-17    8.869148e-18 
   9174.175    1.6553019e-17    8.629427e-18 
   9179.695    1.9599351e-17    8.515721e-18 
   9185.217    1.5736787e-17    8.347434e-18 
   9190.737    2.3087316e-17     8.53809e-18 
   9196.258     8.442451e-18    8.436294e-18 
   9201.779     6.315533e-18   8.5966664e-18 
     9207.3   -4.9970705e-19    8.607305e-18 
    9212.82    2.2803193e-19   8.9541664e-18 
   9218.342    1.8500254e-18    9.136176e-18 
   9223.862    2.9949987e-17    9.707086e-18 
   9229.384     3.088126e-17   9.6013435e-18 
   9234.904    8.3449214e-18   9.1441574e-18 
   9240.425    1.8012958e-17    8.965552e-18 
   9245.946   -4.9186777e-18    8.755458e-18 
   9251.467    3.5274588e-17    8.855606e-18 
   9256.987   -4.6882322e-18    8.374684e-18 
