# STATUS =
# OBJECT = 2018ibb
# TELESCOPE = ESO-NTT
# INSTRUMENT = EFOSC2-NTT
# DATE-OBS = 2018-12-15 06:41:52.00
# MJD = 58467.279074099846
# EXPTIME = 1800
# AIRMASS = 1.309
# SLIT = 1.0
# DISPERSER = Free
# SOURCE = --
# FILTER =
# RESOLUTION =
# FLUX_STANDARD =
# EXTINCTION_CORRECTED = --
# PHOTOMETRY_CALIBRATED =
# TELLURIC_CORRECTED =
# FLUX_UNITS = erg cm(-2) sec(-1) Ang(-1)
# WAVE_UNITS = Angstrom
# QUALITY = Medium
# MIN_WAVE = 3635.0478515625
# MAX_WAVE = 9230.2274522781
# COMMENT = --
         Wavelength            Flux 
 3640.5657801628113   3.8063157e-16 
 3646.0837087631226    3.892446e-16 
  3651.601637363434   3.9829893e-16 
  3657.119565963745   4.0118448e-16 
 3662.6374945640564   3.9653487e-16 
 3668.1554231643677   4.0833092e-16 
  3673.673351764679   4.0948474e-16 
 3679.1912803649902   4.1872184e-16 
 3684.7092089653015   4.0898205e-16 
  3690.227137565613   4.3592966e-16 
  3695.745066165924   4.3881077e-16 
 3701.2629947662354    4.392747e-16 
 3706.7809233665466    4.427841e-16 
  3712.298851966858   4.3987705e-16 
  3717.816780567169   4.3289985e-16 
 3723.3347091674805    4.434096e-16 
 3728.8526377677917   4.4879003e-16 
  3734.370566368103   4.7001466e-16 
 3739.8884949684143   4.9304756e-16 
 3745.4064235687256   5.0259044e-16 
  3750.924352169037     5.09816e-16 
  3756.442280769348    5.001798e-16 
   3761.96020936966   5.0375474e-16 
  3767.478137969971    4.881778e-16 
 3772.9960665702824   4.9019507e-16 
 3778.5139951705937   4.6022725e-16 
  3784.031923770905   4.4739523e-16 
 3789.5498523712163   4.3018747e-16 
 3795.0677809715276   4.1248805e-16 
  3800.585709571839   4.1117902e-16 
   3806.10363817215    3.985128e-16 
 3811.6215667724614   3.9227777e-16 
 3817.1394953727727   3.8665161e-16 
  3822.657423973084   3.7755932e-16 
 3828.1753525733952    3.855111e-16 
 3833.6932811737065   3.9018385e-16 
  3839.211209774018   3.8893948e-16 
  3844.729138374329   3.9415622e-16 
 3850.2470669746403   4.0682677e-16 
 3855.7649955749516   4.0138213e-16 
  3861.282924175263   4.0601436e-16 
  3866.800852775574   3.9921446e-16 
 3872.3187813758855   4.0609383e-16 
 3877.8367099761967   4.0454627e-16 
  3883.354638576508     4.17775e-16 
 3888.8725671768193   4.2603926e-16 
 3894.3904957771306   4.2792266e-16 
  3899.908424377442   4.2525382e-16 
  3905.426352977753   4.2632097e-16 
 3910.9442815780644   4.2029171e-16 
 3916.4622101783757   4.4044729e-16 
  3921.980138778687   4.2813037e-16 
 3927.4980673789983   4.1859887e-16 
 3933.0159959793095   4.2844385e-16 
  3938.533924579621   4.2260758e-16 
  3944.051853179932   4.2828273e-16 
 3949.5697817802434   4.4091318e-16 
 3955.0877103805547    4.264279e-16 
  3960.605638980866   3.9148328e-16 
  3966.123567581177   3.6848072e-16 
 3971.6414961814885   3.6557733e-16 
    3977.1594247818   3.6078815e-16 
 3982.6773533821115    3.601764e-16 
  3988.195281982423   3.7049925e-16 
  3993.713210582734   3.8688365e-16 
 3999.2311391830453   4.1182607e-16 
 4004.7490677833566    4.197301e-16 
  4010.266996383668    4.338564e-16 
  4015.784924983979   4.3786714e-16 
 4021.3028535842905   4.4474757e-16 
 4026.8207821846017   4.3607575e-16 
  4032.338710784913    4.418363e-16 
 4037.8566393852243   4.2072947e-16 
 4043.3745679855356    4.254491e-16 
  4048.892496585847   4.2353916e-16 
  4054.410425186158   4.2483636e-16 
 4059.9283537864694    4.303489e-16 
 4065.4462823867807   4.2969256e-16 
  4070.964210987092   4.4798143e-16 
 4076.4821395874033   4.5458405e-16 
 4082.0000681877145   4.5313986e-16 
  4087.517996788026    4.489338e-16 
  4093.035925388337   4.4789826e-16 
  4098.553853988648   4.4574034e-16 
   4104.07178258896   4.4570106e-16 
  4109.589711189271    4.434434e-16 
  4115.107639789582    4.546255e-16 
 4120.6255683898935    4.578014e-16 
  4126.143496990205    4.718171e-16 
  4131.661425590516   4.7408736e-16 
  4137.179354190827   4.8492864e-16 
  4142.697282791139    4.918442e-16 
   4148.21521139145    4.985557e-16 
  4153.733139991761   4.9814537e-16 
  4159.251068592072    5.013865e-16 
  4164.768997192384    4.985775e-16 
  4170.286925792695   4.8665267e-16 
  4175.804854393006   4.8976763e-16 
  4181.322782993318    4.810066e-16 
  4186.840711593629     4.86825e-16 
   4192.35864019394     4.90617e-16 
  4197.876568794251   4.9385637e-16 
  4203.394497394563    4.849495e-16 
  4208.912425994874    4.766453e-16 
  4214.430354595185    4.758701e-16 
 4219.9482831954965   4.7980017e-16 
  4225.466211795808    4.807135e-16 
  4230.984140396119    4.664377e-16 
   4236.50206899643   4.6914826e-16 
  4242.019997596742   4.4622114e-16 
  4247.537926197053   4.1493055e-16 
  4253.055854797364   3.9591995e-16 
 4258.5737833976755   3.8504434e-16 
  4264.091711997987   3.7937317e-16 
  4269.609640598298   3.7742706e-16 
  4275.127569198609    3.781348e-16 
  4280.645497798921   3.8803585e-16 
  4286.163426399232   3.9961765e-16 
  4291.681354999543   4.1409495e-16 
  4297.199283599854   4.2131252e-16 
  4302.717212200166   4.3926853e-16 
  4308.235140800477   4.4479325e-16 
  4313.753069400789   4.4720386e-16 
    4319.2709980011    4.456103e-16 
  4324.788926601412    4.517822e-16 
  4330.306855201723    4.480941e-16 
  4335.824783802034   4.4579757e-16 
  4341.342712402346   4.4272382e-16 
  4346.860641002657    4.316971e-16 
  4352.378569602968    4.199885e-16 
  4357.896498203279   3.9376738e-16 
  4363.414426803591   3.7828277e-16 
  4368.932355403902   3.6629175e-16 
  4374.450284004213   3.6566036e-16 
 4379.9682126045245   3.6930936e-16 
  4385.486141204836   3.7826956e-16 
  4391.004069805147   3.8883762e-16 
  4396.521998405458   3.9494836e-16 
   4402.03992700577   3.9937966e-16 
  4407.557855606081   4.0080437e-16 
  4413.075784206392   3.9888055e-16 
 4418.5937128067035   3.9220495e-16 
  4424.111641407015   3.8411893e-16 
  4429.629570007326   3.7922888e-16 
  4435.147498607637   3.8233098e-16 
  4440.665427207949   3.9057208e-16 
   4446.18335580826   3.8541905e-16 
  4451.701284408571    3.788031e-16 
  4457.219213008882    3.561953e-16 
  4462.737141609194     3.49699e-16 
  4468.255070209505   3.5318974e-16 
  4473.772998809816   3.5308317e-16 
  4479.290927410128   3.5843255e-16 
  4484.808856010439   3.4721927e-16 
   4490.32678461075   3.3795815e-16 
  4495.844713211061      3.3391e-16 
  4501.362641811373   3.3282418e-16 
  4506.880570411684   3.3603885e-16 
  4512.398499011995    3.347865e-16 
 4517.9164276123065   3.3503573e-16 
  4523.434356212618   3.3869684e-16 
  4528.952284812929    3.362344e-16 
   4534.47021341324   3.3835951e-16 
  4539.988142013552   3.4523956e-16 
  4545.506070613863    3.529548e-16 
  4551.023999214174   3.5547866e-16 
 4556.5419278144855   3.6348908e-16 
  4562.059856414797    3.602221e-16 
  4567.577785015108    3.622893e-16 
  4573.095713615419   3.6346126e-16 
  4578.613642215731   3.6491228e-16 
  4584.131570816042   3.7226937e-16 
  4589.649499416353     3.72981e-16 
  4595.167428016664   3.7443126e-16 
  4600.685356616976    3.787409e-16 
  4606.203285217287   3.6169114e-16 
  4611.721213817598   3.5869767e-16 
 4617.2391424179095   3.5897868e-16 
  4622.757071018221   3.6656632e-16 
  4628.274999618532   3.7411187e-16 
  4633.792928218843   3.7176962e-16 
  4639.310856819155    3.838514e-16 
  4644.828785419466     3.80882e-16 
  4650.346714019777   3.8927188e-16 
 4655.8646426200885    3.741249e-16 
    4661.3825712204    3.761281e-16 
  4666.900499820711   3.7070363e-16 
  4672.418428421022   3.6233163e-16 
  4677.936357021334   3.6091534e-16 
  4683.454285621645   3.4948484e-16 
  4688.972214221956    3.399681e-16 
  4694.490142822267   3.3529143e-16 
  4700.008071422579    3.279674e-16 
   4705.52600002289   3.2231372e-16 
  4711.043928623201    3.132654e-16 
  4716.561857223513   3.0933834e-16 
  4722.079785823824   3.0466025e-16 
  4727.597714424135    3.034375e-16 
  4733.115643024446   2.9749536e-16 
  4738.633571624758    3.020348e-16 
  4744.151500225069   3.0966934e-16 
   4749.66942882538    3.162026e-16 
 4755.1873574256915   3.2857996e-16 
  4760.705286026003    3.328833e-16 
  4766.223214626314   3.3619677e-16 
  4771.741143226625   3.3735358e-16 
  4777.259071826937   3.4197182e-16 
  4782.777000427248    3.458463e-16 
  4788.294929027559   3.3946264e-16 
 4793.8128576278705   3.3657466e-16 
  4799.330786228182   3.2887349e-16 
  4804.848714828493    3.348934e-16 
  4810.366643428804   3.4282994e-16 
  4815.884572029116   3.4993237e-16 
  4821.402500629427   3.4954419e-16 
  4826.920429229738   3.5333244e-16 
  4832.438357830049   3.5449629e-16 
  4837.956286430361    3.471926e-16 
  4843.474215030672   3.3571584e-16 
  4848.992143630983   3.3344288e-16 
 4854.5100722312945   3.3417623e-16 
  4860.028000831606   3.2785797e-16 
  4865.545929431917   3.1817493e-16 
  4871.063858032228   3.2022141e-16 
  4876.581786632541    3.130264e-16 
  4882.099715232852   3.1987575e-16 
  4887.617643833163   3.1686468e-16 
  4893.135572433474    3.167595e-16 
  4898.653501033786   3.2278364e-16 
  4904.171429634097   3.2172662e-16 
  4909.689358234408   3.1387446e-16 
 4915.2072868347195   3.1170775e-16 
  4920.725215435031   3.0472002e-16 
  4926.243144035342    2.958584e-16 
  4931.761072635653    2.945282e-16 
  4937.279001235965   2.9646373e-16 
  4942.796929836276   2.9759788e-16 
  4948.314858436587     2.95253e-16 
 4953.8327870368985   2.9058855e-16 
   4959.35071563721   2.9183107e-16 
  4964.868644237521   2.8387399e-16 
  4970.386572837832   2.8145777e-16 
  4975.904501438144   2.7704507e-16 
  4981.422430038455   2.8267993e-16 
  4986.940358638766   2.7806858e-16 
  4992.458287239077    2.757769e-16 
  4997.976215839389   2.6942546e-16 
    5003.4941444397    2.660034e-16 
  5009.012073040011    2.652221e-16 
  5014.530001640323   2.7678578e-16 
  5020.047930240634   2.7615773e-16 
  5025.565858840945   2.7721925e-16 
  5031.083787441256   2.7239476e-16 
  5036.601716041568    2.802394e-16 
  5042.119644641879   2.7340162e-16 
   5047.63757324219   2.6789895e-16 
 5053.1555018425015   2.5829833e-16 
  5058.673430442813   2.4960216e-16 
  5064.191359043124   2.4147268e-16 
  5069.709287643435    2.341983e-16 
  5075.227216243747    2.372473e-16 
  5080.745144844058   2.3391045e-16 
  5086.263073444369   2.3407036e-16 
 5091.7810020446805   2.4269262e-16 
  5097.298930644992    2.415325e-16 
  5102.816859245303    2.450501e-16 
  5108.334787845614    2.458692e-16 
  5113.852716445926   2.4743598e-16 
  5119.370645046237   2.4838278e-16 
  5124.888573646548   2.3827145e-16 
  5130.406502246859    2.429418e-16 
  5135.924430847171   2.4599536e-16 
  5141.442359447482    2.481236e-16 
  5146.960288047793   2.4620913e-16 
 5152.4782166481045   2.4632512e-16 
  5157.996145248416    2.464892e-16 
  5163.514073848727    2.520388e-16 
  5169.032002449038   2.5810656e-16 
   5174.54993104935   2.6514127e-16 
  5180.067859649661   2.6983667e-16 
  5185.585788249972   2.6654184e-16 
 5191.1037168502835   2.7169675e-16 
  5196.621645450595   2.7986135e-16 
  5202.139574050906   2.7963152e-16 
  5207.657502651217   2.8625378e-16 
  5213.175431251529   2.9693606e-16 
   5218.69335985184   2.9516337e-16 
  5224.211288452152   2.9294502e-16 
  5229.729217052463   2.8717932e-16 
  5235.247145652775   2.8630587e-16 
  5240.765074253086   2.8613313e-16 
  5246.283002853397   2.7900813e-16 
 5251.8009314537085    2.905691e-16 
   5257.31886005402    2.892657e-16 
  5262.836788654331    2.866648e-16 
  5268.354717254642   2.8836625e-16 
  5273.872645854954   2.8261254e-16 
  5279.390574455265   2.9456084e-16 
  5284.908503055576   2.9246825e-16 
  5290.426431655887   2.9311228e-16 
  5295.944360256199   3.0267529e-16 
   5301.46228885651    3.068599e-16 
  5306.980217456821   3.1760924e-16 
 5312.4981460571325   3.0832597e-16 
  5318.016074657444   3.1850826e-16 
  5323.534003257755   3.0409724e-16 
  5329.051931858066   3.0097055e-16 
  5334.569860458378   2.9652392e-16 
  5340.087789058689    2.853882e-16 
     5345.605717659   2.8062644e-16 
 5351.1236462593115   2.7295176e-16 
  5356.641574859623   2.7882906e-16 
  5362.159503459934   2.7217043e-16 
  5367.677432060245   2.6924972e-16 
  5373.195360660557   2.7445982e-16 
  5378.713289260868   2.6515427e-16 
  5384.231217861179   2.7742963e-16 
   5389.74914646149    2.727464e-16 
  5395.267075061802    2.706833e-16 
  5400.785003662113    2.685831e-16 
  5406.302932262424   2.7073076e-16 
  5411.820860862736     2.67708e-16 
  5417.338789463047   2.6265806e-16 
  5422.856718063358   2.7009377e-16 
  5428.374646663669   2.6365478e-16 
  5433.892575263981   2.5453057e-16 
  5439.410503864292   2.6322788e-16 
  5444.928432464603    2.636406e-16 
 5450.4463610649145   2.4754472e-16 
  5455.964289665226     2.52454e-16 
  5461.482218265537   2.4223168e-16 
  5467.000146865848    2.387799e-16 
   5472.51807546616   2.3749197e-16 
  5478.036004066471    2.364914e-16 
  5483.553932666782   2.3726634e-16 
 5489.0718612670935   2.3823474e-16 
  5494.589789867405   2.2464063e-16 
  5500.107718467716   2.2901833e-16 
  5505.625647068027   2.2917493e-16 
  5511.143575668339    2.227843e-16 
   5516.66150426865   2.2584913e-16 
  5522.179432868961   2.2012107e-16 
  5527.697361469272   2.1785633e-16 
  5533.215290069584   2.1507843e-16 
  5538.733218669895   2.2029937e-16 
  5544.251147270206   2.1545927e-16 
  5549.769075870518   2.1013813e-16 
  5555.287004470829   2.0258938e-16 
   5560.80493307114    2.002059e-16 
  5566.322861671451   2.0010759e-16 
  5571.840790271763    1.885784e-16 
  5577.358718872074   1.8683869e-16 
  5582.876647472385   1.8437652e-16 
 5588.3945760726965   1.8622967e-16 
  5593.912504673008   1.9470938e-16 
  5599.430433273319   1.9574068e-16 
   5604.94836187363   1.9685336e-16 
  5610.466290473942   1.9933635e-16 
  5615.984219074253   2.0054082e-16 
  5621.502147674564   2.1024071e-16 
 5627.0200762748755   2.0345807e-16 
  5632.538004875187    2.023086e-16 
  5638.055933475498   1.9523559e-16 
  5643.573862075809   1.9527455e-16 
  5649.091790676121    1.910096e-16 
  5654.609719276432   1.8563943e-16 
  5660.127647876743   1.9008049e-16 
  5665.645576477054   1.7909036e-16 
  5671.163505077366   1.8394318e-16 
  5676.681433677677   1.7540213e-16 
  5682.199362277988    1.761755e-16 
 5687.7172908782995   1.6806893e-16 
  5693.235219478611    1.663429e-16 
  5698.753148078922   1.7502271e-16 
  5704.271076679233   1.7547015e-16 
  5709.789005279545   1.7808292e-16 
  5715.306933879856   1.8461972e-16 
  5720.824862480167   1.8345267e-16 
 5726.3427910804785   1.8291879e-16 
   5731.86071968079    1.820158e-16 
  5737.378648281101   1.8252685e-16 
  5742.896576881412   1.9108752e-16 
  5748.414505481724   1.8424283e-16 
  5753.932434082035   1.9028235e-16 
  5759.450362682346   1.8957679e-16 
  5764.968291282657   1.9043813e-16 
  5770.486219882969   1.9145067e-16 
   5776.00414848328    1.961134e-16 
  5781.522077083591   1.9542154e-16 
  5787.040005683903   1.9475367e-16 
  5792.557934284214   1.9415292e-16 
  5798.075862884525    2.033225e-16 
  5803.593791484836   2.0098627e-16 
  5809.111720085148   2.0316834e-16 
  5814.629648685459   2.0039431e-16 
   5820.14757728577   2.0213103e-16 
 5825.6655058860815   1.9672965e-16 
  5831.183434486393    1.970998e-16 
  5836.701363086704   1.9119483e-16 
  5842.219291687015   1.7890878e-16 
  5847.737220287327   1.7567308e-16 
  5853.255148887638   1.7162661e-16 
  5858.773077487949   1.6938835e-16 
 5864.2910060882605   1.7399877e-16 
  5869.808934688572   1.7275302e-16 
  5875.326863288884   1.7588827e-16 
  5880.844791889195    1.788793e-16 
 5886.3627204895065   1.7972174e-16 
  5891.880649089818   1.8045418e-16 
  5897.398577690129   1.8488677e-16 
   5902.91650629044   1.9106915e-16 
  5908.434434890752   1.9802834e-16 
  5913.952363491063   1.9680486e-16 
  5919.470292091374   1.9005832e-16 
 5924.9882206916855   1.9458627e-16 
  5930.506149291997   1.9915251e-16 
  5936.024077892308   1.9904341e-16 
  5941.542006492619   1.9626865e-16 
  5947.059935092931    1.949954e-16 
  5952.577863693242   1.9770228e-16 
  5958.095792293553   1.9827902e-16 
  5963.613720893864    1.948632e-16 
  5969.131649494176   1.9228871e-16 
  5974.649578094487   1.9743008e-16 
  5980.167506694798   2.0103226e-16 
 5985.6854352951095   2.0345712e-16 
  5991.203363895421   2.0332576e-16 
  5996.721292495732   2.0153238e-16 
  6002.239221096043   1.9787628e-16 
  6007.757149696355   1.9081258e-16 
  6013.275078296666   1.9278847e-16 
  6018.793006896977   1.9305313e-16 
 6024.3109354972885   1.9774864e-16 
    6029.8288640976   1.9651912e-16 
  6035.346792697911   1.9623255e-16 
  6040.864721298222   2.0427703e-16 
  6046.382649898534   2.0387109e-16 
  6051.900578498845   2.0478563e-16 
  6057.418507099156   2.0090482e-16 
  6062.936435699467   1.9684792e-16 
  6068.454364299779   2.0278775e-16 
   6073.97229290009   2.0422717e-16 
  6079.490221500401   2.0143768e-16 
  6085.008150100713   1.9804178e-16 
  6090.526078701024   1.9633694e-16 
  6096.044007301335     2.02759e-16 
  6101.561935901646   1.9328475e-16 
  6107.079864501958   1.8936498e-16 
   6112.59779310227   1.9434443e-16 
  6118.115721702581   1.9592304e-16 
  6123.633650302892   1.8929152e-16 
  6129.151578903204    1.814545e-16 
  6134.669507503515   1.7655479e-16 
  6140.187436103826   1.8001426e-16 
 6145.7053647041375   1.8383145e-16 
  6151.223293304449    1.806962e-16 
   6156.74122190476   1.7956369e-16 
  6162.259150505071   1.8228841e-16 
  6167.777079105383   1.8684304e-16 
  6173.295007705694   1.8047523e-16 
  6178.812936306005   1.7635488e-16 
 6184.3308649063165   1.7588208e-16 
  6189.848793506628    1.722892e-16 
  6195.366722106939   1.6742253e-16 
   6200.88465070725   1.7204659e-16 
  6206.402579307562   1.6456238e-16 
  6211.920507907873   1.5828342e-16 
  6217.438436508184   1.5859796e-16 
  6222.956365108495   1.5755299e-16 
  6228.474293708807   1.5740887e-16 
  6233.992222309118   1.5316248e-16 
  6239.510150909429   1.5156691e-16 
  6245.028079509741   1.4721763e-16 
  6250.546008110052     1.48709e-16 
  6256.063936710363   1.4863203e-16 
  6261.581865310674   1.4692247e-16 
  6267.099793910986   1.5317171e-16 
  6272.617722511297   1.5191187e-16 
  6278.135651111608   1.4937593e-16 
 6283.6535797119195   1.5025807e-16 
  6289.171508312231   1.4767413e-16 
  6294.689436912542   1.4639206e-16 
  6300.207365512853   1.5657014e-16 
  6305.725294113165    1.573533e-16 
  6311.243222713476   1.5538545e-16 
  6316.761151313787   1.4973863e-16 
 6322.2790799140985    1.550923e-16 
   6327.79700851441   1.5067659e-16 
  6333.314937114721   1.5597584e-16 
  6338.832865715032   1.5119226e-16 
  6344.350794315344   1.5623224e-16 
  6349.868722915655   1.5154603e-16 
  6355.386651515966   1.5617825e-16 
  6360.904580116277   1.4615958e-16 
  6366.422508716589   1.4955407e-16 
    6371.9404373169    1.492033e-16 
  6377.458365917211    1.419179e-16 
  6382.976294517523   1.4136809e-16 
  6388.494223117834    1.401216e-16 
  6394.012151718145   1.3795898e-16 
  6399.530080318456    1.397302e-16 
  6405.048008918768   1.3822627e-16 
  6410.565937519079   1.3729501e-16 
   6416.08386611939   1.3617416e-16 
 6421.6017947197015   1.3942598e-16 
  6427.119723320013    1.319734e-16 
  6432.637651920324   1.3447961e-16 
  6438.155580520635   1.2957708e-16 
  6443.673509120947   1.2925852e-16 
  6449.191437721258    1.311058e-16 
  6454.709366321569   1.3110473e-16 
 6460.2272949218805   1.2990526e-16 
  6465.745223522192   1.2792564e-16 
  6471.263152122503   1.2569159e-16 
  6476.781080722814   1.2470388e-16 
  6482.299009323126    1.278673e-16 
  6487.816937923437   1.3283517e-16 
  6493.334866523748   1.2907567e-16 
  6498.852795124059   1.2914939e-16 
  6504.370723724371    1.338993e-16 
  6509.888652324682   1.2714469e-16 
  6515.406580924993   1.2770816e-16 
 6520.9245095253045   1.3023286e-16 
  6526.442438125616   1.2817366e-16 
  6531.960366725927   1.3006061e-16 
  6537.478295326238   1.2924231e-16 
   6542.99622392655   1.2324606e-16 
  6548.514152526861    1.263171e-16 
  6554.032081127172   1.2382235e-16 
 6559.5500097274835   1.2473978e-16 
  6565.067938327795   1.2763496e-16 
  6570.585866928106   1.2124861e-16 
  6576.103795528417   1.1916442e-16 
  6581.621724128729   1.1802337e-16 
   6587.13965272904   1.2342088e-16 
  6592.657581329351   1.2201298e-16 
  6598.175509929662   1.2017779e-16 
  6603.693438529974   1.2096865e-16 
  6609.211367130285   1.2552431e-16 
  6614.729295730596   1.2243472e-16 
  6620.247224330908   1.2213109e-16 
  6625.765152931219   1.1608028e-16 
   6631.28308153153   1.2255045e-16 
  6636.801010131841   1.2267254e-16 
  6642.318938732153     1.25018e-16 
  6647.836867332464   1.2329396e-16 
  6653.354795932775   1.2373306e-16 
 6658.8727245330865   1.2445431e-16 
  6664.390653133398   1.2185391e-16 
  6669.908581733709   1.2174978e-16 
   6675.42651033402   1.1735057e-16 
  6680.944438934332    1.173182e-16 
  6686.462367534643   1.2129578e-16 
  6691.980296134954   1.1847985e-16 
 6697.4982247352655   1.1774956e-16 
  6703.016153335577   1.1546528e-16 
  6708.534081935888   1.1719715e-16 
  6714.052010536199   1.1525295e-16 
  6719.569939136511   1.1432917e-16 
  6725.087867736822   1.1467684e-16 
  6730.605796337133    1.179051e-16 
  6736.123724937444   1.1399916e-16 
  6741.641653537756   1.1551678e-16 
  6747.159582138067  1.10784716e-16 
  6752.677510738378   1.0992861e-16 
 6758.1954393386895   1.1415593e-16 
  6763.713367939001    1.130009e-16 
  6769.231296539312   1.1012918e-16 
  6774.749225139623   1.1370208e-16 
  6780.267153739935   1.1307131e-16 
  6785.785082340246   1.1314438e-16 
  6791.303010940557   1.1447133e-16 
 6796.8209395408685   1.1626769e-16 
   6802.33886814118    1.131351e-16 
  6807.856796741491   1.1268145e-16 
  6813.374725341803   1.1103048e-16 
 6818.8926539421145   1.1202827e-16 
  6824.410582542426   1.1266844e-16 
  6829.928511142737  1.07929395e-16 
  6835.446439743048   1.0917932e-16 
   6840.96436834336   1.0667951e-16 
  6846.482296943671  1.07960854e-16 
  6852.000225543982   1.1240843e-16 
 6857.5181541442935  1.10816904e-16 
  6863.036082744605    1.121582e-16 
  6868.554011344916   1.0141674e-16 
  6874.071939945227    9.054105e-17 
  6879.589868545539    9.395027e-17 
   6885.10779714585    9.924221e-17 
  6890.625725746161  1.02098724e-16 
  6896.143654346472    9.685716e-17 
  6901.661582946784    9.707551e-17 
  6907.179511547095    1.003284e-16 
  6912.697440147406  1.02611735e-16 
  6918.215368747718   1.0319219e-16 
  6923.733297348029  1.07328286e-16 
   6929.25122594834   1.0394901e-16 
  6934.769154548651   1.0332999e-16 
  6940.287083148963   1.0738594e-16 
  6945.805011749274   1.0102931e-16 
  6951.322940349585  1.04187256e-16 
 6956.8408689498965    9.912681e-17 
  6962.358797550208  1.05784965e-16 
  6967.876726150519   1.0169763e-16 
   6973.39465475083  1.07885594e-16 
  6978.912583351142   1.0330157e-16 
  6984.430511951453   1.0285228e-16 
  6989.948440551764  1.05920775e-16 
 6995.4663691520755  1.02463504e-16 
  7000.984297752387   9.9649376e-17 
  7006.502226352698   1.0084137e-16 
  7012.020154953009    9.773973e-17 
  7017.538083553321    9.809315e-17 
  7023.056012153632    1.016887e-16 
  7028.573940753943     9.96391e-17 
  7034.091869354254    9.597072e-17 
  7039.609797954566    9.977452e-17 
  7045.127726554877   1.0315499e-16 
  7050.645655155189    9.756145e-17 
    7056.1635837555    9.501187e-17 
  7061.681512355812   9.7060725e-17 
  7067.199440956123    9.841333e-17 
  7072.717369556434    9.154166e-17 
  7078.235298156746   9.8022325e-17 
  7083.753226757057    9.580851e-17 
  7089.271155357368  1.01170826e-16 
  7094.789083957679   1.0576927e-16 
  7100.307012557991     1.04095e-16 
  7105.824941158302    9.423525e-17 
  7111.342869758613  1.00915016e-16 
 7116.8607983589245   1.0339135e-16 
  7122.378726959236  1.00939494e-16 
  7127.896655559547  1.05192817e-16 
  7133.414584159858   9.8434275e-17 
   7138.93251276017    9.836955e-17 
  7144.450441360481    9.928529e-17 
  7149.968369960792    9.680594e-17 
 7155.4862985611035    9.238758e-17 
  7161.004227161415    8.833503e-17 
  7166.522155761726   8.6790754e-17 
  7172.040084362037    8.561307e-17 
  7177.558012962349   7.8995484e-17 
   7183.07594156266    7.767683e-17 
  7188.593870162971    7.921534e-17 
  7194.111798763282    7.388207e-17 
  7199.629727363594    7.344903e-17 
  7205.147655963905    7.356374e-17 
  7210.665584564216    7.529161e-17 
 7216.1835131645275   7.7832084e-17 
  7221.701441764839    8.199626e-17 
   7227.21937036515    8.370555e-17 
  7232.737298965461    8.196032e-17 
  7238.255227565773    7.970574e-17 
  7243.773156166084    7.823027e-17 
  7249.291084766395     7.80802e-17 
 7254.8090133667065    7.768429e-17 
  7260.326941967018   7.7037104e-17 
  7265.844870567329    8.755053e-17 
   7271.36279916764     8.57815e-17 
  7276.880727767952   8.9383966e-17 
  7282.398656368263    8.514759e-17 
  7287.916584968574    8.587483e-17 
  7293.434513568885    8.709014e-17 
  7298.952442169197    8.822537e-17 
  7304.470370769508   9.2983174e-17 
  7309.988299369819    9.458468e-17 
  7315.506227970131    9.658215e-17 
  7321.024156570442   9.7149603e-17 
  7326.542085170753  1.00775354e-16 
  7332.060013771064   1.0317727e-16 
  7337.577942371376  1.04706216e-16 
  7343.095870971687   1.0713236e-16 
  7348.613799571998   1.0299114e-16 
 7354.1317281723095   1.0442899e-16 
  7359.649656772621    1.095843e-16 
  7365.167585372932   1.1403532e-16 
  7370.685513973243   1.1032521e-16 
  7376.203442573555   1.1382106e-16 
  7381.721371173866   1.0907334e-16 
  7387.239299774177   1.1416828e-16 
 7392.7572283744885  1.10205194e-16 
    7398.2751569748     1.17845e-16 
  7403.793085575111   1.1807348e-16 
  7409.311014175422   1.1528636e-16 
  7414.828942775734   1.1677887e-16 
  7420.346871376045   1.1699979e-16 
  7425.864799976356   1.1808762e-16 
  7431.382728576667   1.2133891e-16 
  7436.900657176979    1.162737e-16 
   7442.41858577729     1.07203e-16 
  7447.936514377601  1.07303325e-16 
  7453.454442977913   1.1312028e-16 
  7458.972371578224    1.118332e-16 
  7464.490300178535    1.151581e-16 
  7470.008228778846   1.1067713e-16 
  7475.526157379158   1.0167515e-16 
  7481.044085979469  1.06961474e-16 
   7486.56201457978  1.08893265e-16 
 7492.0799431800915   1.0763938e-16 
  7497.597871780403  1.04676166e-16 
  7503.115800380714   1.0105064e-16 
  7508.633728981025  1.03938096e-16 
  7514.151657581337  1.01558575e-16 
  7519.669586181648   1.1015152e-16 
  7525.187514781959   1.0928889e-16 
 7530.7054433822705   1.0401505e-16 
  7536.223371982582    9.972819e-17 
  7541.741300582893   9.9101545e-17 
  7547.259229183204    9.883087e-17 
  7552.777157783516    9.909889e-17 
  7558.295086383827   1.0743491e-16 
  7563.813014984138  1.06197073e-16 
  7569.330943584449    9.425894e-17 
  7574.848872184761    9.503837e-17 
  7580.366800785072    9.372258e-17 
  7585.884729385383    9.930153e-17 
 7591.4026579856945   9.8751826e-17 
  7596.920586586006    8.087542e-17 
  7602.438515186317   5.4543125e-17 
  7607.956443786628   3.4596482e-17 
   7613.47437238694    3.246568e-17 
  7618.992300987251    4.638657e-17 
  7624.510229587562   6.3350765e-17 
 7630.0281581878735    5.985687e-17 
  7635.546086788185   5.0213668e-17 
  7641.064015388496   5.4335982e-17 
  7646.581943988807   5.2503963e-17 
  7652.099872589119    6.608396e-17 
   7657.61780118943     7.17681e-17 
  7663.135729789741    8.277897e-17 
  7668.653658390052    8.423915e-17 
  7674.171586990364    8.417456e-17 
  7679.689515590675   8.6143145e-17 
  7685.207444190986    8.983058e-17 
  7690.725372791298   9.7841484e-17 
  7696.243301391609    9.359235e-17 
   7701.76122999192   8.9663295e-17 
  7707.279158592231   8.6993685e-17 
  7712.797087192543   8.0342246e-17 
  7718.315015792854    8.331174e-17 
  7723.832944393165   8.5443926e-17 
 7729.3508729934765   9.3735406e-17 
  7734.868801593789   9.4827006e-17 
    7740.3867301941   8.7720486e-17 
  7745.904658794411    8.876055e-17 
 7751.4225873947225   9.0470914e-17 
  7756.940515995034    8.817953e-17 
  7762.458444595345    9.295915e-17 
  7767.976373195656    9.458582e-17 
  7773.494301795968    8.845948e-17 
  7779.012230396279    8.656301e-17 
   7784.53015899659    9.072029e-17 
 7790.0480875969015      8.7149e-17 
  7795.566016197213    9.570764e-17 
  7801.083944797524    9.480995e-17 
  7806.601873397835    8.763099e-17 
  7812.119801998147     8.02796e-17 
  7817.637730598458    7.738684e-17 
  7823.155659198769    8.464032e-17 
   7828.67358779908   9.3182915e-17 
  7834.191516399392     9.40895e-17 
  7839.709444999703   8.6685266e-17 
  7845.227373600014    8.499371e-17 
  7850.745302200326    7.942914e-17 
  7856.263230800637    7.601155e-17 
  7861.781159400948    7.840417e-17 
  7867.299088001259   9.2710377e-17 
  7872.817016601571    9.386065e-17 
  7878.334945201882      8.8835e-17 
  7883.852873802193   8.1731625e-17 
 7889.3708024025045    7.528309e-17 
  7894.888731002816    8.359497e-17 
  7900.406659603127   8.6991706e-17 
  7905.924588203438    8.074351e-17 
   7911.44251680375   7.4645996e-17 
  7916.960445404061    6.239034e-17 
  7922.478374004372    7.007743e-17 
 7927.9963026046835    7.921541e-17 
  7933.514231204995    8.517788e-17 
  7939.032159805306    9.104144e-17 
  7944.550088405617   8.4152564e-17 
  7950.068017005929    8.067688e-17 
   7955.58594560624    7.581222e-17 
  7961.103874206551   8.0409956e-17 
  7966.621802806862    8.918407e-17 
  7972.139731407174     8.50455e-17 
  7977.657660007485    7.675255e-17 
  7983.175588607796    7.505467e-17 
  7988.693517208108    7.391774e-17 
  7994.211445808419   6.8557053e-17 
   7999.72937440873    6.770063e-17 
  8005.247303009041   7.4129425e-17 
  8010.765231609353   8.0790565e-17 
  8016.283160209664   7.7624554e-17 
  8021.801088809975    7.027946e-17 
 8027.3190174102865   6.4483685e-17 
  8032.836946010598   6.7329696e-17 
  8038.354874610909   7.4012885e-17 
   8043.87280321122   7.6233005e-17 
  8049.390731811532    7.790113e-17 
  8054.908660411843    7.654436e-17 
  8060.426589012154    7.522407e-17 
 8065.9445176124655    6.645018e-17 
  8071.462446212777    7.387656e-17 
  8076.980374813088    7.633565e-17 
  8082.498303413399    7.671453e-17 
  8088.016232013711     6.95997e-17 
  8093.534160614022     6.92184e-17 
  8099.052089214333   6.1799405e-17 
  8104.570017814644   7.1073635e-17 
  8110.087946414957   7.3669844e-17 
  8115.605875015268   7.7450575e-17 
  8121.123803615579    8.061921e-17 
   8126.64173221589    7.386572e-17 
  8132.159660816202    6.834336e-17 
  8137.677589416513   6.7884205e-17 
  8143.195518016824    7.124659e-17 
  8148.713446617136    7.617491e-17 
  8154.231375217447   7.4448584e-17 
  8159.749303817758    7.063359e-17 
  8165.267232418069    6.868054e-17 
  8170.785161018381    6.603622e-17 
  8176.303089618692    6.652179e-17 
  8181.821018219003    6.476274e-17 
 8187.3389468193145    6.473836e-17 
  8192.856875419626    7.421284e-17 
  8198.374804019937    7.509573e-17 
  8203.892732620248    6.388174e-17 
   8209.41066122056    6.781324e-17 
  8214.928589820871    7.044169e-17 
  8220.446518421182   6.9395676e-17 
  8225.964447021493   7.2656336e-17 
  8231.482375621805   7.6098936e-17 
  8237.000304222116   6.9313586e-17 
  8242.518232822427   6.7819016e-17 
  8248.036161422739    7.222768e-17 
   8253.55409002305    7.243572e-17 
  8259.072018623361    7.260453e-17 
  8264.589947223672   7.4346186e-17 
  8270.107875823984    7.013039e-17 
  8275.625804424295   6.0247415e-17 
  8281.143733024606   5.7390876e-17 
  8286.661661624918   5.8893804e-17 
  8292.179590225229    7.437934e-17 
   8297.69751882554   8.5069795e-17 
  8303.215447425851    7.345817e-17 
  8308.733376026163    6.506327e-17 
  8314.251304626474   6.4470596e-17 
  8319.769233226785   5.9502046e-17 
  8325.287161827096    6.201384e-17 
  8330.805090427408    7.299969e-17 
  8336.323019027719    7.444493e-17 
   8341.84094762803    6.767835e-17 
  8347.358876228342    6.038705e-17 
  8352.876804828653    5.513272e-17 
  8358.394733428964    6.616085e-17 
  8363.912662029275    6.264173e-17 
  8369.430590629587    7.916228e-17 
  8374.948519229898   7.2616135e-17 
   8380.46644783021   7.2719234e-17 
   8385.98437643052     6.09748e-17 
  8391.502305030832    6.684316e-17 
  8397.020233631143     6.93842e-17 
  8402.538162231454    8.402585e-17 
  8408.056090831766   9.8462584e-17 
  8413.574019432077    9.629543e-17 
  8419.091948032388    8.278636e-17 
    8424.6098766327    6.588207e-17 
   8430.12780523301   8.1344445e-17 
  8435.645733833322   7.4736086e-17 
  8441.163662433633     8.38288e-17 
  8446.681591033945    9.390215e-17 
  8452.199519634256    8.929292e-17 
  8457.717448234567    8.507063e-17 
  8463.235376834878    7.253479e-17 
   8468.75330543519    7.257013e-17 
  8474.271234035501    8.164753e-17 
  8479.789162635812    8.480984e-17 
  8485.307091236124    9.845917e-17 
  8490.825019836435   1.0150439e-16 
  8496.342948436746    8.342457e-17 
  8501.860877037057    7.659763e-17 
  8507.378805637369    8.092713e-17 
   8512.89673423768   8.8385446e-17 
  8518.414662837991   8.7313725e-17 
  8523.932591438303   9.2677944e-17 
  8529.450520038614    8.653385e-17 
  8534.968448638925    7.846059e-17 
  8540.486377239236    8.213014e-17 
  8546.004305839548    8.208096e-17 
  8551.522234439859    8.717778e-17 
   8557.04016304017    9.475781e-17 
  8562.558091640482    9.245909e-17 
  8568.076020240793    8.521746e-17 
  8573.593948841104   7.8985233e-17 
  8579.111877441415    7.695689e-17 
  8584.629806041728    8.004526e-17 
   8590.14773464204    8.744167e-17 
  8595.665663242351    9.583471e-17 
  8601.183591842662    9.261105e-17 
  8606.701520442974    8.768646e-17 
  8612.219449043285     8.38947e-17 
  8617.737377643596    7.290863e-17 
  8623.255306243907    7.554548e-17 
  8628.773234844219    8.750051e-17 
   8634.29116344453    8.898297e-17 
  8639.809092044841    8.717945e-17 
  8645.327020645153    7.281697e-17 
  8650.844949245464   6.5240066e-17 
  8656.362877845775   6.3695005e-17 
  8661.880806446086    6.460911e-17 
  8667.398735046398    7.934743e-17 
  8672.916663646709   7.7544966e-17 
   8678.43459224702   7.9679245e-17 
  8683.952520847331   6.6728726e-17 
  8689.470449447643    6.711266e-17 
  8694.988378047954    6.483997e-17 
  8700.506306648265    5.999669e-17 
  8706.024235248577   6.5424474e-17 
  8711.542163848888   8.2493796e-17 
    8717.0600924492    7.832101e-17 
   8722.57802104951    7.007722e-17 
  8728.095949649822    6.538598e-17 
  8733.613878250133   6.7354915e-17 
  8739.131806850444    6.592856e-17 
  8744.649735450756    6.254618e-17 
  8750.167664051067     6.94404e-17 
  8755.685592651378    6.407667e-17 
   8761.20352125169   4.0595328e-17 
     8766.721449852     3.05965e-17 
  8772.239378452312   3.8134224e-17 
  8777.757307052623   4.9469844e-17 
  8783.275235652934   4.9771173e-17 
  8788.793164253246   4.8736158e-17 
  8794.311092853557    4.871655e-17 
  8799.829021453868   4.2480856e-17 
   8805.34695005418   3.9279125e-17 
   8810.86487865449   4.0085172e-17 
  8816.382807254802   5.4186203e-17 
  8821.900735855113   7.8104915e-17 
  8827.418664455425    6.141174e-17 
  8832.936593055736   5.3749002e-17 
  8838.454521656047    4.314018e-17 
  8843.972450256359   4.3703674e-17 
   8849.49037885667    5.325759e-17 
  8855.008307456981   5.3530795e-17 
  8860.526236057292   6.0844607e-17 
  8866.044164657604   4.6892293e-17 
  8871.562093257915   4.5813345e-17 
  8877.080021858226   3.6861706e-17 
  8882.597950458538    3.193108e-17 
  8888.115879058849   5.0666904e-17 
   8893.63380765916    4.737169e-17 
  8899.151736259471   4.0532283e-17 
  8904.669664859783   3.1553794e-17 
  8910.187593460094   2.6232031e-17 
  8915.705522060405   3.9372867e-17 
  8921.223450660716     5.60947e-17 
  8926.741379261028    5.400521e-17 
  8932.259307861339    5.967426e-17 
   8937.77723646165   6.0719074e-17 
  8943.295165061962     4.79862e-17 
  8948.813093662273   4.5391096e-17 
  8954.331022262584    5.755589e-17 
  8959.848950862895   6.8620885e-17 
  8965.366879463207    6.913819e-17 
  8970.884808063518   6.3223684e-17 
   8976.40273666383   5.3190033e-17 
   8981.92066526414   4.5641785e-17 
  8987.438593864452   5.6206704e-17 
  8992.956522464763    6.876638e-17 
  8998.474451065074    6.627481e-17 
  9003.992379665386    6.457328e-17 
  9009.510308265697     6.13369e-17 
  9015.028236866008   4.4799483e-17 
   9020.54616546632   5.8639105e-17 
   9026.06409406663    6.036603e-17 
  9031.582022666942   6.9117366e-17 
  9037.099951267253    7.326248e-17 
  9042.617879867565     7.13184e-17 
  9048.135808467876   6.6993576e-17 
  9053.653737068187    7.040204e-17 
  9059.171665668498    6.965534e-17 
   9064.68959426881   7.2810085e-17 
  9070.207522869121    7.783361e-17 
  9075.725451469432    7.139045e-17 
  9081.243380069744   7.1599013e-17 
  9086.761308670055   7.3963334e-17 
  9092.279237270366   6.9634096e-17 
  9097.797165870677   7.7491934e-17 
  9103.315094470989    7.558925e-17 
    9108.8330230713    7.405271e-17 
  9114.350951671611   6.5461816e-17 
  9119.868880271923   6.8052685e-17 
  9125.386808872234    7.360131e-17 
  9130.904737472545   7.3994244e-17 
  9136.422666072856   6.2478335e-17 
  9141.940594673168      6.1716e-17 
  9147.458523273479    6.580391e-17 
   9152.97645187379   6.7501703e-17 
  9158.494380474101    7.754744e-17 
  9164.012309074413    6.943257e-17 
  9169.530237674724    5.877188e-17 
  9175.048166275035   6.7723884e-17 
  9180.566094875347    6.378438e-17 
  9186.084023475658    6.568873e-17 
   9191.60195207597    7.232951e-17 
   9197.11988067628   6.7234603e-17 
  9202.637809276592    6.632905e-17 
  9208.155737876903    6.727132e-17 
  9213.673666477214    5.905936e-17 
  9219.191595077526    7.272854e-17 
  9224.709523677837    7.965386e-17 
  9230.227452278148    7.915813e-17 
