# STATUS =
# OBJECT = 2019hge
# TELESCOPE = ESO-NTT
# INSTRUMENT = EFOSC2-NTT
# DATE-OBS = 2019-08-28 02:51:04.00
# MJD = 58723.11879630014
# EXPTIME = 2700
# AIRMASS = 2.028
# SLIT = 1.0
# DISPERSER = Free
# SOURCE = --
# FILTER =
# RESOLUTION =
# FLUX_STANDARD =
# EXTINCTION_CORRECTED = --
# PHOTOMETRY_CALIBRATED =
# TELLURIC_CORRECTED =
# FLUX_UNITS = erg cm(-2) sec(-1) Ang(-1)
# WAVE_UNITS = Angstrom
# QUALITY = Medium
# MIN_WAVE = 3341.2692871094
# MAX_WAVE = 7461.1406745911
# COMMENT = --
         Wavelength            Flux 
  3345.348367691035   1.5794561e-16 
    3349.4274482727    9.400245e-17 
  3353.506528854365  -3.8511647e-17 
   3357.58560943603  -2.4840206e-17 
  3361.664690017695  -3.3675654e-17 
 3365.7437705993602   5.7406923e-17 
 3369.8228511810253  -1.2981432e-17 
 3373.9019317626903   1.9704436e-17 
 3377.9810123443553     8.20653e-17 
 3382.0600929260204    6.847434e-17 
 3386.1391735076854   1.9555873e-17 
 3390.2182540893505   8.9729396e-17 
 3394.2973346710155   1.2745832e-17 
 3398.3764152526805  1.05033515e-16 
 3402.4554958343456   7.4254065e-17 
 3406.5345764160106     3.01476e-17 
 3410.6136569976757   4.7092785e-17 
 3414.6927375793407    2.802331e-17 
 3418.7718181610057   -7.480441e-18 
  3422.850898742671   9.6269675e-17 
 3426.9299793243363    3.294393e-17 
 3431.0090599060013   3.8528862e-17 
 3435.0881404876664    4.392419e-17 
 3439.1672210693314    7.605766e-17 
 3443.2463016509964    4.101353e-17 
 3447.3253822326615     8.73195e-17 
 3451.4044628143265   6.3559645e-17 
 3455.4835433959915    6.405983e-17 
 3459.5626239776566   2.6196573e-17 
 3463.6417045593216   7.3873105e-17 
 3467.7207851409867   4.9917054e-17 
 3471.7998657226517    6.154769e-17 
 3475.8789463043167    4.150315e-17 
  3479.958026885982   3.5065834e-17 
  3484.037107467647    5.410042e-17 
  3488.116188049312    7.437785e-17 
  3492.195268630977     6.53031e-17 
  3496.274349212642   4.6974283e-17 
  3500.353429794307    7.407588e-17 
  3504.432510375972   2.1553776e-17 
  3508.511590957637    6.620304e-17 
  3512.590671539302    8.133653e-17 
  3516.669752120967    6.905718e-17 
  3520.748832702632   3.8316488e-17 
  3524.827913284297   4.5027798e-17 
 3528.9069938659622   3.9725243e-17 
 3532.9860744476273    5.299065e-17 
 3537.0651550292923    3.200078e-17 
 3541.1442356109574    4.360061e-17 
 3545.2233161926224    2.960743e-17 
 3549.3023967742874   4.9322073e-17 
 3553.3814773559525    4.897449e-17 
 3557.4605579376175   1.7816996e-17 
 3561.5396385192826   4.6164206e-17 
 3565.6187191009476    4.319969e-17 
 3569.6977996826126   5.3972834e-17 
 3573.7768802642777   3.4726256e-17 
 3577.8559608459427   4.6908986e-17 
 3581.9350414276078   3.0079715e-17 
  3586.014122009273   2.8413538e-17 
  3590.093202590938   3.2806297e-17 
  3594.172283172603    4.448823e-17 
  3598.251363754268    5.430672e-17 
  3602.330444335933   4.6962875e-17 
  3606.409524917598   5.3805677e-17 
  3610.488605499263    5.831487e-17 
 3614.5676860809285   3.3288815e-17 
 3618.6467666625936   6.3371677e-17 
 3622.7258472442586    6.698686e-17 
 3626.8049278259236    5.957489e-17 
 3630.8840084075887   4.8133213e-17 
 3634.9630889892537   5.3222743e-17 
 3639.0421695709188    5.612877e-17 
  3643.121250152584     5.74189e-17 
  3647.200330734249    6.905033e-17 
  3651.279411315914   6.8792046e-17 
  3655.358491897579   6.1617974e-17 
  3659.437572479244    5.167142e-17 
  3663.516653060909    5.768979e-17 
  3667.595733642574   5.5481584e-17 
  3671.674814224239     6.33718e-17 
  3675.753894805904    5.175304e-17 
  3679.832975387569    6.135653e-17 
  3683.912055969234    6.388466e-17 
 3687.9911365508992    5.612213e-17 
 3692.0702171325643   5.2461336e-17 
 3696.1492977142293    5.819562e-17 
 3700.2283782958943    6.297323e-17 
 3704.3074588775594   7.3103595e-17 
 3708.3865394592244   4.7136004e-17 
 3712.4656200408895    5.160418e-17 
 3716.5447006225545    7.909885e-17 
 3720.6237812042195   6.3330026e-17 
 3724.7028617858846    7.433333e-17 
 3728.7819423675496     7.08141e-17 
 3732.8610229492147    6.869897e-17 
 3736.9401035308797    5.825024e-17 
 3741.0191841125447    5.968243e-17 
   3745.09826469421   5.2815188e-17 
  3749.177345275875    6.918565e-17 
   3753.25642585754   5.7691996e-17 
  3757.335506439205    7.120398e-17 
   3761.41458702087    7.155166e-17 
 3765.4936676025354     6.16752e-17 
 3769.5727481842005    6.690854e-17 
 3773.6518287658655   7.0456955e-17 
 3777.7309093475305   6.7757726e-17 
 3781.8099899291956    7.605527e-17 
 3785.8890705108606   7.3764916e-17 
 3789.9681510925257       7.432e-17 
 3794.0472316741907    7.346567e-17 
 3798.1263122558557    6.575056e-17 
  3802.205392837521    6.610927e-17 
  3806.284473419186    6.516794e-17 
  3810.363554000851    5.984318e-17 
  3814.442634582516    5.806673e-17 
  3818.521715164181    6.779049e-17 
  3822.600795745846    7.011873e-17 
  3826.679876327511   6.8933096e-17 
  3830.758956909176    6.551087e-17 
  3834.838037490841    7.543012e-17 
  3838.917118072506    6.241059e-17 
  3842.996198654171    6.749759e-17 
  3847.075279235836    7.163048e-17 
 3851.1543598175012    6.630167e-17 
 3855.2334403991663    6.390114e-17 
 3859.3125209808313     6.61826e-17 
 3863.3916015624964   6.9122865e-17 
 3867.4706821441614   7.4037496e-17 
 3871.5497627258264    7.353229e-17 
 3875.6288433074915    6.577164e-17 
 3879.7079238891565    6.429653e-17 
 3883.7870044708216    6.869507e-17 
 3887.8660850524866    6.086279e-17 
 3891.9451656341516    6.630948e-17 
 3896.0242462158167    7.452192e-17 
 3900.1033267974817   6.6880325e-17 
 3904.1824073791468    6.901861e-17 
  3908.261487960812    7.680602e-17 
  3912.340568542477    7.502057e-17 
  3916.419649124142    6.719595e-17 
  3920.498729705807    7.136622e-17 
  3924.577810287472    6.640602e-17 
  3928.656890869137    7.595063e-17 
  3932.735971450802   7.1777234e-17 
  3936.815052032467   6.5523756e-17 
  3940.894132614132   7.5139406e-17 
  3944.973213195797    6.865998e-17 
  3949.052293777462    6.763904e-17 
  3953.131374359127    6.644666e-17 
 3957.2104549407923    6.602879e-17 
 3961.2895355224573    6.345682e-17 
 3965.3686161041223    6.783167e-17 
 3969.4476966857874    7.758664e-17 
  3973.526777267453    6.630688e-17 
  3977.605857849118    6.798077e-17 
  3981.684938430783     6.11549e-17 
  3985.764019012448     6.63694e-17 
  3989.843099594113   6.5201427e-17 
  3993.922180175778    7.206955e-17 
  3998.001260757443    7.513617e-17 
  4002.080341339108      7.3131e-17 
  4006.159421920773    6.693972e-17 
  4010.238502502438   7.1334905e-17 
 4014.3175830841033    6.741696e-17 
 4018.3966636657683    7.025553e-17 
 4022.4757442474333   7.6083074e-17 
 4026.5548248290984    7.787296e-17 
 4030.6339054107634   8.3200526e-17 
 4034.7129859924285    7.943329e-17 
 4038.7920665740935    8.193059e-17 
 4042.8711471557585   8.0702546e-17 
 4046.9502277374236   8.3175214e-17 
 4051.0293083190886    7.783013e-17 
 4055.1083889007537    8.935883e-17 
 4059.1874694824187    7.110654e-17 
 4063.2665500640837     7.67771e-17 
 4067.3456306457488    8.089797e-17 
  4071.424711227414   7.6099445e-17 
  4075.503791809079    8.039729e-17 
  4079.582872390744    7.435533e-17 
  4083.661952972409     7.45569e-17 
  4087.741033554074     7.76072e-17 
  4091.820114135739   6.9962824e-17 
  4095.899194717404    6.909858e-17 
 4099.9782752990695   6.7818513e-17 
  4104.057355880735   6.5643525e-17 
    4108.1364364624    6.139744e-17 
  4112.215517044065    6.560025e-17 
   4116.29459762573   6.4962854e-17 
  4120.373678207395    6.385679e-17 
   4124.45275878906    6.415384e-17 
  4128.531839370725   6.5769686e-17 
   4132.61091995239   5.1025576e-17 
  4136.690000534055   5.0075522e-17 
   4140.76908111572    4.684899e-17 
  4144.848161697385   4.8353514e-17 
   4148.92724227905   5.1229565e-17 
  4153.006322860715   4.6436907e-17 
   4157.08540344238   5.4690145e-17 
  4161.164484024045    4.571476e-17 
   4165.24356460571   4.2373786e-17 
  4169.322645187375   4.3524636e-17 
   4173.40172576904   4.9452712e-17 
  4177.480806350705   4.7623614e-17 
   4181.55988693237   4.4346235e-17 
  4185.638967514035   5.2680923e-17 
    4189.7180480957   4.9308352e-17 
  4193.797128677365   5.2542268e-17 
 4197.8762092590305   5.5468197e-17 
 4201.9552898406955   4.9924784e-17 
  4206.034370422361    5.859299e-17 
  4210.113451004026   4.7607917e-17 
  4214.192531585691    6.363176e-17 
  4218.271612167356   4.6797455e-17 
  4222.350692749021    6.691453e-17 
  4226.429773330686   6.3183887e-17 
  4230.508853912351    5.651164e-17 
  4234.587934494016    6.498774e-17 
  4238.667015075681   6.7215115e-17 
  4242.746095657346     6.44704e-17 
  4246.825176239011    6.887385e-17 
  4250.904256820676    7.390226e-17 
  4254.983337402341    7.206397e-17 
  4259.062417984006    7.013594e-17 
  4263.141498565671    7.327559e-17 
  4267.220579147336    7.745364e-17 
  4271.299659729001    8.047842e-17 
  4275.378740310666    8.343287e-17 
  4279.457820892331   8.2380763e-17 
  4283.536901473996   8.3164315e-17 
  4287.615982055661    7.890998e-17 
  4291.695062637326    8.657237e-17 
  4295.774143218991      8.5632e-17 
  4299.853223800656   8.0496817e-17 
 4303.9323043823215    8.632178e-17 
 4308.0113849639865    7.634165e-17 
  4312.090465545652    8.018072e-17 
  4316.169546127317    8.675542e-17 
  4320.248626708982    9.127789e-17 
  4324.327707290647    8.755845e-17 
  4328.406787872312    8.326169e-17 
  4332.485868453977    9.538433e-17 
  4336.564949035642    9.461737e-17 
  4340.644029617307    8.961352e-17 
  4344.723110198972   9.1961725e-17 
  4348.802190780637   9.8650863e-17 
  4352.881271362302    9.811586e-17 
  4356.960351943967   8.8559717e-17 
  4361.039432525632   9.8038816e-17 
  4365.118513107298    8.845343e-17 
  4369.197593688963    9.324364e-17 
  4373.276674270628     9.37741e-17 
  4377.355754852293    8.955128e-17 
  4381.434835433958    8.884344e-17 
  4385.513916015623    9.004683e-17 
  4389.592996597288    8.434336e-17 
  4393.672077178953     8.18348e-17 
  4397.751157760618    8.452237e-17 
  4401.830238342283   8.5703336e-17 
  4405.909318923948   8.7741615e-17 
  4409.988399505613   8.4046626e-17 
  4414.067480087278    8.406321e-17 
 4418.1465606689435    7.563424e-17 
 4422.2256412506085    7.078857e-17 
  4426.304721832274    7.533701e-17 
  4430.383802413939    7.352235e-17 
  4434.462882995604    7.380747e-17 
  4438.541963577269     7.40509e-17 
  4442.621044158934    7.064624e-17 
  4446.700124740599    7.604258e-17 
  4450.779205322264   7.3294145e-17 
  4454.858285903929    7.884521e-17 
  4458.937366485594    7.401711e-17 
  4463.016447067259    7.705077e-17 
  4467.095527648924    7.622723e-17 
  4471.174608230589    7.981682e-17 
  4475.253688812254     7.73618e-17 
  4479.332769393919   7.7856595e-17 
  4483.411849975584    7.690561e-17 
  4487.490930557249   7.6426764e-17 
  4491.570011138914   7.8121346e-17 
  4495.649091720579   7.9426677e-17 
  4499.728172302244    7.764251e-17 
  4503.807252883909    8.191441e-17 
  4507.886333465574    7.722497e-17 
  4511.965414047239    6.929184e-17 
  4516.044494628904   7.3980394e-17 
 4520.1235752105695   7.0055865e-17 
 4524.2026557922345    6.851449e-17 
    4528.2817363739    7.449572e-17 
  4532.360816955565    7.262414e-17 
   4536.43989753723    7.237854e-17 
  4540.518978118895   7.0555456e-17 
   4544.59805870056    6.520137e-17 
  4548.677139282225    6.584186e-17 
   4552.75621986389    6.864231e-17 
  4556.835300445555    6.972376e-17 
   4560.91438102722    6.849456e-17 
  4564.993461608885   7.4905605e-17 
   4569.07254219055    6.718907e-17 
  4573.151622772215   6.7574806e-17 
   4577.23070335388   6.4114266e-17 
  4581.309783935545    6.342065e-17 
   4585.38886451721   7.3412173e-17 
  4589.467945098875    6.190021e-17 
   4593.54702568054    6.259227e-17 
  4597.626106262205   7.1119527e-17 
   4601.70518684387    6.116387e-17 
  4605.784267425535   6.3667225e-17 
    4609.8633480072    6.364107e-17 
  4613.942428588865    6.022884e-17 
   4618.02150917053   6.4745564e-17 
  4622.100589752195    7.055591e-17 
 4626.1796703338605   6.6645975e-17 
 4630.2587509155255    6.784119e-17 
  4634.337831497191   6.1382175e-17 
  4638.416912078856    6.821849e-17 
  4642.495992660521    6.480966e-17 
  4646.575073242186   6.6675396e-17 
  4650.654153823851     6.74278e-17 
  4654.733234405516   7.1962046e-17 
  4658.812314987181   6.8449043e-17 
  4662.891395568846    6.252235e-17 
  4666.970476150511     5.99018e-17 
  4671.049556732176    7.180819e-17 
  4675.128637313841    7.086754e-17 
  4679.207717895506   6.1841644e-17 
  4683.286798477171    6.225465e-17 
  4687.365879058836   6.5312375e-17 
  4691.444959640501   6.7615795e-17 
  4695.524040222166    6.753262e-17 
  4699.603120803831    6.737426e-17 
  4703.682201385496    7.185339e-17 
  4707.761281967161   6.3972666e-17 
  4711.840362548826    7.046957e-17 
  4715.919443130491    6.816023e-17 
  4719.998523712156   6.5053096e-17 
  4724.077604293821   6.8454516e-17 
 4728.1566848754865    7.080522e-17 
 4732.2357654571515    6.996204e-17 
 4736.3148460388165    6.998103e-17 
  4740.393926620482    5.895703e-17 
  4744.473007202147    6.141387e-17 
  4748.552087783812   6.2522447e-17 
  4752.631168365477   6.8171925e-17 
  4756.710248947142     6.78451e-17 
  4760.789329528807   6.2588416e-17 
  4764.868410110472   5.7608894e-17 
  4768.947490692137    6.059834e-17 
  4773.026571273802    5.596989e-17 
  4777.105651855467    5.746209e-17 
  4781.184732437133    5.784176e-17 
  4785.263813018798    5.556766e-17 
  4789.342893600463    5.399222e-17 
  4793.421974182128   4.9429726e-17 
  4797.501054763793   5.5386267e-17 
  4801.580135345458    5.369459e-17 
  4805.659215927123    5.636222e-17 
  4809.738296508788    5.769552e-17 
  4813.817377090453    5.640145e-17 
  4817.896457672118   6.2059953e-17 
  4821.975538253783   5.9259504e-17 
  4826.054618835448    6.320396e-17 
  4830.133699417113    6.209837e-17 
  4834.212779998778    5.609348e-17 
  4838.291860580443    5.914304e-17 
 4842.3709411621085    5.806885e-17 
 4846.4500217437735    6.035787e-17 
 4850.5291023254385   5.8302926e-17 
  4854.608182907104     5.99314e-17 
  4858.687263488769    6.155683e-17 
  4862.766344070434    5.891402e-17 
  4866.845424652099    6.522063e-17 
  4870.924505233764   6.6629465e-17 
  4875.003585815429   6.2102444e-17 
  4879.082666397094    6.295407e-17 
  4883.161746978759   6.0595844e-17 
  4887.240827560424   6.5393094e-17 
  4891.319908142089    6.864965e-17 
  4895.398988723754   6.3039726e-17 
  4899.478069305419    6.740906e-17 
  4903.557149887084   6.9942654e-17 
  4907.636230468749    7.140779e-17 
  4911.715311050414   6.6369624e-17 
  4915.794391632079    6.855634e-17 
  4919.873472213744    7.818124e-17 
  4923.952552795409    7.830942e-17 
  4928.031633377074    7.432419e-17 
  4932.110713958739   7.2916626e-17 
  4936.189794540404   7.6165454e-17 
  4940.268875122069    7.110384e-17 
  4944.347955703734    6.735136e-17 
 4948.4270362853995   7.2726586e-17 
 4952.5061168670645    7.916033e-17 
   4956.58519744873    7.223939e-17 
  4960.664278030395    7.757658e-17 
   4964.74335861206   7.2667135e-17 
  4968.822439193725    8.337767e-17 
   4972.90151977539    8.233566e-17 
  4976.980600357055     7.46286e-17 
   4981.05968093872   8.3090015e-17 
  4985.138761520385    8.609358e-17 
   4989.21784210205    8.750324e-17 
  4993.296922683715    8.386108e-17 
   4997.37600326538    8.391368e-17 
  5001.455083847045   9.0463886e-17 
   5005.53416442871   8.5582065e-17 
  5009.613245010375    8.727966e-17 
   5013.69232559204   8.9640405e-17 
  5017.771406173705    7.789897e-17 
   5021.85048675537    8.192769e-17 
  5025.929567337035    8.666602e-17 
    5030.0086479187    8.218876e-17 
  5034.087728500365   8.8399316e-17 
  5038.166809082031   8.8330885e-17 
  5042.245889663696   8.2211774e-17 
  5046.324970245361     7.57716e-17 
  5050.404050827026    7.520707e-17 
  5054.483131408691    8.146955e-17 
  5058.562211990356    7.768582e-17 
 5062.6412925720215    7.261296e-17 
 5066.7203731536865    7.717167e-17 
  5070.799453735352    8.302159e-17 
  5074.878534317017   7.7750895e-17 
  5078.957614898682    8.096254e-17 
  5083.036695480347    8.088919e-17 
  5087.115776062012    7.587102e-17 
  5091.194856643677    7.130368e-17 
  5095.273937225342    8.367413e-17 
  5099.353017807007    7.576785e-17 
  5103.432098388672    7.456999e-17 
  5107.511178970337   7.1844825e-17 
  5111.590259552002    6.847185e-17 
  5115.669340133667    7.434772e-17 
  5119.748420715332    7.450396e-17 
  5123.827501296997   7.2497054e-17 
  5127.906581878662     6.91265e-17 
  5131.985662460327   6.7852924e-17 
  5136.064743041992    6.812195e-17 
  5140.143823623657    6.567745e-17 
  5144.222904205322   6.6662836e-17 
  5148.301984786987   6.5579944e-17 
  5152.381065368652    5.958185e-17 
  5156.460145950317    5.630378e-17 
  5160.539226531982   5.8153874e-17 
 5164.6183071136475   5.8268204e-17 
 5168.6973876953125    5.261257e-17 
 5172.7764682769775    5.927495e-17 
  5176.855548858643   6.2816685e-17 
  5180.934629440308    5.633156e-17 
  5185.013710021973    5.918733e-17 
  5189.092790603638   6.1809324e-17 
  5193.171871185303    5.946444e-17 
  5197.250951766968    6.563709e-17 
  5201.330032348633    5.723251e-17 
  5205.409112930298    6.046285e-17 
  5209.488193511963   6.1875115e-17 
  5213.567274093628    6.336999e-17 
  5217.646354675293    6.070775e-17 
  5221.725435256958    6.653358e-17 
  5225.804515838623      6.1826e-17 
  5229.883596420288    5.739709e-17 
  5233.962677001953    6.326826e-17 
  5238.041757583618   6.2140534e-17 
  5242.120838165283   5.8008694e-17 
  5246.199918746948   6.1327693e-17 
  5250.278999328613   5.6702086e-17 
  5254.358079910278   5.4886177e-17 
  5258.437160491943    5.963487e-17 
  5262.516241073608    6.044605e-17 
  5266.595321655273    6.339872e-17 
 5270.6744022369385   6.3016756e-17 
 5274.7534828186035   6.7194694e-17 
  5278.832563400269    6.959757e-17 
  5282.911643981934   6.4054173e-17 
  5286.990724563599    6.938345e-17 
  5291.069805145264   6.7118997e-17 
  5295.148885726929   6.4869244e-17 
  5299.227966308594   7.1285406e-17 
  5303.307046890259    6.608911e-17 
  5307.386127471924    6.152551e-17 
  5311.465208053589   6.6278535e-17 
  5315.544288635254   6.5592206e-17 
  5319.623369216919    6.068424e-17 
  5323.702449798584     6.11671e-17 
  5327.781530380249    5.870136e-17 
  5331.860610961914    5.830502e-17 
  5335.939691543579   5.5377952e-17 
  5340.018772125244    5.773248e-17 
  5344.097852706909    5.979953e-17 
  5348.176933288574   5.0442076e-17 
  5352.256013870239   5.6663606e-17 
  5356.335094451904   5.3895426e-17 
  5360.414175033569    6.133557e-17 
  5364.493255615234    6.464328e-17 
  5368.572336196899   6.3694105e-17 
  5372.651416778564    5.833773e-17 
 5376.7304973602295     5.90507e-17 
 5380.8095779418945    5.993089e-17 
   5384.88865852356    6.100794e-17 
  5388.967739105225    6.493678e-17 
   5393.04681968689    6.455073e-17 
  5397.125900268555   6.9206417e-17 
   5401.20498085022    7.571449e-17 
  5405.284061431885   7.9488794e-17 
   5409.36314201355    7.167567e-17 
  5413.442222595215    8.014575e-17 
   5417.52130317688   7.3457536e-17 
  5421.600383758545   7.9421396e-17 
   5425.67946434021    7.582356e-17 
  5429.758544921875   7.2205985e-17 
   5433.83762550354    8.597932e-17 
  5437.916706085205   7.9831313e-17 
   5441.99578666687    7.707563e-17 
  5446.074867248535   7.4636646e-17 
    5450.1539478302   8.0047174e-17 
  5454.233028411865    7.174418e-17 
   5458.31210899353    7.607604e-17 
  5462.391189575195   7.1538126e-17 
   5466.47027015686   6.7175946e-17 
  5470.549350738525   6.2716913e-17 
   5474.62843132019    6.262344e-17 
 5478.7075119018555    6.338975e-17 
 5482.7865924835205    6.127159e-17 
  5486.865673065186    6.159228e-17 
  5490.944753646851    5.774887e-17 
  5495.023834228516    6.087226e-17 
  5499.102914810181   5.7202524e-17 
  5503.181995391846   5.2548763e-17 
  5507.261075973511   5.1723322e-17 
  5511.340156555176   5.4321206e-17 
  5515.419237136841    4.891701e-17 
  5519.498317718507       5.708e-17 
  5523.577398300172   5.4650685e-17 
  5527.656478881837    4.892822e-17 
  5531.735559463502    5.685245e-17 
  5535.814640045167   5.2455698e-17 
  5539.893720626832   5.2764902e-17 
  5543.972801208497    5.576126e-17 
  5548.051881790162     5.67016e-17 
  5552.130962371827    5.525283e-17 
  5556.210042953492   6.0289734e-17 
  5560.289123535157    5.882112e-17 
  5564.368204116822   5.5415076e-17 
  5568.447284698487   6.8127806e-17 
  5572.526365280152   6.2223656e-17 
  5576.605445861817    5.517338e-17 
  5580.684526443482    6.131416e-17 
  5584.763607025147    5.970686e-17 
  5588.842687606812    5.786022e-17 
 5592.9217681884775   5.8655106e-17 
 5597.0008487701425   6.1435465e-17 
  5601.079929351808    5.930109e-17 
  5605.159009933473   5.8321825e-17 
  5609.238090515138   5.6247607e-17 
  5613.317171096803    5.897414e-17 
  5617.396251678468    6.030101e-17 
  5621.475332260133     6.20018e-17 
  5625.554412841798   5.5746706e-17 
  5629.633493423463   5.2124366e-17 
  5633.712574005128   6.1196886e-17 
  5637.791654586793    6.319006e-17 
  5641.870735168458   5.8189026e-17 
  5645.949815750123   5.3554757e-17 
  5650.028896331788   5.8072546e-17 
  5654.107976913453    6.364412e-17 
  5658.187057495118   5.7762386e-17 
  5662.266138076783    5.371918e-17 
  5666.345218658448   5.8962685e-17 
  5670.424299240113    5.695083e-17 
  5674.503379821778    6.318562e-17 
  5678.582460403443    6.262093e-17 
  5682.661540985108   6.4141246e-17 
  5686.740621566773   6.0562644e-17 
  5690.819702148439   5.9075764e-17 
  5694.898782730104   6.2323956e-17 
  5698.977863311769    6.869601e-17 
  5703.056943893434    7.165302e-17 
 5707.1360244750995     6.36326e-17 
 5711.2151050567645   6.1998127e-17 
   5715.29418563843    6.370253e-17 
  5719.373266220095   6.6427996e-17 
   5723.45234680176    6.247438e-17 
  5727.531427383425   6.0368845e-17 
   5731.61050796509   6.5147845e-17 
  5735.689588546755   6.6688525e-17 
   5739.76866912842    6.138368e-17 
  5743.847749710085    6.358791e-17 
   5747.92683029175    6.633816e-17 
  5752.005910873415    7.069591e-17 
   5756.08499145508   6.4466903e-17 
  5760.164072036745   7.1032176e-17 
   5764.24315261841    6.881219e-17 
  5768.322233200075    6.859628e-17 
   5772.40131378174    6.663119e-17 
  5776.480394363405    6.573861e-17 
   5780.55947494507    6.275788e-17 
  5784.638555526735    7.020807e-17 
    5788.7176361084    6.799083e-17 
  5792.796716690065   6.4495147e-17 
   5796.87579727173    7.195467e-17 
  5800.954877853395    6.985948e-17 
   5805.03395843506   6.9560265e-17 
  5809.113039016725   6.9679954e-17 
 5813.1921195983905   5.9652176e-17 
 5817.2712001800555   6.8978743e-17 
  5821.350280761721   6.6189576e-17 
  5825.429361343386   6.4526824e-17 
  5829.508441925051    5.988425e-17 
  5833.587522506716    5.965234e-17 
  5837.666603088381    6.393164e-17 
  5841.745683670046   6.0574674e-17 
  5845.824764251711   5.7353534e-17 
  5849.903844833376   5.4131864e-17 
  5853.982925415041   6.1136224e-17 
  5858.062005996706    5.949816e-17 
  5862.141086578371   5.9755124e-17 
  5866.220167160036   6.0325746e-17 
  5870.299247741701    6.034732e-17 
  5874.378328323366     5.86684e-17 
  5878.457408905031   6.1572724e-17 
  5882.536489486696    6.366379e-17 
  5886.615570068361    6.045502e-17 
  5890.694650650026   5.3277433e-17 
  5894.773731231691    6.087173e-17 
  5898.852811813356    5.801519e-17 
  5902.931892395021    5.988171e-17 
  5907.010972976686   6.5051945e-17 
  5911.090053558351    6.264976e-17 
 5915.1691341400165    5.978468e-17 
 5919.2482147216815    5.991934e-17 
  5923.327295303347    6.752993e-17 
  5927.406375885012    6.936119e-17 
  5931.485456466677    7.338095e-17 
  5935.564537048342    6.599084e-17 
  5939.643617630007    6.496114e-17 
  5943.722698211672    7.285101e-17 
  5947.801778793337    6.857623e-17 
  5951.880859375002   7.0109446e-17 
  5955.959939956667    6.191444e-17 
  5960.039020538332    6.943732e-17 
  5964.118101119997   6.1610536e-17 
  5968.197181701662    6.361594e-17 
  5972.276262283327    6.517333e-17 
  5976.355342864992   6.1610675e-17 
  5980.434423446657    8.571823e-17 
  5984.513504028322   7.3514876e-17 
  5988.592584609987   6.9611265e-17 
  5992.671665191652    6.761553e-17 
  5996.750745773317     5.79483e-17 
  6000.829826354982    6.504659e-17 
  6004.908906936647    6.292305e-17 
  6008.987987518312    5.677022e-17 
  6013.067068099977      6.2176e-17 
  6017.146148681642    5.939557e-17 
 6021.2252292633075    5.836263e-17 
 6025.3043098449725   5.4412056e-17 
  6029.383390426638    5.625255e-17 
  6033.462471008303   6.3510385e-17 
  6037.541551589968   6.0666895e-17 
  6041.620632171633    5.069235e-17 
  6045.699712753298    5.595311e-17 
  6049.778793334963    5.926083e-17 
  6053.857873916628    5.699221e-17 
  6057.936954498293     5.71058e-17 
  6062.016035079958   5.5136376e-17 
  6066.095115661623   5.5081176e-17 
  6070.174196243288   5.3567853e-17 
  6074.253276824953    5.554414e-17 
  6078.332357406618    5.678001e-17 
  6082.411437988283    5.674783e-17 
  6086.490518569948     6.07293e-17 
  6090.569599151613   5.7455846e-17 
  6094.648679733278    5.701722e-17 
  6098.727760314943    5.749296e-17 
  6102.806840896608    5.903754e-17 
  6106.885921478273   5.6349456e-17 
  6110.965002059938    5.607822e-17 
  6115.044082641603   6.1800146e-17 
  6119.123163223268     6.16692e-17 
 6123.2022438049335   6.1853595e-17 
 6127.2813243865985    6.238343e-17 
 6131.3604049682635    5.576382e-17 
  6135.439485549929    6.423899e-17 
  6139.518566131594   5.8864634e-17 
  6143.597646713259    5.512816e-17 
  6147.676727294924    6.079984e-17 
  6151.755807876589    5.684587e-17 
  6155.834888458254   5.3288586e-17 
  6159.913969039919   5.8821085e-17 
  6163.993049621584   5.8550855e-17 
  6168.072130203249   5.2530002e-17 
  6172.151210784914   5.5613166e-17 
  6176.230291366579    5.878204e-17 
  6180.309371948244    5.691208e-17 
  6184.388452529909    5.109546e-17 
  6188.467533111574    5.110599e-17 
  6192.546613693239   5.4494877e-17 
  6196.625694274904   4.4956204e-17 
  6200.704774856569    5.552107e-17 
  6204.783855438234     4.66452e-17 
  6208.862936019899    4.847851e-17 
  6212.942016601564   4.9301993e-17 
   6217.02109718323   4.3026355e-17 
  6221.100177764895   4.7574443e-17 
   6225.17925834656   4.2846844e-17 
  6229.258338928225    4.144517e-17 
   6233.33741950989    4.416419e-17 
 6237.4165000915555   4.8790157e-17 
 6241.4955806732205   4.4311917e-17 
 6245.5746612548855   4.0210014e-17 
  6249.653741836551   4.1880393e-17 
  6253.732822418216   4.0604993e-17 
  6257.811902999881     4.15449e-17 
  6261.890983581546   4.0358714e-17 
  6265.970064163211   4.4117605e-17 
  6270.049144744876   3.4665892e-17 
  6274.128225326541    3.717482e-17 
  6278.207305908206   4.3367607e-17 
  6282.286386489871   4.0546084e-17 
  6286.365467071536   4.2300144e-17 
  6290.444547653201   4.7637682e-17 
  6294.523628234866    4.470893e-17 
  6298.602708816531   4.4808318e-17 
  6302.681789398196    4.531042e-17 
  6306.760869979861   5.0382655e-17 
  6310.839950561526   4.8931055e-17 
  6314.919031143191   5.1218626e-17 
  6318.998111724856    5.230892e-17 
  6323.077192306521    6.005598e-17 
  6327.156272888186    5.678023e-17 
  6331.235353469851   6.1472754e-17 
  6335.314434051516    5.845205e-17 
  6339.393514633181   5.0402778e-17 
 6343.4725952148465   5.5337897e-17 
 6347.5516757965115    5.795757e-17 
  6351.630756378177   5.5711124e-17 
  6355.709836959842    6.081705e-17 
  6359.788917541507    6.182739e-17 
  6363.867998123172    6.247644e-17 
  6367.947078704837     6.24783e-17 
  6372.026159286502    6.038893e-17 
  6376.105239868167   5.4677797e-17 
  6380.184320449832    5.543314e-17 
  6384.263401031497    6.175859e-17 
  6388.342481613163   5.7244644e-17 
  6392.421562194828    5.515918e-17 
  6396.500642776493    6.014778e-17 
  6400.579723358158   6.3100156e-17 
  6404.658803939823    5.857786e-17 
  6408.737884521488    5.756347e-17 
  6412.816965103153     5.90923e-17 
  6416.896045684818   6.3168217e-17 
  6420.975126266483     6.31587e-17 
  6425.054206848148   5.7714046e-17 
  6429.133287429813   6.0593217e-17 
  6433.212368011478    6.493788e-17 
  6437.291448593143   6.3617164e-17 
  6441.370529174808    5.644682e-17 
  6445.449609756473    5.711326e-17 
  6449.528690338138    5.429666e-17 
  6453.607770919803    5.515279e-17 
 6457.6868515014685    5.999045e-17 
 6461.7659320831335    5.858268e-17 
  6465.845012664799    5.869147e-17 
  6469.924093246464   5.4870007e-17 
  6474.003173828129   5.0191305e-17 
  6478.082254409794   5.3274223e-17 
  6482.161334991459   5.4851673e-17 
  6486.240415573124    5.220284e-17 
  6490.319496154789    5.569531e-17 
  6494.398576736454   5.2999738e-17 
  6498.477657318119    5.927477e-17 
  6502.556737899784   5.8003466e-17 
  6506.635818481449   5.4570812e-17 
  6510.714899063114   5.3317736e-17 
  6514.793979644779   4.7477166e-17 
  6518.873060226444   5.0730765e-17 
  6522.952140808109    5.296322e-17 
  6527.031221389774    4.959226e-17 
  6531.110301971439    4.871064e-17 
  6535.189382553104   4.6929453e-17 
  6539.268463134769    4.992861e-17 
  6543.347543716434    4.551551e-17 
  6547.426624298099    4.969548e-17 
  6551.505704879764    4.728204e-17 
  6555.584785461429    4.674728e-17 
 6559.6638660430945    4.481171e-17 
 6563.7429466247595   4.3854605e-17 
 6567.8220272064245   4.3907213e-17 
   6571.90110778809    4.769347e-17 
  6575.980188369755   5.0728816e-17 
   6580.05926895142    4.807965e-17 
  6584.138349533085   5.0097727e-17 
   6588.21743011475   4.1255124e-17 
  6592.296510696415   4.1302385e-17 
   6596.37559127808   4.8333407e-17 
  6600.454671859745    4.556702e-17 
   6604.53375244141   3.8619256e-17 
  6608.612833023075   5.1597442e-17 
   6612.69191360474   4.4270713e-17 
  6616.770994186405    4.952132e-17 
   6620.85007476807   4.4913227e-17 
  6624.929155349735    4.280349e-17 
    6629.0082359314    4.719073e-17 
  6633.087316513065   4.2980467e-17 
   6637.16639709473   4.9484426e-17 
  6641.245477676395    5.176721e-17 
   6645.32455825806   4.4508408e-17 
  6649.403638839725   4.2368975e-17 
   6653.48271942139    3.641438e-17 
  6657.561800003055    4.006023e-17 
   6661.64088058472      3.9313e-17 
 6665.7199611663855   4.3266066e-17 
 6669.7990417480505   4.3993412e-17 
  6673.878122329716   4.3732225e-17 
  6677.957202911381    4.874905e-17 
  6682.036283493046   5.2155567e-17 
  6686.115364074711   5.4059674e-17 
  6690.194444656376    4.931865e-17 
  6694.273525238041   4.5301995e-17 
  6698.352605819706    4.446894e-17 
  6702.431686401371   4.1118533e-17 
  6706.510766983036    4.199042e-17 
  6710.589847564701   4.6645195e-17 
  6714.668928146366   5.1094523e-17 
  6718.748008728031   4.6936948e-17 
  6722.827089309696   4.4735684e-17 
  6726.906169891361    4.915291e-17 
  6730.985250473026    4.376747e-17 
  6735.064331054691   4.0089934e-17 
  6739.143411636356   4.6001926e-17 
  6743.222492218021    4.232167e-17 
  6747.301572799686   4.4100754e-17 
  6751.380653381351   4.1890938e-17 
  6755.459733963016   3.7142243e-17 
  6759.538814544681   3.6078664e-17 
  6763.617895126346   3.8378014e-17 
  6767.696975708011   3.7071002e-17 
 6771.7760562896765   3.6956775e-17 
 6775.8551368713415   2.9897742e-17 
  6779.934217453007    3.030823e-17 
  6784.013298034672   3.5238708e-17 
  6788.092378616337   3.7588146e-17 
  6792.171459198002    3.590399e-17 
  6796.250539779667   3.1971758e-17 
  6800.329620361332    3.322401e-17 
  6804.408700942997    3.916357e-17 
  6808.487781524662   3.6942826e-17 
  6812.566862106327    3.695322e-17 
  6816.645942687992   3.6977564e-17 
  6820.725023269657   3.7865377e-17 
  6824.804103851322   4.2135055e-17 
  6828.883184432987   4.0351644e-17 
  6832.962265014652   3.7363384e-17 
  6837.041345596317   3.7119783e-17 
  6841.120426177982    3.676131e-17 
  6845.199506759647    3.766156e-17 
  6849.278587341312    3.953272e-17 
  6853.357667922977   3.9396323e-17 
  6857.436748504642   4.3788632e-17 
  6861.515829086307   4.6524952e-17 
  6865.594909667972   4.7974768e-17 
  6869.673990249637   3.9562414e-17 
 6873.7530708313025   4.3940076e-17 
 6877.8321514129675   4.6892912e-17 
 6881.9112319946325   4.9562207e-17 
  6885.990312576298   4.7405334e-17 
  6890.069393157963   3.8272128e-17 
  6894.148473739628   3.5553103e-17 
  6898.227554321293    3.787208e-17 
  6902.306634902958   3.3046726e-17 
  6906.385715484623   3.4371442e-17 
  6910.464796066289   3.4959945e-17 
  6914.543876647954   3.6883775e-17 
  6918.622957229619   3.6576067e-17 
  6922.702037811284    4.126554e-17 
  6926.781118392949   3.7203067e-17 
  6930.860198974614   4.3589566e-17 
  6934.939279556279    4.305569e-17 
  6939.018360137944   3.5481522e-17 
  6943.097440719609     3.10013e-17 
  6947.176521301274   2.8749185e-17 
  6951.255601882939   3.2674117e-17 
  6955.334682464604   3.2507338e-17 
  6959.413763046269    2.924887e-17 
  6963.492843627934    4.012073e-17 
  6967.571924209599    3.559942e-17 
  6971.651004791264   3.4450924e-17 
  6975.730085372929    3.735987e-17 
  6979.809165954594    3.618413e-17 
  6983.888246536259   3.7918393e-17 
 6987.9673271179245   4.0321974e-17 
 6992.0464076995895    4.334248e-17 
  6996.125488281255    4.422446e-17 
   7000.20456886292   4.0749084e-17 
  7004.283649444585    4.563075e-17 
   7008.36273002625   4.9755374e-17 
  7012.441810607915   4.9216274e-17 
   7016.52089118958   4.7372733e-17 
  7020.599971771245   5.0252916e-17 
   7024.67905235291   4.7238938e-17 
  7028.758132934575   3.6771603e-17 
   7032.83721351624   4.6335372e-17 
  7036.916294097905    5.278658e-17 
   7040.99537467957   5.1872787e-17 
  7045.074455261235   5.0080155e-17 
    7049.1535358429   4.6694753e-17 
  7053.232616424565    4.778912e-17 
   7057.31169700623   4.8373175e-17 
  7061.390777587895   4.5244513e-17 
   7065.46985816956   5.0091027e-17 
  7069.548938751225    4.727323e-17 
   7073.62801933289   4.7920317e-17 
  7077.707099914555    5.497738e-17 
   7081.78618049622    4.894588e-17 
  7085.865261077886    5.154913e-17 
  7089.944341659551   5.0164795e-17 
  7094.023422241216    4.827256e-17 
  7098.102502822881    5.099412e-17 
 7102.1815834045465   4.8615598e-17 
 7106.2606639862115   4.4612385e-17 
  7110.339744567877    4.475201e-17 
  7114.418825149542   4.5961894e-17 
  7118.497905731207   4.5920214e-17 
  7122.576986312872   4.7966295e-17 
  7126.656066894537   5.2838147e-17 
  7130.735147476202   4.7164187e-17 
  7134.814228057867   4.3850538e-17 
  7138.893308639532   5.0476665e-17 
  7142.972389221197   4.6904734e-17 
  7147.051469802862   4.5351345e-17 
  7151.130550384527   4.3249916e-17 
  7155.209630966192   3.9480163e-17 
  7159.288711547857    4.155317e-17 
  7163.367792129522    4.567056e-17 
  7167.446872711187    4.512111e-17 
  7171.525953292852   4.9862868e-17 
  7175.605033874517    4.814143e-17 
  7179.684114456182   4.1970092e-17 
  7183.763195037847   4.8159246e-17 
  7187.842275619512   4.7831815e-17 
  7191.921356201177    4.266817e-17 
  7196.000436782842   4.5940877e-17 
  7200.079517364507   4.5848924e-17 
  7204.158597946172   4.7635876e-17 
 7208.2376785278375   5.0867707e-17 
 7212.3167591095025   5.3142437e-17 
  7216.395839691168   5.1652992e-17 
  7220.474920272833   5.0027017e-17 
  7224.554000854498   5.2362296e-17 
  7228.633081436163   4.7179586e-17 
  7232.712162017828   4.4849478e-17 
  7236.791242599493   4.7347256e-17 
  7240.870323181158   5.0631275e-17 
  7244.949403762823   4.9605786e-17 
  7249.028484344488   3.5693297e-17 
  7253.107564926153    3.528318e-17 
  7257.186645507818    3.694155e-17 
  7261.265726089483   3.9645235e-17 
  7265.344806671148   5.2262274e-17 
  7269.423887252813   5.2854717e-17 
  7273.502967834478    3.880386e-17 
  7277.582048416143    4.334464e-17 
  7281.661128997808    4.773076e-17 
  7285.740209579473   5.3001886e-17 
  7289.819290161138    4.230353e-17 
  7293.898370742803   4.3406276e-17 
  7297.977451324468    4.570416e-17 
  7302.056531906133   4.6990883e-17 
  7306.135612487798   5.4257893e-17 
 7310.2146930694635   4.4073096e-17 
 7314.2937736511285   3.8304984e-17 
 7318.3728542327935   4.1672287e-17 
  7322.451934814459    3.968904e-17 
  7326.531015396124   3.9005937e-17 
  7330.610095977789    3.547307e-17 
  7334.689176559454   3.6849818e-17 
  7338.768257141119   3.8392175e-17 
  7342.847337722784   4.6745353e-17 
  7346.926418304449    4.314652e-17 
  7351.005498886114   3.9831648e-17 
  7355.084579467779   4.1453154e-17 
  7359.163660049444   4.6365482e-17 
  7363.242740631109   4.6192214e-17 
  7367.321821212774   4.3493977e-17 
  7371.400901794439   4.4653876e-17 
  7375.479982376104   4.0163887e-17 
  7379.559062957769    3.263073e-17 
  7383.638143539434   3.9784297e-17 
  7387.717224121099   4.3178077e-17 
  7391.796304702764   3.5996402e-17 
  7395.875385284429   4.2818104e-17 
  7399.954465866094   4.4984146e-17 
  7404.033546447759   3.7505722e-17 
  7408.112627029424   3.2488624e-17 
  7412.191707611089    4.681368e-17 
 7416.2707881927545   4.2425723e-17 
 7420.3498687744195    3.638302e-17 
  7424.428949356085    3.757383e-17 
   7428.50802993775    3.867398e-17 
  7432.587110519415   3.9701447e-17 
   7436.66619110108   3.9726232e-17 
  7440.745271682745   3.6490924e-17 
   7444.82435226441     3.43151e-17 
  7448.903432846075   3.6771626e-17 
   7452.98251342774    3.763578e-17 
  7457.061594009405    3.697295e-17 
   7461.14067459107    3.777153e-17 
