# STATUS =
# OBJECT = 2018hti
# TELESCOPE = ESO-NTT
# INSTRUMENT = EFOSC2-NTT
# DATE-OBS = 2019-03-01 19:16:37.00
# MJD = 58543.81
# EXPTIME = 0
# AIRMASS =
# SLIT = 0
# DISPERSER =
# SOURCE =
# FILTER =
# RESOLUTION =
# FLUX_STANDARD = True
# EXTINCTION_CORRECTED = True
# PHOTOMETRY_CALIBRATED = True
# TELLURIC_CORRECTED = True
# FLUX_UNITS = Other
# WAVE_UNITS = Angstrom
# COMMENT =
    Wavelength       Flux
3000.000000 5.618205e-01
3010.000000 5.627400e-01
3020.000000 5.636711e-01
3030.000000 5.646555e-01
3040.000000 5.657006e-01
3050.000000 5.668079e-01
3060.000000 5.679802e-01
3070.000000 5.692220e-01
3080.000000 5.705316e-01
3090.000000 5.719118e-01
3100.000000 5.733627e-01
3110.000000 5.748822e-01
3120.000000 5.764727e-01
3130.000000 5.781305e-01
3140.000000 5.798543e-01
3150.000000 5.816446e-01
3160.000000 5.834964e-01
3170.000000 5.854097e-01
3180.000000 5.873814e-01
3190.000000 5.894076e-01
3200.000000 5.914883e-01
3210.000000 5.936182e-01
3220.000000 5.957949e-01
3230.000000 5.980166e-01
3240.000000 6.002785e-01
3250.000000 6.025786e-01
3260.000000 6.049135e-01
3270.000000 6.072792e-01
3280.000000 6.096740e-01
3290.000000 6.120935e-01
3300.000000 6.145349e-01
3310.000000 6.169955e-01
3320.000000 6.194714e-01
3330.000000 6.219602e-01
3340.000000 6.244586e-01
3350.000000 6.269636e-01
3360.000000 6.294725e-01
3370.000000 6.319535e-01
3380.000000 6.320538e-01
3390.000000 6.451262e-01
3400.000000 6.519791e-01
3410.000000 6.312861e-01
3420.000000 7.072203e-01
3430.000000 7.061715e-01
3440.000000 6.559834e-01
3450.000000 4.309729e-01
3460.000000 3.387168e-01
3470.000000 3.070137e-01
3480.000000 5.207272e-01
3490.000000 7.341819e-01
3500.000000 8.908965e-01
3510.000000 8.110526e-01
3520.000000 6.148841e-01
3530.000000 6.229466e-01
3540.000000 6.218846e-01
3550.000000 7.200915e-01
3560.000000 8.016858e-01
3570.000000 7.709369e-01
3580.000000 7.238058e-01
3590.000000 6.807394e-01
3600.000000 6.992091e-01
3610.000000 8.354134e-01
3620.000000 9.005408e-01
3630.000000 8.567517e-01
3640.000000 7.966142e-01
3650.000000 6.800677e-01
3660.000000 6.577861e-01
3670.000000 7.236996e-01
3680.000000 8.476924e-01
3690.000000 9.230268e-01
3700.000000 9.388473e-01
3710.000000 9.148175e-01
3720.000000 8.400581e-01
3730.000000 8.687698e-01
3740.000000 8.767407e-01
3750.000000 8.039076e-01
3760.000000 7.497970e-01
3770.000000 7.139280e-01
3780.000000 6.593076e-01
3790.000000 6.421462e-01
3800.000000 7.097023e-01
3810.000000 7.180593e-01
3820.000000 7.317062e-01
3830.000000 8.082019e-01
3840.000000 8.542009e-01
3850.000000 8.415379e-01
3860.000000 8.626144e-01
3870.000000 8.931478e-01
3880.000000 9.335613e-01
3890.000000 9.849707e-01
3900.000000 1.066329e+00
3910.000000 1.145933e+00
3920.000000 1.202207e+00
3930.000000 1.226130e+00
3940.000000 1.244057e+00
3950.000000 1.215687e+00
3960.000000 1.216621e+00
3970.000000 1.242492e+00
3980.000000 1.231039e+00
3990.000000 1.211395e+00
4000.000000 1.175468e+00
4010.000000 1.160454e+00
4020.000000 1.120122e+00
4030.000000 1.116578e+00
4040.000000 1.052669e+00
4050.000000 1.107790e+00
4060.000000 1.122362e+00
4070.000000 1.141731e+00
4080.000000 1.141100e+00
4090.000000 1.061604e+00
4100.000000 9.656323e-01
4110.000000 9.730646e-01
4120.000000 1.061313e+00
4130.000000 1.118683e+00
4140.000000 1.110074e+00
4150.000000 1.104908e+00
4160.000000 1.019942e+00
4170.000000 9.598304e-01
4180.000000 9.783637e-01
4190.000000 1.078976e+00
4200.000000 1.064915e+00
4210.000000 1.117577e+00
4220.000000 1.111453e+00
4230.000000 1.052676e+00
4240.000000 9.813334e-01
4250.000000 1.024463e+00
4260.000000 1.000052e+00
4270.000000 1.024051e+00
4280.000000 1.067592e+00
4290.000000 1.082583e+00
4300.000000 1.075705e+00
4310.000000 1.083639e+00
4320.000000 1.094837e+00
4330.000000 1.066835e+00
4340.000000 1.074048e+00
4350.000000 1.082022e+00
4360.000000 1.081928e+00
4370.000000 1.067203e+00
4380.000000 1.054318e+00
4390.000000 9.873973e-01
4400.000000 9.488519e-01
4410.000000 9.494542e-01
4420.000000 9.978868e-01
4430.000000 1.052093e+00
4440.000000 1.164477e+00
4450.000000 1.184224e+00
4460.000000 1.182305e+00
4470.000000 1.192605e+00
4480.000000 1.205070e+00
4490.000000 1.240054e+00
4500.000000 1.281432e+00
4510.000000 1.332340e+00
4520.000000 1.372663e+00
4530.000000 1.394501e+00
4540.000000 1.438739e+00
4550.000000 1.432029e+00
4560.000000 1.472575e+00
4570.000000 1.445984e+00
4580.000000 1.453295e+00
4590.000000 1.423496e+00
4600.000000 1.455165e+00
4610.000000 1.458186e+00
4620.000000 1.457634e+00
4630.000000 1.453567e+00
4640.000000 1.447994e+00
4650.000000 1.400113e+00
4660.000000 1.361412e+00
4670.000000 1.365588e+00
4680.000000 1.365049e+00
4690.000000 1.346722e+00
4700.000000 1.335255e+00
4710.000000 1.315111e+00
4720.000000 1.284825e+00
4730.000000 1.265877e+00
4740.000000 1.226598e+00
4750.000000 1.179210e+00
4760.000000 1.124960e+00
4770.000000 1.114949e+00
4780.000000 1.114574e+00
4790.000000 1.123108e+00
4800.000000 1.149692e+00
4810.000000 1.175353e+00
4820.000000 1.191702e+00
4830.000000 1.234954e+00
4840.000000 1.271591e+00
4850.000000 1.268015e+00
4860.000000 1.277027e+00
4870.000000 1.313432e+00
4880.000000 1.325485e+00
4890.000000 1.347867e+00
4900.000000 1.362367e+00
4910.000000 1.328585e+00
4920.000000 1.288735e+00
4930.000000 1.260660e+00
4940.000000 1.232305e+00
4950.000000 1.240395e+00
4960.000000 1.244569e+00
4970.000000 1.244442e+00
4980.000000 1.242735e+00
4990.000000 1.259766e+00
5000.000000 1.254604e+00
5010.000000 1.261312e+00
5020.000000 1.285373e+00
5030.000000 1.259665e+00
5040.000000 1.273725e+00
5050.000000 1.271826e+00
5060.000000 1.256904e+00
5070.000000 1.181698e+00
5080.000000 1.170308e+00
5090.000000 1.181304e+00
5100.000000 1.219116e+00
5110.000000 1.240156e+00
5120.000000 1.277538e+00
5130.000000 1.291637e+00
5140.000000 1.228010e+00
5150.000000 1.239368e+00
5160.000000 1.284749e+00
5170.000000 1.336911e+00
5180.000000 1.427014e+00
5190.000000 1.509636e+00
5200.000000 1.555905e+00
5210.000000 1.539783e+00
5220.000000 1.538893e+00
5230.000000 1.494842e+00
5240.000000 1.414924e+00
5250.000000 1.419163e+00
5260.000000 1.417041e+00
5270.000000 1.469656e+00
5280.000000 1.551989e+00
5290.000000 1.615035e+00
5300.000000 1.584497e+00
5310.000000 1.571062e+00
5320.000000 1.557748e+00
5330.000000 1.506926e+00
5340.000000 1.526076e+00
5350.000000 1.548327e+00
5360.000000 1.489878e+00
5370.000000 1.427660e+00
5380.000000 1.428079e+00
5390.000000 1.418749e+00
5400.000000 1.430857e+00
5410.000000 1.451273e+00
5420.000000 1.376198e+00
5430.000000 1.289788e+00
5440.000000 1.243422e+00
5450.000000 1.242925e+00
5460.000000 1.316530e+00
5470.000000 1.414893e+00
5480.000000 1.427338e+00
5490.000000 1.390972e+00
5500.000000 1.354604e+00
5510.000000 1.251336e+00
5520.000000 1.245226e+00
5530.000000 1.281308e+00
5540.000000 1.250575e+00
5550.000000 1.219705e+00
5560.000000 1.176783e+00
5570.000000 1.178817e+00
5580.000000 1.183763e+00
5590.000000 1.148787e+00
5600.000000 1.108211e+00
5610.000000 1.131950e+00
5620.000000 1.134911e+00
5630.000000 1.228693e+00
5640.000000 1.222564e+00
5650.000000 1.171326e+00
5660.000000 1.129818e+00
5670.000000 1.050908e+00
5680.000000 1.032914e+00
5690.000000 1.038473e+00
5700.000000 1.020832e+00
5710.000000 9.874643e-01
5720.000000 1.007716e+00
5730.000000 9.835556e-01
5740.000000 9.298758e-01
5750.000000 9.347490e-01
5760.000000 8.681622e-01
5770.000000 8.580103e-01
5780.000000 8.665876e-01
5790.000000 8.697883e-01
5800.000000 8.555720e-01
5810.000000 8.990398e-01
5820.000000 8.781528e-01
5830.000000 8.650438e-01
5840.000000 8.477714e-01
5850.000000 8.395252e-01
5860.000000 8.148455e-01
5870.000000 8.336998e-01
5880.000000 8.189637e-01
5890.000000 8.205941e-01
5900.000000 8.186904e-01
5910.000000 8.443542e-01
5920.000000 8.963626e-01
5930.000000 9.457156e-01
5940.000000 9.790772e-01
5950.000000 9.960588e-01
5960.000000 9.949520e-01
5970.000000 9.543838e-01
5980.000000 9.337561e-01
5990.000000 9.349328e-01
6000.000000 9.321146e-01
6010.000000 9.446823e-01
6020.000000 9.590507e-01
6030.000000 9.544662e-01
6040.000000 9.370951e-01
6050.000000 9.407833e-01
6060.000000 9.464218e-01
6070.000000 9.436215e-01
6080.000000 9.687051e-01
6090.000000 9.917275e-01
6100.000000 9.817671e-01
6110.000000 1.002031e+00
6120.000000 1.026501e+00
6130.000000 1.027845e+00
6140.000000 1.010409e+00
6150.000000 9.969033e-01
6160.000000 9.793371e-01
6170.000000 9.474772e-01
6180.000000 9.441201e-01
6190.000000 9.578828e-01
6200.000000 9.638099e-01
6210.000000 9.561320e-01
6220.000000 9.588923e-01
6230.000000 9.383249e-01
6240.000000 8.985938e-01
6250.000000 8.937535e-01
6260.000000 9.150321e-01
6270.000000 9.399709e-01
6280.000000 9.780241e-01
6290.000000 1.010899e+00
6300.000000 1.038728e+00
6310.000000 1.065966e+00
6320.000000 1.091201e+00
6330.000000 1.141360e+00
6340.000000 1.187403e+00
6350.000000 1.229786e+00
6360.000000 1.246827e+00
6370.000000 1.258605e+00
6380.000000 1.244484e+00
6390.000000 1.222394e+00
6400.000000 1.225997e+00
6410.000000 1.211775e+00
6420.000000 1.224667e+00
6430.000000 1.224497e+00
6440.000000 1.244502e+00
6450.000000 1.222846e+00
6460.000000 1.211774e+00
6470.000000 1.194916e+00
6480.000000 1.204140e+00
6490.000000 1.193203e+00
6500.000000 1.179753e+00
6510.000000 1.166284e+00
6520.000000 1.144824e+00
6530.000000 1.129047e+00
6540.000000 1.110043e+00
6550.000000 1.117089e+00
6560.000000 1.122436e+00
6570.000000 1.103677e+00
6580.000000 1.064800e+00
6590.000000 1.027075e+00
6600.000000 9.939630e-01
6610.000000 9.810703e-01
6620.000000 9.957052e-01
6630.000000 9.886138e-01
6640.000000 9.656213e-01
6650.000000 9.456621e-01
6660.000000 9.450282e-01
6670.000000 9.366618e-01
6680.000000 9.447875e-01
6690.000000 9.316127e-01
6700.000000 9.085114e-01
6710.000000 9.005515e-01
6720.000000 8.948436e-01
6730.000000 8.854533e-01
6740.000000 8.974616e-01
6750.000000 8.850274e-01
6760.000000 8.653081e-01
6770.000000 8.483455e-01
6780.000000 8.429348e-01
6790.000000 8.322824e-01
6800.000000 8.481770e-01
6810.000000 8.354950e-01
6820.000000 8.269602e-01
6830.000000 8.153570e-01
6840.000000 8.109391e-01
6850.000000 8.062034e-01
6860.000000 8.187383e-01
6870.000000 7.989075e-01
6880.000000 7.883995e-01
6890.000000 7.756323e-01
6900.000000 7.539396e-01
6910.000000 7.586399e-01
6920.000000 7.805120e-01
6930.000000 7.790433e-01
6940.000000 7.889454e-01
6950.000000 8.157729e-01
6960.000000 8.155471e-01
6970.000000 8.393763e-01
6980.000000 8.530607e-01
6990.000000 8.506556e-01
7000.000000 8.328224e-01
7010.000000 8.630538e-01
7020.000000 8.807249e-01
7030.000000 8.825265e-01
7040.000000 8.797703e-01
7050.000000 8.724215e-01
7060.000000 8.398669e-01
7070.000000 8.101835e-01
7080.000000 8.054977e-01
7090.000000 8.221856e-01
7100.000000 8.233018e-01
7110.000000 8.581690e-01
7120.000000 8.923808e-01
7130.000000 9.088307e-01
7140.000000 9.417526e-01
7150.000000 9.780042e-01
7160.000000 9.686524e-01
7170.000000 9.577485e-01
7180.000000 9.560727e-01
7190.000000 9.335738e-01
7200.000000 9.452196e-01
7210.000000 1.000540e+00
7220.000000 1.034751e+00
7230.000000 1.079185e+00
7240.000000 1.108756e+00
7250.000000 1.109183e+00
7260.000000 1.084111e+00
7270.000000 1.085816e+00
7280.000000 1.113771e+00
7290.000000 1.127920e+00
7300.000000 1.104586e+00
7310.000000 1.074913e+00
7320.000000 1.040775e+00
7330.000000 1.003786e+00
7340.000000 1.023638e+00
7350.000000 1.058799e+00
7360.000000 1.052254e+00
7370.000000 1.046926e+00
7380.000000 1.053149e+00
7390.000000 1.026674e+00
7400.000000 1.025131e+00
7410.000000 1.052867e+00
7420.000000 1.058425e+00
7430.000000 1.061123e+00
7440.000000 1.038039e+00
7450.000000 1.007010e+00
7460.000000 9.686364e-01
7470.000000 9.433053e-01
7480.000000 8.982594e-01
7490.000000 8.420162e-01
7500.000000 7.946900e-01
7510.000000 7.263629e-01
7520.000000 6.828898e-01
7530.000000 6.383169e-01
7540.000000 6.257722e-01
7550.000000 6.296936e-01
7560.000000 6.337420e-01
7570.000000 6.520662e-01
7580.000000 6.512631e-01
7590.000000 6.542622e-01
7600.000000 6.643878e-01
7610.000000 6.988325e-01
7620.000000 7.224668e-01
7630.000000 7.506420e-01
7640.000000 7.690592e-01
7650.000000 7.840544e-01
7660.000000 7.937660e-01
7670.000000 7.899801e-01
7680.000000 8.219935e-01
7690.000000 8.198738e-01
7700.000000 8.489484e-01
7710.000000 8.707707e-01
7720.000000 9.019730e-01
7730.000000 9.148038e-01
7740.000000 9.519890e-01
7750.000000 1.010329e+00
7760.000000 1.045722e+00
7770.000000 1.079570e+00
7780.000000 1.086611e+00
7790.000000 1.082706e+00
7800.000000 1.064008e+00
7810.000000 1.081299e+00
7820.000000 1.098949e+00
7830.000000 1.127393e+00
7840.000000 1.147102e+00
7850.000000 1.137796e+00
7860.000000 1.120688e+00
7870.000000 1.094878e+00
7880.000000 1.096875e+00
7890.000000 1.092367e+00
7900.000000 1.106112e+00
7910.000000 1.099062e+00
7920.000000 1.114465e+00
7930.000000 1.110768e+00
7940.000000 1.107726e+00
7950.000000 1.103792e+00
7960.000000 1.075278e+00
7970.000000 1.059248e+00
7980.000000 1.016852e+00
7990.000000 9.903778e-01
8000.000000 9.595940e-01
8010.000000 9.429178e-01
8020.000000 9.247321e-01
8030.000000 9.009544e-01
8040.000000 8.489422e-01
8050.000000 8.203301e-01
8060.000000 8.077260e-01
8070.000000 8.137594e-01
8080.000000 8.145856e-01
8090.000000 8.139741e-01
8100.000000 8.350427e-01
8110.000000 8.675508e-01
8120.000000 8.713899e-01
8130.000000 8.547857e-01
8140.000000 8.254629e-01
8150.000000 7.695501e-01
8160.000000 7.475390e-01
8170.000000 7.395967e-01
8180.000000 7.377665e-01
8190.000000 7.302063e-01
8200.000000 7.584708e-01
8210.000000 7.683069e-01
8220.000000 7.793221e-01
8230.000000 7.643059e-01
8240.000000 7.586003e-01
8250.000000 7.425863e-01
8260.000000 7.223677e-01
8270.000000 7.165235e-01
8280.000000 7.174200e-01
8290.000000 7.400760e-01
8300.000000 7.573515e-01
8310.000000 7.871692e-01
8320.000000 8.248801e-01
8330.000000 8.575050e-01
8340.000000 8.963234e-01
8350.000000 9.551915e-01
8360.000000 9.807457e-01
8370.000000 9.772209e-01
8380.000000 9.851169e-01
8390.000000 9.767765e-01
8400.000000 9.788291e-01
8410.000000 1.032567e+00
8420.000000 1.084884e+00
8430.000000 1.095189e+00
8440.000000 1.100581e+00
8450.000000 1.082650e+00
8460.000000 1.018073e+00
8470.000000 9.510816e-01
8480.000000 9.445390e-01
8490.000000 9.566598e-01
8500.000000 1.050586e+00
8510.000000 1.179800e+00
8520.000000 1.232918e+00
8530.000000 1.225555e+00
8540.000000 1.153112e+00
8550.000000 1.089772e+00
8560.000000 1.077834e+00
8570.000000 1.092200e+00
8580.000000 1.103605e+00
8590.000000 1.115428e+00
8600.000000 1.097735e+00
8610.000000 1.083154e+00
8620.000000 1.068211e+00
8630.000000 1.043669e+00
8640.000000 1.025814e+00
8650.000000 1.049990e+00
8660.000000 1.077026e+00
8670.000000 1.095068e+00
8680.000000 1.074167e+00
8690.000000 1.028638e+00
8700.000000 9.939087e-01
8710.000000 9.595151e-01
8720.000000 9.405725e-01
8730.000000 8.905947e-01
8740.000000 8.424526e-01
8750.000000 8.042222e-01
8760.000000 nan
8770.000000 nan
8780.000000 nan
8790.000000 nan
8800.000000 nan
8810.000000 nan
8820.000000 nan
8830.000000 nan
8840.000000 nan
8850.000000 nan
8860.000000 nan
8870.000000 nan
8880.000000 nan
8890.000000 nan
8900.000000 nan
8910.000000 nan
8920.000000 nan
8930.000000 nan
8940.000000 nan
8950.000000 nan
8960.000000 nan
8970.000000 nan
8980.000000 nan
8990.000000 nan
