# STATUS =
# OBJECT = 1999bz
# TELESCOPE = Other
# INSTRUMENT = Other
# DATE-OBS = 1999-05-06 00:00:00.00
# MJD = 51304.0
# EXPTIME = 0
# AIRMASS = --
# SLIT = 0
# DISPERSER = --
# SOURCE = --
# FILTER =
# RESOLUTION =
# FLUX_STANDARD =
# EXTINCTION_CORRECTED = --
# PHOTOMETRY_CALIBRATED =
# TELLURIC_CORRECTED =
# FLUX_UNITS = Other
# WAVE_UNITS = Angstrom
# QUALITY = --
# MIN_WAVE = 3720
# MAX_WAVE = 6804.0
# COMMENT = Data was ingested from the &lt;a href&#039;https://sne.space/&#039;&gt;Open Supernova Catalog&lt;/a&gt; [CAUTION: The uploaded spectrum may already be de-redshifted; please check.] [Prev. spec info - createdby: admin-UploadSet; modifiedby: admin-UploadSet]
 Wavelength          Flux 
     3721.5  -8.69884e-17 
     3723.0  -1.15573e-16 
     3724.5  -9.00439e-17 
     3726.0   9.91703e-18 
     3727.5   4.07667e-17 
     3729.0  -8.32003e-17 
     3730.5  -8.62444e-17 
     3732.0  -9.34928e-18 
     3733.5   1.59438e-18 
     3735.0   2.12681e-17 
     3736.5   1.04255e-16 
     3738.0   3.95601e-17 
     3739.5  -1.15251e-16 
     3741.0  -1.16461e-16 
     3742.5  -8.64453e-17 
     3744.0  -4.67344e-17 
     3745.5  -2.46683e-17 
     3747.0  -3.80434e-17 
     3748.5   8.04061e-18 
     3750.0   2.56867e-17 
     3751.5  -3.57451e-17 
     3753.0   2.09524e-17 
     3754.5  -4.67129e-17 
     3756.0  -5.43302e-17 
     3757.5   -2.7586e-17 
     3759.0  -3.74554e-17 
     3760.5  -5.58838e-17 
     3762.0  -5.53966e-17 
     3763.5   8.37744e-17 
     3765.0   8.64501e-17 
     3766.5   7.94501e-17 
     3768.0  -1.78437e-17 
     3769.5  -5.39042e-17 
     3771.0  -6.45184e-18 
     3772.5  -1.62685e-17 
     3774.0  -5.64957e-17 
     3775.5   3.61616e-17 
     3777.0   8.40551e-17 
     3778.5   1.07299e-16 
     3780.0    1.7196e-16 
     3781.5   1.78729e-16 
     3783.0   8.41235e-17 
     3784.5   7.41263e-17 
     3786.0   9.99953e-17 
     3787.5   1.53732e-16 
     3789.0   2.11823e-16 
     3790.5   1.68287e-16 
     3792.0    3.7961e-16 
     3793.5   3.60669e-16 
     3795.0   4.15654e-17 
     3796.5  -1.94803e-16 
     3798.0  -5.09116e-17 
     3799.5  -5.03976e-17 
     3801.0   8.52173e-17 
     3802.5   1.11906e-16 
     3804.0   3.65178e-17 
     3805.5   2.93096e-17 
     3807.0  -4.94273e-17 
     3808.5  -1.34027e-16 
     3810.0  -1.23959e-16 
     3811.5   -2.0347e-16 
     3813.0  -5.41668e-17 
     3814.5  -3.38786e-17 
     3816.0  -2.05765e-16 
     3817.5  -2.17432e-16 
     3819.0  -2.40636e-16 
     3820.5  -2.43322e-16 
     3822.0  -2.45608e-16 
     3823.5  -1.39915e-16 
     3825.0   -1.4855e-16 
     3826.5  -2.89798e-16 
     3828.0  -1.03229e-16 
     3829.5   1.53999e-16 
     3831.0   1.37671e-16 
     3832.5    1.2411e-16 
     3834.0   8.59489e-17 
     3835.5   3.15978e-17 
     3837.0   1.17483e-16 
     3838.5   1.41896e-16 
     3840.0   1.41254e-16 
     3841.5   1.13015e-16 
     3843.0   7.78663e-17 
     3844.5    1.9437e-17 
     3846.0  -9.02311e-17 
     3847.5  -9.96602e-18 
     3849.0   7.65406e-17 
     3850.5   9.57051e-17 
     3852.0    6.7473e-17 
     3853.5   1.45565e-16 
     3855.0   1.05109e-16 
     3856.5   6.36161e-17 
     3858.0   1.37475e-16 
     3859.5   2.38926e-16 
     3861.0    1.7578e-16 
     3862.5   7.21245e-17 
     3864.0   1.45247e-16 
     3865.5   2.05163e-16 
     3867.0    1.8441e-16 
     3868.5   2.51821e-16 
     3870.0   1.97122e-16 
     3871.5    7.0344e-17 
     3873.0   4.31383e-17 
     3874.5    7.1221e-17 
     3876.0   1.75362e-16 
     3877.5   6.10285e-17 
     3879.0   -6.0032e-18 
     3880.5   1.15792e-16 
     3882.0    1.3301e-16 
     3883.5   9.10616e-17 
     3885.0   1.20134e-16 
     3886.5   1.13952e-16 
     3888.0   8.50415e-17 
     3889.5  -8.58608e-17 
     3891.0  -3.08217e-17 
     3892.5   2.68297e-17 
     3894.0   3.92049e-17 
     3895.5   1.27502e-16 
     3897.0   1.75811e-16 
     3898.5   1.71963e-16 
     3900.0   1.30607e-16 
     3901.5   1.03997e-16 
     3903.0   1.23496e-16 
     3904.5   2.22283e-16 
     3906.0   1.83003e-16 
     3907.5   1.85749e-16 
     3909.0   1.78839e-16 
     3910.5   1.45327e-16 
     3912.0   1.18807e-16 
     3913.5   1.48853e-16 
     3915.0   1.55977e-16 
     3916.5   2.00537e-16 
     3918.0   9.73344e-17 
     3919.5   8.61728e-17 
     3921.0   1.12048e-16 
     3922.5   8.50647e-17 
     3924.0   7.59573e-17 
     3925.5  -4.63539e-17 
     3927.0  -2.18869e-17 
     3928.5   6.62314e-17 
     3930.0   4.20948e-17 
     3931.5  -5.50883e-17 
     3933.0  -7.73923e-17 
     3934.5   3.53962e-17 
     3936.0   1.79217e-16 
     3937.5   7.29449e-17 
     3939.0   7.45865e-18 
     3940.5     7.326e-17 
     3942.0   6.56345e-17 
     3943.5   1.00113e-16 
     3945.0   1.04821e-16 
     3946.5  -3.89356e-17 
     3948.0   2.99092e-17 
     3949.5  -3.05659e-17 
     3951.0  -5.93806e-18 
     3952.5     7.708e-18 
     3954.0   1.14673e-16 
     3955.5   1.12071e-16 
     3957.0  -4.13552e-17 
     3958.5  -9.46392e-17 
     3960.0  -8.15063e-17 
     3961.5  -2.37868e-17 
     3963.0   6.70907e-17 
     3964.5   1.00566e-16 
     3966.0   7.73519e-17 
     3967.5   9.59575e-17 
     3969.0   1.43164e-16 
     3970.5    6.1836e-17 
     3972.0   -3.4981e-17 
     3973.5  -2.53214e-17 
     3975.0   1.01286e-16 
     3976.5   1.72982e-16 
     3978.0    9.2383e-17 
     3979.5   1.30337e-17 
     3981.0   3.10876e-17 
     3982.5   1.82431e-17 
     3984.0    1.3934e-17 
     3985.5   8.00639e-17 
     3987.0   1.63182e-16 
     3988.5   1.40787e-16 
     3990.0   8.03455e-17 
     3991.5   8.90613e-17 
     3993.0   8.83101e-17 
     3994.5   1.27366e-16 
     3996.0   6.35185e-17 
     3997.5  -6.64651e-18 
     3999.0  -2.50764e-17 
     4000.5  -1.14398e-16 
     4002.0  -6.03612e-17 
     4003.5  -1.67995e-16 
     4005.0  -7.86267e-17 
     4006.5   -4.5174e-18 
     4008.0   3.03628e-17 
     4009.5  -5.09041e-17 
     4011.0  -1.06042e-17 
     4012.5   5.70676e-17 
     4014.0   -5.3694e-17 
     4015.5  -4.29038e-17 
     4017.0  -1.80698e-17 
     4018.5  -2.88362e-17 
     4020.0  -1.20171e-16 
     4021.5  -4.32296e-17 
     4023.0    3.0779e-17 
     4024.5   6.92071e-17 
     4026.0    1.0123e-16 
     4027.5  -7.34276e-20 
     4029.0   7.75473e-18 
     4030.5  -5.19418e-17 
     4032.0   6.48635e-18 
     4033.5   2.81889e-18 
     4035.0   1.16745e-17 
     4036.5   3.82476e-17 
     4038.0   1.44744e-18 
     4039.5  -7.84011e-17 
     4041.0  -1.07587e-16 
     4042.5  -1.52018e-17 
     4044.0  -4.19379e-17 
     4045.5  -3.24524e-17 
     4047.0   2.57345e-17 
     4048.5   2.68288e-17 
     4050.0   1.08489e-16 
     4051.5   1.16466e-16 
     4053.0   6.35811e-17 
     4054.5   1.00543e-16 
     4056.0   2.17204e-16 
     4057.5   1.76176e-16 
     4059.0   8.99449e-17 
     4060.5   4.13221e-17 
     4062.0   4.87846e-17 
     4063.5   8.13571e-17 
     4065.0   4.43936e-17 
     4066.5   5.59283e-17 
     4068.0   8.23229e-17 
     4069.5   8.86815e-17 
     4071.0   4.85784e-17 
     4072.5   4.22293e-18 
     4074.0  -2.62337e-18 
     4075.5  -4.00167e-18 
     4077.0   5.29989e-17 
     4078.5    8.1874e-17 
     4080.0   1.21369e-16 
     4081.5   1.81463e-16 
     4083.0   1.07763e-16 
     4084.5   9.72861e-17 
     4086.0   1.57992e-16 
     4087.5   8.40101e-17 
     4089.0   1.56702e-16 
     4090.5   1.59949e-16 
     4092.0   1.17289e-16 
     4093.5   1.96597e-16 
     4095.0   8.61796e-17 
     4096.5    5.7489e-17 
     4098.0   1.08524e-16 
     4099.5   5.91628e-17 
     4101.0   1.46196e-16 
     4102.5   2.40007e-16 
     4104.0   1.63707e-16 
     4105.5   1.43718e-17 
     4107.0   1.31689e-17 
     4108.5   3.53771e-17 
     4110.0   1.89774e-17 
     4111.5    6.3792e-17 
     4113.0   2.31703e-17 
     4114.5   3.02639e-17 
     4116.0    1.2702e-16 
     4117.5    4.6084e-17 
     4119.0   1.62223e-17 
     4120.5   5.13204e-17 
     4122.0   6.48701e-17 
     4123.5   1.08634e-16 
     4125.0   1.10018e-16 
     4126.5   9.76568e-17 
     4128.0    9.8322e-17 
     4129.5   1.14315e-16 
     4131.0   1.16378e-16 
     4132.5   1.31681e-16 
     4134.0   1.11878e-16 
     4135.5   9.35855e-17 
     4137.0   1.10756e-16 
     4138.5   1.15246e-16 
     4140.0   1.14017e-16 
     4141.5   1.20402e-16 
     4143.0   3.28106e-17 
     4144.5   4.58986e-17 
     4146.0   1.28935e-16 
     4147.5   1.12242e-16 
     4149.0   1.42024e-16 
     4150.5   1.03564e-16 
     4152.0   9.06237e-17 
     4153.5    1.1899e-16 
     4155.0   1.24967e-16 
     4156.5   9.60279e-17 
     4158.0   1.32043e-16 
     4159.5   2.14718e-16 
     4161.0   1.67341e-16 
     4162.5   2.64447e-17 
     4164.0   4.24588e-17 
     4165.5   8.42889e-17 
     4167.0   7.44588e-17 
     4168.5   2.28565e-17 
     4170.0   6.92425e-17 
     4171.5   1.72442e-16 
     4173.0   1.96035e-16 
     4174.5   1.20296e-16 
     4176.0   3.71968e-17 
     4177.5   3.76627e-17 
     4179.0   1.24105e-16 
     4180.5   1.94871e-16 
     4182.0   1.88662e-16 
     4183.5   1.37754e-16 
     4185.0   1.07404e-16 
     4186.5    4.5649e-17 
     4188.0   3.50796e-17 
     4189.5   8.11391e-17 
     4191.0   1.17353e-16 
     4192.5   1.06931e-16 
     4194.0    1.1997e-16 
     4195.5   1.30602e-16 
     4197.0   9.08349e-17 
     4198.5   7.18516e-17 
     4200.0   6.04907e-17 
     4201.5   7.90144e-17 
     4203.0   8.14147e-17 
     4204.5   1.77542e-17 
     4206.0   3.85556e-17 
     4207.5   9.17124e-17 
     4209.0   9.71612e-17 
     4210.5   1.15714e-16 
     4212.0    1.5006e-16 
     4213.5   1.69918e-16 
     4215.0   2.56875e-16 
     4216.5   1.59683e-16 
     4218.0   1.19412e-16 
     4219.5    1.4374e-16 
     4221.0   2.81525e-17 
     4222.5   6.93651e-17 
     4224.0   6.44728e-17 
     4225.5   7.10513e-17 
     4227.0   1.40155e-16 
     4228.5   6.52767e-17 
     4230.0   1.71867e-16 
     4231.5   1.75207e-16 
     4233.0   1.41751e-16 
     4234.5   7.47192e-17 
     4236.0   1.13956e-16 
     4237.5    1.4011e-16 
     4239.0    5.2742e-18 
     4240.5   1.50594e-16 
     4242.0   1.73785e-16 
     4243.5   6.00392e-17 
     4245.0   7.19553e-17 
     4246.5   1.27349e-16 
     4248.0   1.28326e-16 
     4249.5    9.4899e-17 
     4251.0   1.39626e-16 
     4252.5   1.72382e-16 
     4254.0   2.03026e-16 
     4255.5   9.84766e-17 
     4257.0    1.0574e-16 
     4258.5   1.15643e-16 
     4260.0   1.30381e-16 
     4261.5   2.06495e-16 
     4263.0   1.88543e-16 
     4264.5   1.16599e-16 
     4266.0   7.51554e-17 
     4267.5   3.20677e-17 
     4269.0   6.24621e-17 
     4270.5   6.52877e-17 
     4272.0   8.86851e-17 
     4273.5   1.21067e-16 
     4275.0   6.19521e-17 
     4276.5   1.89388e-17 
     4278.0   4.04764e-17 
     4279.5   1.34793e-16 
     4281.0   1.75708e-16 
     4282.5   1.09506e-16 
     4284.0   1.09944e-16 
     4285.5   1.66893e-16 
     4287.0   1.41428e-16 
     4288.5   1.26543e-16 
     4290.0   5.98618e-17 
     4291.5   2.09339e-17 
     4293.0   6.43688e-17 
     4294.5   1.08574e-16 
     4296.0   1.40745e-16 
     4297.5   7.45673e-17 
     4299.0   1.17193e-16 
     4300.5    3.0284e-17 
     4302.0   8.94959e-17 
     4303.5   7.36404e-17 
     4305.0   4.63505e-17 
     4306.5   1.29075e-16 
     4308.0   1.43907e-16 
     4309.5   1.12808e-16 
     4311.0   1.70519e-16 
     4312.5    1.5843e-16 
     4314.0    5.1222e-17 
     4315.5   6.76752e-17 
     4317.0   1.14383e-17 
     4318.5  -1.18986e-17 
     4320.0     6.815e-17 
     4321.5   1.33343e-16 
     4323.0   7.51183e-17 
     4324.5   8.47411e-17 
     4326.0   1.27149e-16 
     4327.5   1.00489e-16 
     4329.0  -3.54949e-18 
     4330.5  -5.43453e-17 
     4332.0    -6.251e-18 
     4333.5   4.07069e-17 
     4335.0   6.98773e-17 
     4336.5     5.312e-17 
     4338.0   1.16722e-16 
     4339.5   1.10868e-16 
     4341.0   4.78572e-17 
     4342.5   2.85249e-17 
     4344.0   6.51345e-17 
     4345.5   5.72183e-17 
     4347.0   2.06855e-17 
     4348.5  -7.49838e-19 
     4350.0   3.41708e-17 
     4351.5   7.83295e-17 
     4353.0   5.26393e-17 
     4354.5   8.38354e-17 
     4356.0   1.39135e-16 
     4357.5   1.31889e-16 
     4359.0    9.8888e-17 
     4360.5   8.02685e-17 
     4362.0   9.29103e-17 
     4363.5   7.10763e-17 
     4365.0    4.2061e-17 
     4366.5   6.38576e-17 
     4368.0   5.96221e-17 
     4369.5   2.05631e-17 
     4371.0   4.53391e-17 
     4372.5   8.35624e-17 
     4374.0   8.24824e-17 
     4375.5   7.20806e-17 
     4377.0   5.54284e-17 
     4378.5   6.73502e-17 
     4380.0   7.58416e-17 
     4381.5   1.41931e-16 
     4383.0   1.74366e-16 
     4384.5    1.1851e-16 
     4386.0   6.19666e-17 
     4387.5   7.21649e-17 
     4389.0   7.01265e-17 
     4390.5   7.47027e-17 
     4392.0   1.10616e-16 
     4393.5   5.94066e-17 
     4395.0    1.2692e-17 
     4396.5   6.27581e-17 
     4398.0   8.34242e-17 
     4399.5   1.19873e-16 
     4401.0   1.98515e-17 
     4402.5   1.96529e-17 
     4404.0   5.50879e-17 
     4405.5   9.27178e-17 
     4407.0   9.60061e-17 
     4408.5   1.05122e-16 
     4410.0   7.29361e-17 
     4411.5   8.63937e-17 
     4413.0   5.74934e-17 
     4414.5   -7.6496e-18 
     4416.0  -8.25532e-18 
     4417.5   3.08481e-17 
     4419.0   4.32973e-17 
     4420.5   7.83931e-17 
     4422.0   7.15887e-17 
     4423.5   6.97801e-17 
     4425.0   7.54613e-17 
     4426.5    5.5091e-17 
     4428.0   4.40317e-17 
     4429.5   5.27704e-17 
     4431.0   7.40456e-17 
     4432.5   2.86794e-17 
     4434.0  -2.23367e-17 
     4435.5   2.66087e-17 
     4437.0   7.65625e-17 
     4438.5   7.76696e-17 
     4440.0   4.78024e-17 
     4441.5   2.52303e-17 
     4443.0    3.0666e-17 
     4444.5   4.52018e-17 
     4446.0   6.34016e-17 
     4447.5   5.52672e-17 
     4449.0    2.7941e-17 
     4450.5   2.36615e-17 
     4452.0   9.38748e-19 
     4453.5   1.47677e-17 
     4455.0   8.89118e-17 
     4456.5   4.85187e-17 
     4458.0   9.67306e-18 
     4459.5  -2.53694e-17 
     4461.0   2.41436e-17 
     4462.5  -1.42852e-17 
     4464.0   4.16457e-17 
     4465.5    7.3776e-17 
     4467.0   1.00119e-16 
     4468.5    7.3606e-17 
     4470.0  -1.35395e-17 
     4471.5  -3.29744e-18 
     4473.0   5.04059e-17 
     4474.5   5.51197e-17 
     4476.0   1.58252e-16 
     4477.5   7.15857e-17 
     4479.0   7.40883e-17 
     4480.5   3.29255e-17 
     4482.0   4.60288e-17 
     4483.5   3.58539e-17 
     4485.0   2.14409e-17 
     4486.5   6.21598e-17 
     4488.0   8.56389e-17 
     4489.5   5.56378e-17 
     4491.0   8.28869e-17 
     4492.5   1.03825e-16 
     4494.0   1.13619e-16 
     4495.5   8.06603e-17 
     4497.0   3.07066e-17 
     4498.5   4.58308e-18 
     4500.0   1.17369e-17 
     4501.5   3.37679e-17 
     4503.0   3.67779e-17 
     4504.5   5.12931e-17 
     4506.0   3.32736e-17 
     4507.5   2.16563e-17 
     4509.0   7.99813e-19 
     4510.5  -6.91962e-17 
     4512.0  -5.12157e-17 
     4513.5   2.87674e-17 
     4515.0   5.40665e-17 
     4516.5   8.22129e-17 
     4518.0   4.40115e-17 
     4519.5  -2.69184e-17 
     4521.0   1.89126e-17 
     4522.5   4.77922e-17 
     4524.0   4.01116e-17 
     4525.5   4.61055e-17 
     4527.0   7.37768e-17 
     4528.5   9.43959e-17 
     4530.0   -3.3796e-17 
     4531.5   1.72555e-17 
     4533.0   6.89323e-17 
     4534.5   5.76116e-17 
     4536.0   9.29788e-17 
     4537.5   1.77653e-17 
     4539.0   6.28708e-17 
     4540.5   6.62363e-17 
     4542.0  -1.98245e-17 
     4543.5   3.46076e-17 
     4545.0   9.00227e-17 
     4546.5   2.47126e-17 
     4548.0   8.92081e-17 
     4549.5   3.54457e-17 
     4551.0   3.74773e-17 
     4552.5   4.05896e-17 
     4554.0   4.64163e-17 
     4555.5   7.01072e-17 
     4557.0   1.11548e-16 
     4558.5   4.13689e-17 
     4560.0   4.49133e-17 
     4561.5   2.23306e-17 
     4563.0   4.92091e-17 
     4564.5   8.53258e-17 
     4566.0   1.08102e-16 
     4567.5   9.68344e-17 
     4569.0   4.39767e-17 
     4570.5   4.95687e-17 
     4572.0   8.72223e-17 
     4573.5   7.38844e-17 
     4575.0   4.77509e-17 
     4576.5   5.80294e-17 
     4578.0   7.72154e-17 
     4579.5   6.44669e-17 
     4581.0   5.76313e-17 
     4582.5   8.67428e-17 
     4584.0   6.80996e-17 
     4585.5   4.27243e-17 
     4587.0    7.1923e-17 
     4588.5   9.61919e-17 
     4590.0   7.68671e-17 
     4591.5   5.36698e-17 
     4593.0   7.37973e-17 
     4594.5   1.10472e-16 
     4596.0   6.32948e-17 
     4597.5   5.27752e-17 
     4599.0   5.71168e-17 
     4600.5    4.0704e-17 
     4602.0   3.95007e-17 
     4603.5   5.07715e-17 
     4605.0   9.52497e-17 
     4606.5   1.05069e-16 
     4608.0   6.89852e-17 
     4609.5   7.76312e-17 
     4611.0   3.02132e-17 
     4612.5   3.32984e-18 
     4614.0   5.85085e-17 
     4615.5    4.1552e-17 
     4617.0    6.9655e-17 
     4618.5    8.5809e-17 
     4620.0   5.25556e-17 
     4621.5   9.60509e-17 
     4623.0   9.72029e-17 
     4624.5    1.2915e-17 
     4626.0   3.39903e-18 
     4627.5   8.05539e-17 
     4629.0   8.46788e-17 
     4630.5   7.66185e-17 
     4632.0   7.81556e-17 
     4633.5   4.75782e-17 
     4635.0    6.9824e-17 
     4636.5   1.17544e-16 
     4638.0   7.83739e-17 
     4639.5      8.09e-17 
     4641.0   8.97459e-17 
     4642.5   7.82793e-17 
     4644.0   1.25286e-16 
     4645.5   1.26764e-16 
     4647.0    1.1197e-16 
     4648.5   1.27562e-16 
     4650.0   9.14003e-17 
     4651.5   9.32107e-17 
     4653.0   1.11958e-16 
     4654.5   7.79538e-17 
     4656.0   7.63694e-17 
     4657.5   1.27385e-16 
     4659.0   1.29544e-16 
     4660.5   1.20574e-16 
     4662.0    1.0939e-16 
     4663.5   7.27615e-17 
     4665.0   7.02242e-17 
     4666.5   8.43271e-17 
     4668.0   1.29387e-16 
     4669.5   1.09248e-16 
     4671.0   1.11034e-16 
     4672.5   1.49493e-16 
     4674.0   1.36556e-16 
     4675.5    1.5728e-16 
     4677.0   1.84851e-16 
     4678.5   1.62014e-16 
     4680.0   1.51811e-16 
     4681.5   1.45384e-16 
     4683.0   1.14073e-16 
     4684.5   8.18364e-17 
     4686.0   9.25769e-17 
     4687.5   1.43747e-16 
     4689.0   1.36072e-16 
     4690.5   1.00394e-16 
     4692.0   1.45505e-16 
     4693.5   1.11435e-16 
     4695.0   9.20218e-17 
     4696.5   1.13268e-16 
     4698.0   1.03375e-16 
     4699.5   9.41824e-17 
     4701.0   1.17635e-16 
     4702.5   1.39847e-16 
     4704.0   1.11829e-16 
     4705.5   1.25285e-16 
     4707.0   1.69857e-16 
     4708.5   1.72089e-16 
     4710.0   1.48184e-16 
     4711.5   1.62213e-16 
     4713.0   1.55915e-16 
     4714.5   1.64592e-16 
     4716.0   1.32457e-16 
     4717.5   1.15612e-16 
     4719.0   1.45391e-16 
     4720.5   1.56657e-16 
     4722.0   1.29814e-16 
     4723.5   1.13323e-16 
     4725.0   1.35871e-16 
     4726.5   1.28506e-16 
     4728.0   9.81584e-17 
     4729.5   7.58065e-17 
     4731.0   1.00453e-16 
     4732.5   1.17773e-16 
     4734.0   1.38045e-16 
     4735.5   1.20005e-16 
     4737.0   1.15425e-16 
     4738.5   1.62047e-16 
     4740.0   1.28384e-16 
     4741.5   6.40127e-17 
     4743.0   9.69026e-17 
     4744.5   1.08628e-16 
     4746.0   7.34977e-17 
     4747.5   7.49458e-17 
     4749.0   1.06858e-16 
     4750.5   8.98943e-17 
     4752.0   7.12059e-17 
     4753.5   9.95111e-17 
     4755.0   1.14818e-16 
     4756.5   8.83632e-17 
     4758.0   8.57006e-17 
     4759.5   1.38806e-16 
     4761.0    1.1775e-16 
     4762.5    6.8232e-17 
     4764.0   9.04361e-17 
     4765.5   8.48387e-17 
     4767.0   8.99854e-17 
     4768.5   8.09263e-17 
     4770.0   5.43496e-17 
     4771.5   9.35075e-17 
     4773.0   1.62041e-16 
     4774.5   1.29629e-16 
     4776.0   1.00339e-16 
     4777.5   9.44807e-17 
     4779.0   9.63356e-17 
     4780.5   1.16913e-16 
     4782.0   8.95185e-17 
     4783.5   1.45864e-16 
     4785.0   1.34734e-16 
     4786.5   1.09103e-16 
     4788.0   1.09434e-16 
     4789.5   1.11651e-16 
     4791.0   1.14657e-16 
     4792.5   1.26403e-16 
     4794.0   1.31679e-16 
     4795.5   1.22209e-16 
     4797.0   1.34736e-16 
     4798.5   1.24832e-16 
     4800.0   9.26929e-17 
     4801.5    1.0923e-16 
     4803.0   1.30569e-16 
     4804.5   8.53404e-17 
     4806.0   6.28385e-17 
     4807.5   8.51933e-17 
     4809.0   9.68626e-17 
     4810.5   1.17943e-16 
     4812.0   1.32384e-16 
     4813.5   1.46055e-16 
     4815.0   1.58349e-16 
     4816.5   1.30436e-16 
     4818.0   6.19334e-17 
     4819.5    5.1061e-17 
     4821.0   8.50007e-17 
     4822.5   9.48403e-17 
     4824.0   1.01508e-16 
     4825.5   7.41267e-17 
     4827.0   3.82961e-17 
     4828.5   7.47382e-17 
     4830.0   9.03305e-17 
     4831.5   1.15454e-16 
     4833.0   8.43725e-17 
     4834.5    7.3644e-17 
     4836.0    4.6055e-17 
     4837.5   3.57595e-17 
     4839.0   7.69802e-17 
     4840.5   8.48317e-17 
     4842.0   3.75149e-17 
     4843.5   6.85194e-17 
     4845.0   6.70374e-17 
     4846.5   1.32415e-16 
     4848.0   1.34593e-16 
     4849.5   1.52353e-16 
     4851.0    1.2492e-16 
     4852.5   1.19125e-16 
     4854.0   9.53835e-17 
     4855.5   9.24117e-17 
     4857.0   9.62754e-17 
     4858.5   1.26038e-16 
     4860.0   1.53241e-16 
     4861.5   1.16699e-16 
     4863.0    7.0458e-17 
     4864.5   7.96855e-17 
     4866.0   1.11766e-16 
     4867.5   7.91093e-17 
     4869.0   8.07168e-17 
     4870.5   8.62447e-17 
     4872.0   6.02049e-17 
     4873.5   2.09296e-18 
     4875.0   2.16758e-17 
     4876.5   9.38615e-17 
     4878.0   1.17202e-16 
     4879.5   9.33609e-17 
     4881.0   7.76272e-17 
     4882.5   1.19479e-16 
     4884.0   1.18792e-16 
     4885.5   1.13301e-16 
     4887.0   9.18178e-17 
     4888.5   6.31167e-17 
     4890.0   9.36241e-17 
     4891.5   1.07806e-16 
     4893.0   7.17076e-17 
     4894.5   8.07876e-17 
     4896.0   7.93123e-17 
     4897.5   8.70675e-17 
     4899.0   1.35153e-16 
     4900.5   1.17593e-16 
     4902.0   5.50548e-17 
     4903.5   5.75603e-17 
     4905.0   6.47574e-17 
     4906.5   1.08532e-16 
     4908.0   1.35152e-16 
     4909.5   6.44525e-17 
     4911.0   7.16698e-17 
     4912.5    1.2014e-16 
     4914.0   1.32404e-16 
     4915.5   1.26541e-16 
     4917.0   1.04808e-16 
     4918.5    1.3233e-16 
     4920.0   8.72522e-17 
     4921.5   1.03869e-16 
     4923.0    9.7568e-17 
     4924.5   1.08015e-16 
     4926.0   1.13744e-16 
     4927.5   1.14016e-16 
     4929.0   9.68315e-17 
     4930.5   6.44518e-17 
     4932.0   1.11512e-16 
     4933.5   9.74233e-17 
     4935.0   8.58299e-17 
     4936.5   1.37824e-16 
     4938.0    1.1676e-16 
     4939.5    7.1443e-17 
     4941.0   9.51812e-17 
     4942.5    9.9284e-17 
     4944.0   7.62072e-17 
     4945.5   8.59808e-17 
     4947.0   1.02274e-16 
     4948.5   8.57076e-17 
     4950.0    8.6599e-17 
     4951.5   1.21434e-16 
     4953.0   1.30471e-16 
     4954.5   1.12642e-16 
     4956.0   7.38116e-17 
     4957.5     9.068e-17 
     4959.0    1.1047e-16 
     4960.5   1.06491e-16 
     4962.0   1.05811e-16 
     4963.5   8.55787e-17 
     4965.0    7.2119e-17 
     4966.5   8.56141e-17 
     4968.0   6.78469e-17 
     4969.5   7.53581e-17 
     4971.0   1.11933e-16 
     4972.5   1.06852e-16 
     4974.0   9.48772e-17 
     4975.5   9.03854e-17 
     4977.0   1.00002e-16 
     4978.5   9.25339e-17 
     4980.0   8.83778e-17 
     4981.5   8.60352e-17 
     4983.0    9.1291e-17 
     4984.5   8.62848e-17 
     4986.0   7.10297e-17 
     4987.5   1.00394e-16 
     4989.0   9.48709e-17 
     4990.5    1.0051e-16 
     4992.0   7.22905e-17 
     4993.5   6.79501e-17 
     4995.0   1.06218e-16 
     4996.5   9.27374e-17 
     4998.0   1.22497e-16 
     4999.5   8.77457e-17 
     5001.0   8.34288e-17 
     5002.5   1.25658e-16 
     5004.0   1.26016e-16 
     5005.5   1.19807e-16 
     5007.0   7.22514e-17 
     5008.5   6.17093e-17 
     5010.0   5.22781e-17 
     5011.5   4.80831e-17 
     5013.0   5.36476e-17 
     5014.5   1.26688e-16 
     5016.0   9.81515e-17 
     5017.5   7.14768e-17 
     5019.0   1.12729e-16 
     5020.5   9.74982e-17 
     5022.0   7.78073e-17 
     5023.5   8.75267e-17 
     5025.0   8.40595e-17 
     5026.5   8.64476e-17 
     5028.0    7.9896e-17 
     5029.5   7.23956e-17 
     5031.0   7.73057e-17 
     5032.5   1.03199e-16 
     5034.0   9.86847e-17 
     5035.5   9.44606e-17 
     5037.0   1.01255e-16 
     5038.5   8.36245e-17 
     5040.0   6.00881e-17 
     5041.5   8.85634e-17 
     5043.0   8.20799e-17 
     5044.5   4.95472e-17 
     5046.0   8.22465e-17 
     5047.5    1.0869e-16 
     5049.0    1.2813e-16 
     5050.5   9.97192e-17 
     5052.0   6.29373e-17 
     5053.5   9.58095e-17 
     5055.0   1.39117e-16 
     5056.5   1.12431e-16 
     5058.0   9.61387e-17 
     5059.5   1.20016e-16 
     5061.0   1.27732e-16 
     5062.5   1.19676e-16 
     5064.0   8.96299e-17 
     5065.5   4.03588e-17 
     5067.0   6.30881e-17 
     5068.5   1.67141e-16 
     5070.0   1.41699e-16 
     5071.5   8.95408e-17 
     5073.0   1.40371e-16 
     5074.5   1.22873e-16 
     5076.0    1.1766e-16 
     5077.5   1.14122e-16 
     5079.0   8.61019e-17 
     5080.5   6.97388e-17 
     5082.0   6.32698e-17 
     5083.5   7.39473e-17 
     5085.0   4.96864e-17 
     5086.5   5.78905e-17 
     5088.0   1.01546e-16 
     5089.5   9.33032e-17 
     5091.0   9.13685e-17 
     5092.5   8.72926e-17 
     5094.0   5.23305e-17 
     5095.5   6.91355e-17 
     5097.0   1.20323e-16 
     5098.5   1.48108e-16 
     5100.0   1.09893e-16 
     5101.5   9.17174e-17 
     5103.0   1.28295e-16 
     5104.5    1.4029e-16 
     5106.0   1.41793e-16 
     5107.5   1.19497e-16 
     5109.0    8.9508e-17 
     5110.5   8.09459e-17 
     5112.0   6.84775e-17 
     5113.5   6.91824e-17 
     5115.0   9.15752e-17 
     5116.5   7.24092e-17 
     5118.0   8.02529e-17 
     5119.5   1.20082e-16 
     5121.0   1.04806e-16 
     5122.5   8.74527e-17 
     5124.0   9.40292e-17 
     5125.5   9.20167e-17 
     5127.0   7.08224e-17 
     5128.5   9.40899e-17 
     5130.0   8.27325e-17 
     5131.5   3.36041e-17 
     5133.0   8.30652e-17 
     5134.5   1.23615e-16 
     5136.0   1.10668e-16 
     5137.5   4.67281e-17 
     5139.0   4.14749e-17 
     5140.5   6.16069e-17 
     5142.0   7.81933e-17 
     5143.5   9.77161e-17 
     5145.0   9.37278e-17 
     5146.5   9.37131e-17 
     5148.0   9.30402e-17 
     5149.5    9.6007e-17 
     5151.0   5.39894e-17 
     5152.5   4.19486e-17 
     5154.0   4.75298e-17 
     5155.5   5.20286e-17 
     5157.0   7.81293e-17 
     5158.5   1.13921e-16 
     5160.0   1.00244e-16 
     5161.5   7.95633e-17 
     5163.0   5.82339e-17 
     5164.5   4.55755e-17 
     5166.0   6.77373e-17 
     5167.5   6.23813e-17 
     5169.0   6.57691e-17 
     5170.5   7.75059e-17 
     5172.0   9.25909e-17 
     5173.5   9.25788e-17 
     5175.0   8.59423e-17 
     5176.5   1.01021e-16 
     5178.0   9.80607e-17 
     5179.5   7.90219e-17 
     5181.0   6.25705e-17 
     5182.5   7.22672e-17 
     5184.0   8.32843e-17 
     5185.5   5.55166e-17 
     5187.0   4.20411e-17 
     5188.5   3.92391e-17 
     5190.0    3.7924e-17 
     5191.5   7.58152e-17 
     5193.0   8.39537e-17 
     5194.5   6.10577e-17 
     5196.0   4.34499e-17 
     5197.5   4.85359e-17 
     5199.0   6.70658e-17 
     5200.5   3.25281e-17 
     5202.0   2.59194e-17 
     5203.5   4.81269e-17 
     5205.0   4.16072e-17 
     5206.5   5.53881e-17 
     5208.0   4.78989e-17 
     5209.5   4.53513e-17 
     5211.0   6.50069e-17 
     5212.5   4.87708e-17 
     5214.0    6.8312e-17 
     5215.5   7.23439e-17 
     5217.0   3.17444e-17 
     5218.5   7.60541e-17 
     5220.0   7.68031e-17 
     5221.5   3.74893e-17 
     5223.0   7.58199e-17 
     5224.5   4.54487e-17 
     5226.0   -4.1908e-18 
     5227.5   4.09836e-17 
     5229.0     4.891e-17 
     5230.5   4.86989e-17 
     5232.0   5.18934e-17 
     5233.5   3.23428e-17 
     5235.0   8.87198e-17 
     5236.5   1.08904e-16 
     5238.0   8.27777e-17 
     5239.5    1.0139e-16 
     5241.0   9.53537e-17 
     5242.5   7.86685e-17 
     5244.0    7.2552e-17 
     5245.5    9.0726e-17 
     5247.0   8.95365e-17 
     5248.5   8.18467e-17 
     5250.0   1.04815e-16 
     5251.5   1.14404e-16 
     5253.0   7.75202e-17 
     5254.5   5.87161e-17 
     5256.0   7.33269e-17 
     5257.5    8.4135e-17 
     5259.0   1.01376e-16 
     5260.5   1.04217e-16 
     5262.0   7.19494e-17 
     5263.5   6.21109e-17 
     5265.0    9.0506e-17 
     5266.5   9.03728e-17 
     5268.0   5.14866e-17 
     5269.5   4.96316e-17 
     5271.0   8.35236e-17 
     5272.5     6.473e-17 
     5274.0   6.51424e-17 
     5275.5   7.94107e-17 
     5277.0   6.72554e-17 
     5278.5   3.85462e-17 
     5280.0    6.5719e-17 
     5281.5   9.74929e-17 
     5283.0   6.87014e-17 
     5284.5   4.01495e-17 
     5286.0   6.20606e-17 
     5287.5   2.46463e-17 
     5289.0    6.9962e-17 
     5290.5   1.06945e-16 
     5292.0   8.43215e-17 
     5293.5    9.6813e-17 
     5295.0   7.20023e-17 
     5296.5    6.6181e-17 
     5298.0   6.81085e-17 
     5299.5   5.40234e-17 
     5301.0   3.62829e-17 
     5302.5   4.29416e-17 
     5304.0   8.07356e-17 
     5305.5   8.26796e-17 
     5307.0    7.0067e-17 
     5308.5   5.92805e-17 
     5310.0   6.99251e-17 
     5311.5   8.15479e-17 
     5313.0   8.79766e-17 
     5314.5   8.13942e-17 
     5316.0   6.13556e-17 
     5317.5   6.46313e-17 
     5319.0   5.96932e-17 
     5320.5   7.69889e-17 
     5322.0   8.63275e-17 
     5323.5   7.11365e-17 
     5325.0   5.65227e-17 
     5326.5   6.78922e-17 
     5328.0   6.91039e-17 
     5329.5   7.85224e-17 
     5331.0   8.27613e-17 
     5332.5   7.98564e-17 
     5334.0   7.85631e-17 
     5335.5   9.99376e-17 
     5337.0   1.12518e-16 
     5338.5   8.13749e-17 
     5340.0   7.62971e-17 
     5341.5   8.51819e-17 
     5343.0    7.6738e-17 
     5344.5   8.95607e-17 
     5346.0   9.84766e-17 
     5347.5   9.78689e-17 
     5349.0   5.35183e-17 
     5350.5   5.77014e-17 
     5352.0   7.07968e-17 
     5353.5   7.12804e-17 
     5355.0   1.01205e-16 
     5356.5   1.23968e-16 
     5358.0   1.29295e-16 
     5359.5    9.8989e-17 
     5361.0   6.69456e-17 
     5362.5   7.10849e-17 
     5364.0   3.29417e-17 
     5365.5   7.69483e-17 
     5367.0   1.00079e-16 
     5368.5   9.84038e-17 
     5370.0   1.10034e-16 
     5371.5   6.05819e-17 
     5373.0   7.49249e-17 
     5374.5   1.28817e-16 
     5376.0   9.66314e-17 
     5377.5   3.21314e-17 
     5379.0    3.4589e-17 
     5380.5   7.80553e-17 
     5382.0   8.73279e-17 
     5383.5   1.07991e-16 
     5385.0   9.93747e-17 
     5386.5   3.89289e-17 
     5388.0   2.89375e-17 
     5389.5   9.33909e-17 
     5391.0   1.03623e-16 
     5392.5   7.16137e-17 
     5394.0   6.64654e-17 
     5395.5   1.15406e-16 
     5397.0   1.32687e-16 
     5398.5   1.06325e-16 
     5400.0   7.62408e-17 
     5401.5   8.13605e-17 
     5403.0   8.67021e-17 
     5404.5   9.63074e-17 
     5406.0   9.67368e-17 
     5407.5   9.80869e-17 
     5409.0   1.00468e-16 
     5410.5   8.84931e-17 
     5412.0   9.04826e-17 
     5413.5   1.06856e-16 
     5415.0    1.0218e-16 
     5416.5    1.0326e-16 
     5418.0   1.21234e-16 
     5419.5   9.27736e-17 
     5421.0   5.40209e-17 
     5422.5   6.71554e-17 
     5424.0   8.39491e-17 
     5425.5   1.07299e-16 
     5427.0   1.25676e-16 
     5428.5    9.9916e-17 
     5430.0   1.13107e-16 
     5431.5   1.11566e-16 
     5433.0   7.80521e-17 
     5434.5   1.20807e-16 
     5436.0    1.0404e-16 
     5437.5   1.07324e-16 
     5439.0   1.37332e-16 
     5440.5   1.15379e-16 
     5442.0   1.18423e-16 
     5443.5   1.28806e-16 
     5445.0     1.341e-16 
     5446.5   1.20627e-16 
     5448.0   1.05114e-16 
     5449.5   1.42513e-16 
     5451.0   1.28764e-16 
     5452.5   1.08549e-16 
     5454.0   1.13592e-16 
     5455.5   1.30195e-16 
     5457.0   1.00718e-16 
     5458.5   1.34146e-16 
     5460.0   1.15458e-16 
     5461.5   9.37566e-17 
     5463.0   9.79706e-17 
     5464.5   1.17214e-16 
     5466.0    1.3315e-16 
     5467.5   1.06188e-16 
     5469.0   1.10049e-16 
     5470.5   1.39011e-16 
     5472.0   1.23266e-16 
     5473.5   1.14574e-16 
     5475.0   1.20987e-16 
     5476.5   1.18725e-16 
     5478.0   1.19274e-16 
     5479.5   1.20881e-16 
     5481.0    1.2797e-16 
     5482.5   1.16241e-16 
     5484.0   1.21901e-16 
     5485.5   1.53224e-16 
     5487.0   1.41613e-16 
     5488.5    1.2519e-16 
     5490.0   1.19305e-16 
     5491.5   1.18937e-16 
     5493.0   1.29698e-16 
     5494.5   1.03958e-16 
     5496.0   1.07439e-16 
     5497.5   1.04927e-16 
     5499.0   1.16992e-16 
     5500.5   1.09954e-16 
     5502.0   6.39154e-17 
     5503.5   7.33186e-17 
     5505.0   1.13716e-16 
     5506.5   1.34126e-16 
     5508.0   1.00756e-16 
     5509.5   9.75963e-17 
     5511.0   8.28961e-17 
     5512.5   7.46064e-17 
     5514.0   1.11665e-16 
     5515.5   8.95189e-17 
     5517.0   8.35006e-17 
     5518.5    1.0894e-16 
     5520.0   1.19406e-16 
     5521.5   1.11264e-16 
     5523.0   9.37791e-17 
     5524.5   9.28718e-17 
     5526.0   1.03305e-16 
     5527.5   1.27674e-16 
     5529.0   1.22374e-16 
     5530.5    7.3089e-17 
     5532.0   9.00319e-17 
     5533.5   1.56835e-16 
     5535.0   1.56182e-16 
     5536.5   1.19677e-16 
     5538.0   1.21507e-16 
     5539.5   1.21421e-16 
     5541.0   1.02343e-16 
     5542.5   1.07557e-16 
     5544.0   1.22115e-16 
     5545.5   1.22805e-16 
     5547.0   1.28876e-16 
     5548.5   1.21333e-16 
     5550.0   1.23162e-16 
     5551.5   1.24506e-16 
     5553.0   1.02764e-16 
     5554.5   1.04444e-16 
     5556.0    1.3057e-16 
     5557.5   1.26068e-16 
     5559.0   1.08384e-16 
     5560.5   8.85582e-17 
     5562.0   7.93912e-17 
     5563.5   1.28407e-16 
     5565.0   1.63104e-16 
     5566.5   1.42069e-16 
     5568.0   1.10233e-16 
     5569.5   1.17508e-16 
     5571.0   1.17536e-16 
     5572.5   1.17565e-16 
     5574.0   1.17594e-16 
     5575.5   1.17622e-16 
     5577.0   1.17651e-16 
     5578.5   1.17679e-16 
     5580.0   1.17708e-16 
     5583.0   9.03914e-17 
     5584.5   1.07932e-16 
     5586.0   1.34218e-16 
     5587.5   1.45391e-16 
     5589.0   1.27431e-16 
     5590.5   1.26049e-16 
     5592.0   1.40263e-16 
     5593.5   1.20655e-16 
     5595.0   1.39908e-16 
     5596.5   1.26622e-16 
     5598.0   1.21968e-16 
     5599.5   1.23872e-16 
     5601.0   1.46224e-16 
     5602.5   1.43057e-16 
     5604.0   1.20645e-16 
     5605.5   1.41549e-16 
     5607.0   1.32979e-16 
     5608.5   1.34003e-16 
     5610.0   1.27691e-16 
     5611.5   1.11551e-16 
     5613.0   1.08971e-16 
     5614.5   1.24311e-16 
     5616.0   1.32548e-16 
     5617.5   1.27718e-16 
     5619.0   1.24957e-16 
     5620.5   9.19987e-17 
     5622.0    9.3244e-17 
     5623.5   1.13534e-16 
     5625.0    1.0715e-16 
     5626.5   9.01162e-17 
     5628.0   9.06473e-17 
     5629.5   8.42293e-17 
     5631.0   8.71448e-17 
     5632.5   1.04252e-16 
     5634.0   1.31923e-16 
     5635.5   1.43494e-16 
     5637.0   1.31179e-16 
     5638.5   1.14704e-16 
     5640.0   1.08771e-16 
     5641.5    1.2669e-16 
     5643.0   1.06587e-16 
     5644.5    9.8753e-17 
     5646.0   1.14131e-16 
     5647.5   1.04348e-16 
     5649.0   9.49078e-17 
     5650.5   8.09319e-17 
     5652.0   8.85053e-17 
     5653.5   1.16691e-16 
     5655.0   1.54448e-16 
     5656.5   1.18399e-16 
     5658.0   9.83406e-17 
     5659.5   1.22308e-16 
     5661.0   7.54587e-17 
     5662.5   9.32704e-17 
     5664.0   1.12909e-16 
     5665.5   9.10697e-17 
     5667.0   7.05635e-17 
     5668.5   9.29073e-17 
     5670.0   1.35028e-16 
     5671.5   1.21311e-16 
     5673.0   1.26589e-16 
     5674.5   1.31953e-16 
     5676.0   1.37944e-16 
     5677.5   1.70483e-16 
     5679.0   7.93921e-17 
     5680.5    7.9334e-17 
     5682.0   8.77538e-17 
     5683.5   1.14858e-16 
     5685.0   1.42138e-16 
     5686.5   1.52697e-16 
     5688.0   1.12544e-16 
     5689.5    5.3374e-17 
     5691.0   9.04929e-17 
     5692.5   1.16989e-16 
     5694.0   1.16374e-16 
     5695.5   1.05874e-16 
     5697.0    9.9229e-17 
     5698.5   1.19763e-16 
     5700.0   1.04834e-16 
     5701.5   8.57973e-17 
     5703.0   8.89129e-17 
     5704.5   8.41025e-17 
     5706.0   8.95954e-17 
     5707.5    1.1117e-16 
     5709.0   1.14547e-16 
     5710.5   1.01473e-16 
     5712.0   7.52542e-17 
     5713.5   8.69414e-17 
     5715.0   8.40101e-17 
     5716.5   1.04176e-16 
     5718.0   1.32513e-16 
     5719.5   1.25995e-16 
     5721.0   1.02382e-16 
     5722.5   7.59238e-17 
     5724.0   1.08548e-16 
     5725.5   1.27425e-16 
     5727.0   1.47592e-16 
     5728.5   1.32489e-16 
     5730.0   1.47613e-16 
     5731.5   1.23476e-16 
     5733.0    6.6442e-17 
     5734.5   1.10326e-16 
     5736.0   1.11133e-16 
     5737.5   1.23118e-16 
     5739.0   1.29434e-16 
     5740.5   9.38455e-17 
     5742.0   1.03383e-16 
     5743.5   1.10207e-16 
     5745.0   1.26906e-16 
     5746.5   1.50059e-16 
     5748.0   8.98542e-17 
     5749.5   9.99159e-17 
     5751.0   1.33124e-16 
     5752.5   1.08333e-16 
     5754.0   9.84365e-17 
     5755.5   1.37903e-16 
     5757.0   1.65187e-16 
     5758.5   1.27398e-16 
     5760.0   8.29567e-17 
     5761.5   8.25026e-17 
     5763.0     8.956e-17 
     5764.5   7.91818e-17 
     5766.0   8.50991e-17 
     5767.5   8.40663e-17 
     5769.0   1.06898e-16 
     5770.5   1.08648e-16 
     5772.0   9.03083e-17 
     5773.5    1.1483e-16 
     5775.0   1.25636e-16 
     5776.5   1.26129e-16 
     5778.0   1.11009e-16 
     5779.5   9.68882e-17 
     5781.0   1.07372e-16 
     5782.5   1.01356e-16 
     5784.0   1.23636e-16 
     5785.5   1.56395e-16 
     5787.0   1.36382e-16 
     5788.5   1.17679e-16 
     5790.0   1.22953e-16 
     5791.5   1.14802e-16 
     5793.0    9.0366e-17 
     5794.5   1.13517e-16 
     5796.0   1.21044e-16 
     5797.5   1.08785e-16 
     5799.0    9.7888e-17 
     5800.5    1.0762e-16 
     5802.0   1.25248e-16 
     5803.5   9.97917e-17 
     5805.0   6.42238e-17 
     5806.5    1.0295e-16 
     5808.0   1.28688e-16 
     5809.5   1.14092e-16 
     5811.0   1.28984e-16 
     5812.5   1.28978e-16 
     5814.0    1.0623e-16 
     5815.5   1.18647e-16 
     5817.0   1.70165e-16 
     5818.5   1.18419e-16 
     5820.0   6.00211e-17 
     5821.5   8.53864e-17 
     5823.0    1.1528e-16 
     5824.5   1.45827e-16 
     5826.0   1.28281e-16 
     5827.5   1.11606e-16 
     5829.0   1.37029e-16 
     5830.5   1.44441e-16 
     5832.0   1.22282e-16 
     5833.5    1.0692e-16 
     5835.0   9.96591e-17 
     5836.5   8.05792e-17 
     5838.0   6.23967e-17 
     5839.5   7.74012e-17 
     5841.0   1.02171e-16 
     5842.5   9.82847e-17 
     5844.0   9.77625e-17 
     5845.5   1.14992e-16 
     5847.0   1.12459e-16 
     5848.5   1.03619e-16 
     5850.0   1.23349e-16 
     5851.5    1.0782e-16 
     5853.0   7.24572e-17 
     5854.5   9.53765e-17 
     5856.0   9.66244e-17 
     5857.5   7.52406e-17 
     5859.0   8.51576e-17 
     5860.5   1.01059e-16 
     5862.0   9.76989e-17 
     5863.5   8.43416e-17 
     5865.0   1.01375e-16 
     5866.5   9.64513e-17 
     5868.0   8.25553e-17 
     5869.5   7.03941e-17 
     5871.0   5.93684e-17 
     5872.5   1.18357e-16 
     5874.0   8.71133e-17 
     5875.5   8.07494e-17 
     5877.0   8.69797e-17 
     5878.5   6.70046e-17 
     5880.0   5.99734e-17 
     5881.5   1.02149e-16 
     5883.0   1.05412e-16 
     5884.5   1.07638e-16 
     5886.0   1.00339e-16 
     5887.5   6.86823e-17 
     5889.0    9.8751e-17 
     5890.5   1.40384e-16 
     5892.0    1.1141e-16 
     5893.5   9.55028e-17 
     5895.0   9.86273e-17 
     5896.5    7.3718e-17 
     5898.0   9.05298e-17 
     5899.5   9.73842e-17 
     5901.0   6.03573e-17 
     5902.5   7.18687e-17 
     5904.0   1.27717e-16 
     5905.5   1.36238e-16 
     5907.0   1.05227e-16 
     5908.5   1.28717e-16 
     5910.0   1.07551e-16 
     5911.5   1.01462e-16 
     5913.0   1.27272e-16 
     5914.5   9.96196e-17 
     5916.0   9.93216e-17 
     5917.5   1.28987e-16 
     5919.0   1.25611e-16 
     5920.5   1.15476e-16 
     5922.0   1.18097e-16 
     5923.5   1.15988e-16 
     5925.0   1.12073e-16 
     5926.5   1.08983e-16 
     5928.0   8.55968e-17 
     5929.5   1.04627e-16 
     5931.0   1.27621e-16 
     5932.5   1.17307e-16 
     5934.0    1.0836e-16 
     5935.5   9.54701e-17 
     5937.0    8.1011e-17 
     5938.5   7.62054e-17 
     5940.0    9.7979e-17 
     5941.5   1.36088e-16 
     5943.0   1.34512e-16 
     5944.5   1.03275e-16 
     5946.0   5.94265e-17 
     5947.5   8.34395e-17 
     5949.0   1.19534e-16 
     5950.5    6.0345e-17 
     5952.0   6.81264e-17 
     5953.5   1.09035e-16 
     5955.0   5.46452e-17 
     5956.5   5.32312e-17 
     5958.0   3.47928e-17 
     5959.5   5.40712e-17 
     5961.0   6.76779e-17 
     5962.5   7.33844e-17 
     5964.0    4.4878e-17 
     5965.5   7.40945e-17 
     5967.0   9.56875e-17 
     5968.5   1.05674e-16 
     5970.0   9.30925e-17 
     5971.5   6.28974e-17 
     5973.0   1.00867e-16 
     5974.5   5.65856e-17 
     5976.0    8.1628e-17 
     5977.5   5.70038e-17 
     5979.0   4.12411e-17 
     5980.5   5.77908e-17 
     5982.0   4.22764e-17 
     5983.5   5.82478e-17 
     5985.0   7.59367e-17 
     5986.5   8.80228e-17 
     5988.0   1.07942e-16 
     5989.5   1.09686e-16 
     5991.0   7.92242e-17 
     5992.5   7.19894e-17 
     5994.0   7.97271e-17 
     5995.5   3.87769e-17 
     5997.0   1.66728e-17 
     5998.5   5.69298e-17 
     6000.0   8.46806e-17 
     6001.5     6.002e-17 
     6003.0   5.00234e-17 
     6004.5   4.71695e-17 
     6006.0   5.48267e-17 
     6007.5   7.03053e-17 
     6009.0   7.23866e-17 
     6010.5   6.52442e-17 
     6012.0   3.32929e-17 
     6013.5   2.35935e-17 
     6015.0   6.57257e-17 
     6016.5    6.6328e-17 
     6018.0   5.30089e-17 
     6019.5   5.19175e-17 
     6021.0   5.40981e-17 
     6022.5   9.57599e-17 
     6024.0   1.11525e-16 
     6025.5   1.06122e-16 
     6027.0   8.62193e-17 
     6028.5   4.98354e-17 
     6030.0   4.75701e-17 
     6031.5   7.66316e-17 
     6033.0   1.04292e-16 
     6034.5   9.82307e-17 
     6036.0   7.33957e-17 
     6037.5   1.13867e-16 
     6039.0   1.36459e-16 
     6040.5   8.26422e-17 
     6042.0   5.97821e-17 
     6043.5   8.70633e-17 
     6045.0   8.44901e-17 
     6046.5   9.16666e-17 
     6048.0   1.05614e-16 
     6049.5   8.60636e-17 
     6051.0   7.56981e-17 
     6052.5   6.22626e-17 
     6054.0   7.42792e-17 
     6055.5   8.71135e-17 
     6057.0   1.04463e-16 
     6058.5   1.01236e-16 
     6060.0   7.89209e-17 
     6061.5   1.03805e-16 
     6063.0   8.13421e-17 
     6064.5   6.02927e-17 
     6066.0   7.06418e-17 
     6067.5   6.29563e-17 
     6069.0    7.2086e-17 
     6070.5   8.98877e-17 
     6072.0   1.14402e-16 
     6073.5   1.07266e-16 
     6075.0   7.88377e-17 
     6076.5   7.32283e-17 
     6078.0   8.04653e-17 
     6079.5   6.69018e-17 
     6081.0   9.02666e-17 
     6082.5   1.17329e-16 
     6084.0   1.01574e-16 
     6085.5   9.94977e-17 
     6087.0   1.11414e-16 
     6088.5   1.15479e-16 
     6090.0   1.03151e-16 
     6091.5   9.86082e-17 
     6093.0   8.85673e-17 
     6094.5   8.67534e-17 
     6096.0   1.05878e-16 
     6097.5   1.17907e-16 
     6099.0   1.24923e-16 
     6100.5    1.1318e-16 
     6102.0   8.92792e-17 
     6103.5   7.38667e-17 
     6105.0   6.79785e-17 
     6106.5   8.93209e-17 
     6108.0   1.22434e-16 
     6109.5   9.19038e-17 
     6111.0    6.2927e-17 
     6112.5   9.29407e-17 
     6114.0   8.48799e-17 
     6115.5   1.28752e-16 
     6117.0    1.1214e-16 
     6118.5   1.02357e-16 
     6120.0   8.65514e-17 
     6121.5   8.05511e-17 
     6123.0    1.0677e-16 
     6124.5   1.17064e-16 
     6126.0   9.51687e-17 
     6127.5   6.00572e-17 
     6129.0    8.8189e-17 
     6130.5   6.67898e-17 
     6132.0   8.46912e-17 
     6133.5   1.17354e-16 
     6135.0   9.47222e-17 
     6136.5   6.91215e-17 
     6138.0   6.02001e-17 
     6139.5   9.83244e-17 
     6141.0   1.25477e-16 
     6142.5    1.1197e-16 
     6144.0   1.43837e-16 
     6145.5   1.22921e-16 
     6147.0   1.05566e-16 
     6148.5   1.01082e-16 
     6150.0   1.01671e-16 
     6151.5   1.24076e-16 
     6153.0   1.10362e-16 
     6154.5    7.8524e-17 
     6156.0   7.81657e-17 
     6157.5   8.93017e-17 
     6159.0   9.13126e-17 
     6160.5   9.82289e-17 
     6162.0   1.00467e-16 
     6163.5   1.04478e-16 
     6165.0   9.24537e-17 
     6166.5   9.28003e-17 
     6168.0    8.6588e-17 
     6169.5   8.34826e-17 
     6171.0   1.13764e-16 
     6172.5   1.04664e-16 
     6174.0   1.10741e-16 
     6175.5   1.31979e-16 
     6177.0   7.60493e-17 
     6178.5   4.88269e-17 
     6180.0   1.06855e-16 
     6181.5   1.05592e-16 
     6183.0    6.1677e-17 
     6184.5   5.44436e-17 
     6186.0   8.71844e-17 
     6187.5   8.05143e-17 
     6189.0   7.68146e-17 
     6190.5   1.13768e-16 
     6192.0   9.74457e-17 
     6193.5   9.49418e-17 
     6195.0   7.37279e-17 
     6196.5   6.60541e-17 
     6198.0   1.07499e-16 
     6199.5   7.96652e-17 
     6201.0    8.8424e-17 
     6202.5   1.23581e-16 
     6204.0   1.33527e-16 
     6205.5   1.21495e-16 
     6207.0   1.01242e-16 
     6208.5   8.01853e-17 
     6210.0   9.18891e-17 
     6211.5   1.06418e-16 
     6213.0   8.63776e-17 
     6214.5   1.04316e-16 
     6216.0   1.15746e-16 
     6217.5   1.14198e-16 
     6219.0   1.14349e-16 
     6220.5   1.05918e-16 
     6222.0   1.04013e-16 
     6223.5   1.02898e-16 
     6225.0   1.13983e-16 
     6226.5   9.70575e-17 
     6228.0    7.7765e-17 
     6229.5   8.77938e-17 
     6231.0   7.91751e-17 
     6232.5   7.84364e-17 
     6234.0   9.54663e-17 
     6235.5   8.40886e-17 
     6237.0   7.69775e-17 
     6238.5    6.2903e-17 
     6240.0   7.00078e-17 
     6241.5   8.37616e-17 
     6243.0   8.01053e-17 
     6244.5   1.03487e-16 
     6246.0    9.1178e-17 
     6247.5   7.10512e-17 
     6249.0    5.9162e-17 
     6250.5   4.30901e-17 
     6252.0    8.4844e-17 
     6253.5   1.11849e-16 
     6255.0     8.305e-17 
     6256.5   7.71425e-17 
     6258.0   7.10267e-17 
     6259.5   7.47587e-17 
     6261.0   1.08925e-16 
     6262.5   7.59159e-17 
     6264.0   6.08792e-17 
     6265.5   1.02478e-16 
     6267.0   9.69106e-17 
     6268.5   9.87689e-17 
     6270.0   8.66008e-17 
     6271.5   8.63064e-17 
     6273.0   1.06799e-16 
     6274.5   8.94051e-17 
     6276.0   1.00695e-16 
     6277.5   8.32437e-17 
     6279.0   7.94667e-17 
     6280.5   1.09017e-16 
     6282.0   9.73719e-17 
     6283.5   9.64002e-17 
     6285.0   1.09648e-16 
     6286.5   1.01556e-16 
     6288.0   1.18649e-16 
     6289.5   1.18522e-16 
     6291.0   1.18394e-16 
     6292.5   1.18266e-16 
     6294.0   1.18139e-16 
     6295.5   1.18011e-16 
     6298.5   1.26122e-16 
     6300.0   1.19088e-16 
     6301.5   6.42198e-17 
     6303.0   8.66116e-17 
     6304.5   1.10627e-16 
     6306.0   7.67279e-17 
     6307.5   5.59959e-17 
     6309.0   5.77548e-17 
     6310.5   5.35865e-17 
     6312.0   5.05426e-17 
     6313.5   7.79771e-17 
     6315.0   9.16706e-17 
     6316.5   6.57648e-17 
     6318.0   7.20043e-17 
     6319.5   8.87479e-17 
     6321.0   7.33649e-17 
     6322.5   6.73035e-17 
     6324.0   7.64944e-17 
     6325.5   4.46657e-17 
     6327.0   5.56099e-17 
     6328.5   4.33618e-17 
     6330.0   6.79281e-17 
     6331.5    7.2354e-17 
     6333.0   3.72486e-17 
     6334.5   4.68409e-17 
     6336.0   3.52343e-17 
     6337.5   6.07848e-17 
     6339.0   5.45336e-17 
     6340.5   5.94597e-17 
     6342.0   5.68944e-17 
     6343.5   4.05193e-17 
     6345.0   2.90652e-17 
     6346.5   4.76353e-17 
     6348.0   5.28514e-17 
     6349.5   5.65512e-17 
     6351.0   4.11025e-17 
     6352.5   3.68379e-17 
     6354.0   6.62354e-17 
     6355.5   6.29596e-17 
     6357.0   2.04904e-17 
     6358.5   4.32117e-17 
     6360.0   7.27748e-17 
     6361.5   7.85821e-17 
     6363.0   4.08648e-17 
     6364.5   6.68382e-17 
     6366.0   5.49493e-17 
     6367.5    6.8732e-17 
     6369.0   8.90249e-17 
     6370.5   7.24895e-17 
     6372.0   4.96423e-17 
     6373.5   6.69726e-17 
     6375.0   7.30747e-17 
     6376.5   6.41059e-17 
     6378.0   5.60837e-17 
     6379.5   5.93116e-17 
     6381.0   4.85325e-17 
     6382.5   2.87919e-17 
     6384.0   2.65162e-17 
     6385.5   3.84978e-17 
     6387.0   4.93355e-17 
     6388.5   6.13063e-17 
     6390.0   4.84615e-17 
     6391.5   4.43965e-17 
     6393.0   6.15391e-17 
     6394.5   7.43846e-17 
     6396.0   7.96657e-17 
     6397.5   8.39158e-17 
     6399.0   5.69818e-17 
     6400.5   4.28895e-17 
     6402.0   5.96751e-17 
     6403.5   4.03121e-17 
     6405.0    5.9296e-17 
     6406.5   6.87497e-17 
     6408.0   8.53283e-17 
     6409.5    7.2827e-17 
     6411.0   3.69517e-17 
     6412.5   3.56977e-17 
     6414.0   5.00282e-17 
     6415.5   4.19201e-17 
     6417.0   8.25788e-18 
     6418.5   4.28797e-17 
     6420.0   3.65048e-17 
     6421.5   6.31436e-17 
     6423.0    6.2472e-17 
     6424.5   2.67789e-17 
     6426.0   2.86104e-17 
     6427.5   3.18423e-17 
     6429.0   6.25249e-17 
     6430.5   6.02375e-17 
     6432.0   4.26158e-17 
     6433.5   5.25725e-17 
     6435.0   6.38284e-17 
     6436.5   6.65373e-17 
     6438.0   7.47955e-17 
     6439.5   5.76104e-17 
     6441.0   4.05023e-17 
     6442.5   3.96484e-17 
     6444.0   4.74786e-17 
     6445.5    5.5176e-17 
     6447.0   5.27745e-17 
     6448.5   4.37647e-17 
     6450.0   4.32635e-17 
     6451.5   4.79896e-17 
     6453.0   5.51288e-17 
     6454.5    7.5054e-17 
     6456.0   6.26811e-17 
     6457.5    3.6919e-17 
     6459.0   4.05119e-17 
     6460.5   5.58062e-17 
     6462.0    8.1732e-17 
     6463.5   9.71546e-17 
     6465.0   9.74421e-17 
     6466.5   9.09241e-17 
     6468.0   8.91122e-17 
     6469.5    8.2665e-17 
     6471.0   5.63276e-17 
     6472.5   5.00096e-17 
     6474.0   6.15801e-17 
     6475.5   5.15668e-17 
     6477.0   4.85019e-17 
     6478.5   4.13178e-17 
     6480.0   5.19635e-17 
     6481.5   8.46861e-17 
     6483.0   6.95952e-17 
     6484.5    7.3846e-17 
     6486.0   6.05438e-17 
     6487.5   5.87805e-17 
     6489.0   7.70611e-17 
     6490.5   5.43303e-17 
     6492.0    5.5117e-17 
     6493.5   5.61665e-17 
     6495.0    5.0527e-17 
     6496.5   7.51773e-17 
     6498.0   7.98068e-17 
     6499.5   6.58211e-17 
     6501.0   6.72683e-17 
     6502.5   7.43162e-17 
     6504.0   5.89559e-17 
     6505.5   7.35388e-17 
     6507.0   9.33124e-17 
     6508.5   1.00154e-16 
     6510.0   7.82119e-17 
     6511.5   6.76505e-17 
     6513.0   3.47637e-17 
     6514.5   3.12678e-17 
     6516.0   7.65951e-17 
     6517.5   7.49753e-17 
     6519.0    1.8781e-17 
     6520.5   7.44856e-18 
     6522.0    5.3155e-17 
     6523.5    7.3673e-17 
     6525.0   9.49218e-17 
     6526.5   8.94295e-17 
     6528.0   7.85682e-17 
     6529.5   6.57836e-17 
     6531.0   5.61794e-17 
     6532.5   7.80364e-17 
     6534.0   7.83224e-17 
     6535.5   7.07091e-17 
     6537.0   8.70885e-17 
     6538.5   9.79402e-17 
     6540.0   8.86822e-17 
     6541.5   8.70175e-17 
     6543.0   8.38062e-17 
     6544.5   7.68353e-17 
     6546.0   6.23531e-17 
     6547.5    7.6991e-17 
     6549.0   9.98589e-17 
     6550.5   8.68604e-17 
     6552.0   1.00646e-16 
     6553.5   9.30342e-17 
     6555.0   1.31027e-16 
     6556.5   1.36099e-16 
     6558.0    8.5686e-17 
     6559.5    7.0352e-17 
     6561.0   7.32617e-17 
     6562.5   7.33994e-17 
     6564.0    8.8713e-17 
     6565.5   6.68349e-17 
     6567.0   7.08584e-17 
     6568.5   8.77924e-17 
     6570.0   9.62591e-17 
     6571.5   9.27954e-17 
     6573.0   7.26918e-17 
     6574.5   7.24253e-17 
     6576.0   9.01454e-17 
     6577.5   1.04285e-16 
     6579.0   1.07882e-16 
     6580.5   1.06343e-16 
     6582.0   8.93213e-17 
     6583.5   9.12734e-17 
     6585.0   9.21547e-17 
     6586.5   9.97642e-17 
     6588.0   9.43111e-17 
     6589.5    7.9877e-17 
     6591.0   7.26601e-17 
     6592.5    1.0847e-16 
     6594.0   1.27667e-16 
     6595.5   1.46935e-16 
     6597.0   9.48543e-17 
     6598.5   6.01622e-17 
     6600.0    9.6687e-17 
     6601.5   9.47353e-17 
     6603.0   9.14997e-17 
     6604.5   9.96022e-17 
     6606.0   8.49662e-17 
     6607.5   5.29993e-17 
     6609.0    4.2881e-17 
     6610.5    6.5898e-17 
     6612.0    8.6575e-17 
     6613.5    9.2148e-17 
     6615.0   9.11307e-17 
     6616.5   7.39431e-17 
     6618.0   8.56326e-17 
     6619.5   1.09994e-16 
     6621.0   1.23747e-16 
     6622.5   8.24968e-17 
     6624.0   6.92346e-17 
     6625.5   8.68817e-17 
     6627.0   1.26219e-16 
     6628.5   1.02118e-16 
     6630.0   1.09744e-16 
     6631.5   9.19133e-17 
     6633.0   8.10164e-17 
     6634.5   1.08403e-16 
     6636.0   1.08208e-16 
     6637.5   1.20534e-16 
     6639.0   1.13807e-16 
     6640.5   9.68709e-17 
     6642.0   1.02143e-16 
     6643.5   1.16598e-16 
     6645.0   1.21462e-16 
     6646.5   9.98271e-17 
     6648.0   9.15596e-17 
     6649.5   9.32018e-17 
     6651.0   9.79869e-17 
     6652.5   1.16529e-16 
     6654.0   1.16206e-16 
     6655.5   7.29623e-17 
     6657.0   7.70256e-17 
     6658.5   7.77718e-17 
     6660.0   1.05624e-16 
     6661.5   1.15045e-16 
     6663.0   1.01406e-16 
     6664.5   1.07238e-16 
     6666.0   1.04845e-16 
     6667.5   1.16996e-16 
     6669.0   7.54574e-17 
     6670.5   7.00035e-17 
     6672.0   9.86913e-17 
     6673.5   9.11974e-17 
     6675.0   7.32813e-17 
     6676.5   6.92182e-17 
     6678.0   7.83595e-17 
     6679.5   7.17581e-17 
     6681.0    5.3216e-17 
     6682.5   5.65771e-17 
     6684.0   8.12926e-17 
     6685.5   7.74446e-17 
     6687.0   7.93722e-17 
     6688.5     9.671e-17 
     6690.0   8.11915e-17 
     6691.5   5.09736e-17 
     6693.0    4.5652e-17 
     6694.5   5.35802e-17 
     6696.0   6.23908e-17 
     6697.5   5.94859e-17 
     6699.0   6.53843e-17 
     6700.5   4.98976e-17 
     6702.0   3.29067e-17 
     6703.5   7.82821e-17 
     6705.0   9.28451e-17 
     6706.5   7.56677e-17 
     6708.0   7.20791e-17 
     6709.5   8.67205e-17 
     6711.0      4.97e-17 
     6712.5   4.61242e-17 
     6714.0    4.3543e-17 
     6715.5   3.38803e-17 
     6717.0   5.64855e-17 
     6718.5   8.66918e-17 
     6720.0   7.37061e-17 
     6721.5   1.21542e-17 
     6723.0   3.93652e-17 
     6724.5    7.6089e-17 
     6726.0   7.32655e-17 
     6727.5   4.16921e-17 
     6729.0   1.55942e-17 
     6730.5   2.01738e-17 
     6732.0   4.13622e-17 
     6733.5   2.99026e-17 
     6735.0   8.79381e-17 
     6736.5   1.11437e-16 
     6738.0   9.12037e-17 
     6739.5   1.11306e-16 
     6741.0   1.03802e-16 
     6742.5   9.84487e-17 
     6744.0   8.16793e-17 
     6745.5   1.11029e-16 
     6747.0   9.67785e-17 
     6748.5    8.0377e-17 
     6750.0   6.67766e-17 
     6751.5   5.55909e-17 
     6753.0   3.68285e-17 
     6754.5   1.73435e-17 
     6756.0   8.69497e-18 
     6757.5   2.59336e-17 
     6759.0   6.34685e-17 
     6760.5   8.12964e-17 
     6762.0    7.5155e-17 
     6763.5   3.54571e-17 
     6765.0  -6.15282e-18 
     6766.5   1.29342e-17 
     6768.0   6.19415e-18 
     6769.5   1.03981e-17 
     6771.0   5.49947e-17 
     6772.5   1.02096e-16 
     6774.0   9.83929e-17 
     6775.5   7.28472e-17 
     6777.0   1.04688e-16 
     6778.5   9.05907e-17 
     6780.0   9.99073e-17 
     6781.5   9.53139e-17 
     6783.0   6.36628e-17 
     6784.5   6.39402e-17 
     6786.0   5.63152e-17 
     6787.5  -3.72877e-17 
     6789.0  -6.43463e-18 
     6790.5   2.47202e-17 
     6792.0   3.53939e-17 
     6793.5    5.9547e-17 
     6795.0  -7.57079e-19 
     6796.5   4.17583e-17 
     6798.0   3.72009e-17 
     6799.5  -1.13291e-17 
     6801.0   4.59889e-18 
     6802.5   6.52832e-17 
     6804.0   7.44236e-17 
