# STATUS =
# OBJECT = 2022abdu
# TELESCOPE = ESO-NTT
# INSTRUMENT = EFOSC2-NTT
# DATE-OBS = 2023-01-29 01:11:20.00
# MJD = 59973.04953699978
# EXPTIME = 2700
# AIRMASS = 1.133
# SLIT = 1.0
# DISPERSER = Free
# SOURCE = --
# FILTER =
# RESOLUTION =
# FLUX_STANDARD =
# EXTINCTION_CORRECTED = --
# PHOTOMETRY_CALIBRATED =
# TELLURIC_CORRECTED =
# FLUX_UNITS = erg cm(-2) sec(-1) Ang(-1)
# WAVE_UNITS = Angstrom
# QUALITY = Medium
# MIN_WAVE = 3672.0478515625
# MAX_WAVE = 9267.2274522781
# COMMENT = --
         Wavelength             Flux 
 3677.5657801628113     2.813129e-17 
 3683.0837087631226    2.3673593e-17 
  3688.601637363434    1.8476642e-17 
  3694.119565963745    1.9171853e-17 
 3699.6374945640564    1.8094715e-17 
 3705.1554231643677     2.228897e-17 
  3710.673351764679    2.6314615e-17 
 3716.1912803649902    1.5616727e-17 
 3721.7092089653015    1.6178685e-17 
  3727.227137565613    2.5862894e-17 
  3732.745066165924    2.3121185e-17 
 3738.2629947662354    1.7530507e-17 
 3743.7809233665466    2.3038699e-17 
  3749.298851966858    1.6973101e-17 
  3754.816780567169    2.0400929e-17 
 3760.3347091674805    1.6076899e-17 
 3765.8526377677917    1.6351973e-17 
  3771.370566368103     2.006357e-17 
 3776.8884949684143     1.921499e-17 
 3782.4064235687256    2.5946715e-17 
  3787.924352169037   1.22966015e-17 
  3793.442280769348    1.7730585e-17 
   3798.96020936966    2.3084404e-17 
  3804.478137969971    2.5765756e-17 
 3809.9960665702824    2.2029062e-17 
 3815.5139951705937    2.8039924e-17 
  3821.031923770905    1.9231228e-17 
 3826.5498523712163    2.2795334e-17 
 3832.0677809715276     1.825807e-17 
  3837.585709571839    1.7351247e-17 
   3843.10363817215    1.7494165e-17 
 3848.6215667724614    2.0923414e-17 
 3854.1394953727727    1.7417744e-17 
  3859.657423973084    2.4091192e-17 
 3865.1753525733952    2.1170512e-17 
 3870.6932811737065    1.9636851e-17 
  3876.211209774018     1.878849e-17 
  3881.729138374329    2.3209932e-17 
 3887.2470669746403    1.9796346e-17 
 3892.7649955749516    2.2636398e-17 
  3898.282924175263    2.1947984e-17 
  3903.800852775574     2.398209e-17 
 3909.3187813758855    1.4249076e-17 
 3914.8367099761967    2.4786252e-17 
  3920.354638576508    2.0943353e-17 
 3925.8725671768193    2.3968852e-17 
 3931.3904957771306    2.7546714e-17 
  3936.908424377442    2.1065134e-17 
  3942.426352977753    2.9374074e-17 
 3947.9442815780644    2.6340081e-17 
 3953.4622101783757    2.4472832e-17 
  3958.980138778687    2.7282248e-17 
 3964.4980673789983    2.3447684e-17 
 3970.0159959793095    1.9495259e-17 
  3975.533924579621     1.711339e-17 
  3981.051853179932    3.0645285e-17 
 3986.5697817802434     2.723234e-17 
 3992.0877103805547    2.4132534e-17 
  3997.605638980866    2.5498206e-17 
  4003.123567581177    2.6102293e-17 
 4008.6414961814885    1.6868201e-17 
    4014.1594247818     2.189505e-17 
 4019.6773533821115    2.3889858e-17 
  4025.195281982423    2.8274754e-17 
  4030.713210582734    1.9953871e-17 
 4036.2311391830453     2.364571e-17 
 4041.7490677833566    2.2896108e-17 
  4047.266996383668    2.1688846e-17 
  4052.784924983979    2.5864748e-17 
 4058.3028535842905     1.831471e-17 
 4063.8207821846017    2.3656783e-17 
  4069.338710784913    1.9582695e-17 
 4074.8566393852243    2.9468534e-17 
 4080.3745679855356    2.4602153e-17 
  4085.892496585847    1.8737259e-17 
  4091.410425186158  -1.02494585e-17 
  4096.928353786469    1.1441621e-17 
  4102.446282386781     9.166975e-18 
  4107.964210987092  -1.26303134e-17 
  4113.482139587403    2.1355825e-17 
 4119.0000681877145    2.1463128e-17 
  4124.517996788026    2.2065875e-17 
  4130.035925388337    2.1825442e-17 
  4135.553853988648    1.9528541e-17 
   4141.07178258896    2.2110301e-17 
  4146.589711189271    1.8323892e-17 
  4152.107639789582    2.3018847e-17 
 4157.6255683898935    2.3007405e-17 
  4163.143496990205    2.4670028e-17 
  4168.661425590516    2.7915992e-17 
  4174.179354190827    2.6202207e-17 
  4179.697282791139    2.2723866e-17 
   4185.21521139145    2.6711662e-17 
  4190.733139991761    1.9602804e-17 
  4196.251068592072    2.0396194e-17 
  4201.768997192384     2.582235e-17 
  4207.286925792695    2.4746958e-17 
  4212.804854393006    2.9688856e-17 
  4218.322782993318    3.5165807e-17 
  4223.840711593629    2.2139105e-17 
   4229.35864019394     2.834795e-17 
  4234.876568794251    2.3320541e-17 
  4240.394497394563    2.7172733e-17 
  4245.912425994874    2.3386049e-17 
  4251.430354595185    2.5308014e-17 
 4256.9482831954965    3.1450234e-17 
  4262.466211795808     2.746967e-17 
  4267.984140396119     2.941869e-17 
   4273.50206899643     3.027209e-17 
  4279.019997596742    2.3167612e-17 
  4284.537926197053     2.734286e-17 
  4290.055854797364    2.6037909e-17 
 4295.5737833976755    2.5474703e-17 
  4301.091711997987    2.7441429e-17 
  4306.609640598298    2.4318911e-17 
  4312.127569198609    1.7119254e-17 
  4317.645497798921      2.08178e-17 
  4323.163426399232    1.9939015e-17 
  4328.681354999543    1.8649222e-17 
  4334.199283599854    1.9559657e-17 
  4339.717212200166    1.7778538e-17 
  4345.235140800477    2.1031145e-17 
  4350.753069400789    1.7142177e-17 
    4356.2709980011    1.8275464e-17 
  4361.788926601412     1.815264e-17 
  4367.306855201723    1.5070271e-17 
  4372.824783802034    2.4089101e-17 
  4378.342712402346    2.0833252e-17 
  4383.860641002657    2.2016583e-17 
  4389.378569602968    1.6133223e-17 
  4394.896498203279    1.7799764e-17 
  4400.414426803591    1.8960669e-17 
  4405.932355403902    1.7859228e-17 
  4411.450284004213    1.9095847e-17 
 4416.9682126045245    2.2159434e-17 
  4422.486141204836    2.3870035e-17 
  4428.004069805147    2.5516351e-17 
  4433.521998405458    2.7794956e-17 
   4439.03992700577     2.303877e-17 
  4444.557855606081    2.2259465e-17 
  4450.075784206392    2.5985505e-17 
 4455.5937128067035    2.7149803e-17 
  4461.111641407015     2.377424e-17 
  4466.629570007326     2.524773e-17 
  4472.147498607637     2.793871e-17 
  4477.665427207949    3.1611233e-17 
   4483.18335580826    3.3225443e-17 
  4488.701284408571    3.5159815e-17 
  4494.219213008882    3.4164528e-17 
  4499.737141609194     3.101873e-17 
  4505.255070209505      3.50691e-17 
  4510.772998809816    2.9297606e-17 
  4516.290927410128     3.337909e-17 
  4521.808856010439    2.9073152e-17 
   4527.32678461075    3.1214726e-17 
  4532.844713211061    3.2679765e-17 
  4538.362641811373    3.3271514e-17 
  4543.880570411684    3.0812173e-17 
  4549.398499011995    3.1680978e-17 
 4554.9164276123065      3.16573e-17 
  4560.434356212618    2.9069264e-17 
  4565.952284812929     3.339611e-17 
   4571.47021341324    2.7251781e-17 
  4576.988142013552    3.0338513e-17 
  4582.506070613863    2.5126288e-17 
  4588.023999214174    3.0223565e-17 
 4593.5419278144855    2.5394298e-17 
  4599.059856414797    3.3382333e-17 
  4604.577785015108    2.7777767e-17 
  4610.095713615419     2.710454e-17 
  4615.613642215731    2.8169937e-17 
  4621.131570816042    2.5673004e-17 
  4626.649499416353     2.812382e-17 
  4632.167428016664    2.3145198e-17 
  4637.685356616976    2.5420375e-17 
  4643.203285217287    2.3115053e-17 
  4648.721213817598     2.979146e-17 
 4654.2391424179095     2.817748e-17 
  4659.757071018221    2.7034406e-17 
  4665.274999618532    2.9767388e-17 
  4670.792928218843    2.3573671e-17 
  4676.310856819155    2.5022553e-17 
  4681.828785419466    2.4213755e-17 
  4687.346714019777    2.9208876e-17 
 4692.8646426200885    2.9241976e-17 
    4698.3825712204    2.7991875e-17 
  4703.900499820711    2.7324138e-17 
  4709.418428421022    2.5822723e-17 
  4714.936357021334     2.281018e-17 
  4720.454285621645    2.4495248e-17 
  4725.972214221956    2.8863928e-17 
  4731.490142822267    2.4154192e-17 
  4737.008071422579    2.7584647e-17 
   4742.52600002289    2.6041894e-17 
  4748.043928623201    2.2416628e-17 
  4753.561857223513     2.561241e-17 
  4759.079785823824    2.2149842e-17 
  4764.597714424135    2.6704699e-17 
  4770.115643024446     2.557971e-17 
  4775.633571624758    2.0815952e-17 
  4781.151500225069    1.9930781e-17 
   4786.66942882538    2.2165815e-17 
 4792.1873574256915    2.3878243e-17 
  4797.705286026003    2.3473419e-17 
  4803.223214626314    2.4503715e-17 
  4808.741143226625    2.3855758e-17 
  4814.259071826937    2.4515056e-17 
  4819.777000427248    2.5718003e-17 
  4825.294929027559    2.1610089e-17 
 4830.8128576278705     1.939727e-17 
  4836.330786228182    2.6100429e-17 
  4841.848714828493    1.8314687e-17 
  4847.366643428804    2.6775588e-17 
  4852.884572029116     2.275382e-17 
  4858.402500629427     2.645994e-17 
  4863.920429229738     2.431192e-17 
  4869.438357830049     2.965568e-17 
  4874.956286430361    2.7514165e-17 
  4880.474215030672     2.636939e-17 
  4885.992143630983    1.9388252e-17 
 4891.5100722312945    2.2689703e-17 
  4897.028000831606    2.8029607e-17 
  4902.545929431917    2.2373355e-17 
  4908.063858032228    2.8963835e-17 
  4913.581786632541     2.685052e-17 
  4919.099715232852    2.6269354e-17 
  4924.617643833163    2.3848269e-17 
  4930.135572433474    2.5057862e-17 
  4935.653501033786    2.5324713e-17 
  4941.171429634097    2.5928837e-17 
  4946.689358234408    2.3341014e-17 
 4952.2072868347195      2.32143e-17 
  4957.725215435031    2.6071545e-17 
  4963.243144035342    2.0950817e-17 
  4968.761072635653    2.3007488e-17 
  4974.279001235965    2.4811496e-17 
  4979.796929836276    2.5467913e-17 
  4985.314858436587    1.8544193e-17 
 4990.8327870368985    1.8082928e-17 
   4996.35071563721    2.3794151e-17 
  5001.868644237521    1.9483948e-17 
  5007.386572837832    1.6143912e-17 
  5012.904501438144    2.1873977e-17 
  5018.422430038455    1.9702954e-17 
  5023.940358638766    2.2998342e-17 
  5029.458287239077    1.9878887e-17 
  5034.976215839389    1.9874013e-17 
    5040.4941444397    1.7073021e-17 
  5046.012073040011    1.5920433e-17 
  5051.530001640323    2.4187034e-17 
  5057.047930240634    2.1397085e-17 
  5062.565858840945    2.1996666e-17 
  5068.083787441256    2.4662584e-17 
  5073.601716041568    2.2251245e-17 
  5079.119644641879    2.0115032e-17 
   5084.63757324219    2.4492712e-17 
 5090.1555018425015    1.8920177e-17 
  5095.673430442813    2.7168772e-17 
  5101.191359043124    2.3552469e-17 
  5106.709287643435    2.6990096e-17 
  5112.227216243747     2.927775e-17 
  5117.745144844058      3.07997e-17 
  5123.263073444369     2.756425e-17 
 5128.7810020446805    2.9758044e-17 
  5134.298930644992      3.00344e-17 
  5139.816859245303    2.9896392e-17 
  5145.334787845614    3.0660783e-17 
  5150.852716445926    3.1510287e-17 
  5156.370645046237    3.2094515e-17 
  5161.888573646548    3.3408836e-17 
  5167.406502246859     3.098421e-17 
  5172.924430847171    2.8898845e-17 
  5178.442359447482    3.3848006e-17 
  5183.960288047793    3.5871647e-17 
 5189.4782166481045    3.2507057e-17 
  5194.996145248416    3.3481965e-17 
  5200.514073848727    3.3730946e-17 
  5206.032002449038    3.2803796e-17 
   5211.54993104935    3.5498664e-17 
  5217.067859649661     3.410923e-17 
  5222.585788249972    3.6880943e-17 
 5228.1037168502835    3.4261467e-17 
  5233.621645450595    2.9046517e-17 
  5239.139574050906    3.0768895e-17 
  5244.657502651217    3.6349307e-17 
  5250.175431251529    3.4372766e-17 
   5255.69335985184    3.2508473e-17 
  5261.211288452152    3.1470603e-17 
  5266.729217052463    3.1887588e-17 
  5272.247145652775     3.154096e-17 
  5277.765074253086    2.9807966e-17 
  5283.283002853397    3.0103733e-17 
 5288.8009314537085    2.7824228e-17 
   5294.31886005402    2.9583526e-17 
  5299.836788654331      2.92049e-17 
  5305.354717254642     2.923548e-17 
  5310.872645854954    2.7690132e-17 
  5316.390574455265     2.749294e-17 
  5321.908503055576    2.1252184e-17 
  5327.426431655887    2.0720173e-17 
  5332.944360256199     2.680096e-17 
   5338.46228885651     2.548578e-17 
  5343.980217456821    2.1281446e-17 
 5349.4981460571325    2.4095794e-17 
  5355.016074657444    2.3291656e-17 
  5360.534003257755    2.3712519e-17 
  5366.051931858066    2.1998921e-17 
  5371.569860458378     2.070953e-17 
  5377.087789058689    2.2025209e-17 
     5382.605717659    2.0298498e-17 
 5388.1236462593115    1.7753521e-17 
  5393.641574859623    1.9512952e-17 
  5399.159503459934    2.1018084e-17 
  5404.677432060245    2.0233945e-17 
  5410.195360660557     1.986021e-17 
  5415.713289260868    1.8485912e-17 
  5421.231217861179    1.8177706e-17 
   5426.74914646149    2.2732043e-17 
  5432.267075061802    2.2655842e-17 
  5437.785003662113     2.017834e-17 
  5443.302932262424    2.1069354e-17 
  5448.820860862736    1.7467444e-17 
  5454.338789463047    1.9263096e-17 
  5459.856718063358    2.1992438e-17 
  5465.374646663669    2.1547989e-17 
  5470.892575263981     2.363504e-17 
  5476.410503864292    2.2388775e-17 
  5481.928432464603    2.4313776e-17 
 5487.4463610649145      2.34082e-17 
  5492.964289665226     2.652904e-17 
  5498.482218265537    2.7624193e-17 
  5504.000146865848    2.7435111e-17 
   5509.51807546616    2.1804666e-17 
  5515.036004066471    2.1167846e-17 
  5520.553932666782     2.300568e-17 
 5526.0718612670935    2.0745265e-17 
  5531.589789867405     2.176541e-17 
  5537.107718467716    2.1862162e-17 
  5542.625647068027    2.4743048e-17 
  5548.143575668339     2.086629e-17 
   5553.66150426865    2.1577746e-17 
  5559.179432868961    1.7076312e-17 
  5564.697361469272    2.1931713e-17 
  5570.215290069584    2.5911737e-17 
  5575.733218669895    2.1917371e-17 
  5581.251147270206    2.1936056e-17 
  5586.769075870518    2.7473398e-17 
  5592.287004470829     2.594892e-17 
   5597.80493307114     2.276823e-17 
  5603.322861671451    2.7476458e-17 
  5608.840790271763    2.4842892e-17 
  5614.358718872074    2.7746718e-17 
  5619.876647472385    2.4396885e-17 
 5625.3945760726965    2.3483534e-17 
  5630.912504673008    2.4429992e-17 
  5636.430433273319    2.4298637e-17 
   5641.94836187363     2.611214e-17 
  5647.466290473942    2.4928022e-17 
  5652.984219074253    2.7298615e-17 
  5658.502147674564     3.432629e-17 
 5664.0200762748755    3.0023126e-17 
  5669.538004875187    2.7723703e-17 
  5675.055933475498    2.4481949e-17 
  5680.573862075809    2.5483324e-17 
  5686.091790676121    2.2829598e-17 
  5691.609719276432    2.4293891e-17 
  5697.127647876743    2.1066272e-17 
  5702.645576477054    2.2486154e-17 
  5708.163505077366     1.983247e-17 
  5713.681433677677    2.2927865e-17 
  5719.199362277988    2.1939619e-17 
 5724.7172908782995    1.9771777e-17 
  5730.235219478611    1.8548232e-17 
  5735.753148078922     1.981724e-17 
  5741.271076679233    1.8285564e-17 
  5746.789005279545    1.9434397e-17 
  5752.306933879856    2.0917882e-17 
  5757.824862480167    1.7621252e-17 
 5763.3427910804785    2.3135975e-17 
   5768.86071968079    1.9872526e-17 
  5774.378648281101     2.072256e-17 
  5779.896576881412    2.1277646e-17 
  5785.414505481724    1.9205398e-17 
  5790.932434082035     2.189792e-17 
  5796.450362682346    2.0480722e-17 
  5801.968291282657     2.075033e-17 
  5807.486219882969    2.2805838e-17 
   5813.00414848328    2.3012464e-17 
  5818.522077083591    2.2107413e-17 
  5824.040005683903    2.3687448e-17 
  5829.557934284214     2.373542e-17 
  5835.075862884525    2.1460465e-17 
  5840.593791484836    2.4254386e-17 
  5846.111720085148    2.2142849e-17 
  5851.629648685459    2.3819586e-17 
   5857.14757728577    2.5205512e-17 
 5862.6655058860815    2.2246237e-17 
  5868.183434486393    2.7311396e-17 
  5873.701363086704    2.4939851e-17 
  5879.219291687015    2.3290048e-17 
  5884.737220287327    2.2700776e-17 
  5890.255148887638    2.6185352e-17 
  5895.773077487949     2.569196e-17 
 5901.2910060882605    2.3175496e-17 
  5906.808934688572    2.5810091e-17 
  5912.326863288884    2.6690771e-17 
  5917.844791889195    2.7250966e-17 
 5923.3627204895065    2.6113122e-17 
  5928.880649089818    2.5631463e-17 
  5934.398577690129    2.6666812e-17 
   5939.91650629044    2.7773853e-17 
  5945.434434890752     2.770703e-17 
  5950.952363491063    2.9107116e-17 
  5956.470292091374     2.915688e-17 
 5961.9882206916855     2.878118e-17 
  5967.506149291997     2.720363e-17 
  5973.024077892308    2.6363758e-17 
  5978.542006492619     3.103764e-17 
  5984.059935092931    2.9393853e-17 
  5989.577863693242    2.3956142e-17 
  5995.095792293553     2.703556e-17 
  6000.613720893864     2.887915e-17 
  6006.131649494176     3.149591e-17 
  6011.649578094487    2.9955744e-17 
  6017.167506694798     2.924648e-17 
 6022.6854352951095     3.108975e-17 
  6028.203363895421    3.1013152e-17 
  6033.721292495732    2.8995857e-17 
  6039.239221096043     2.827213e-17 
  6044.757149696355    2.9628607e-17 
  6050.275078296666     3.260983e-17 
  6055.793006896977     2.955775e-17 
 6061.3109354972885    2.9696555e-17 
    6066.8288640976    2.9458224e-17 
  6072.346792697911    3.0246627e-17 
  6077.864721298222    2.7778962e-17 
  6083.382649898534    2.7581246e-17 
  6088.900578498845    2.9315734e-17 
  6094.418507099156    2.9159748e-17 
  6099.936435699467    2.6396577e-17 
  6105.454364299779     2.854585e-17 
   6110.97229290009     2.946983e-17 
  6116.490221500401    2.7350616e-17 
  6122.008150100713    2.4979895e-17 
  6127.526078701024    2.8066543e-17 
  6133.044007301335    2.5562409e-17 
  6138.561935901646    2.4760801e-17 
  6144.079864501958    2.9942095e-17 
   6149.59779310227    2.6502107e-17 
  6155.115721702581     2.760228e-17 
  6160.633650302892    2.5599976e-17 
  6166.151578903204    2.4326331e-17 
  6171.669507503515      2.84231e-17 
  6177.187436103826     2.692828e-17 
 6182.7053647041375    2.5060299e-17 
  6188.223293304449    2.4117242e-17 
   6193.74122190476    2.4156084e-17 
  6199.259150505071    2.9281697e-17 
  6204.777079105383     2.482595e-17 
  6210.295007705694     2.350149e-17 
  6215.812936306005    2.6136841e-17 
 6221.3308649063165    2.9302893e-17 
  6226.848793506628    2.4339095e-17 
  6232.366722106939    2.4439374e-17 
   6237.88465070725    2.4765116e-17 
  6243.402579307562    2.3940404e-17 
  6248.920507907873     2.415451e-17 
  6254.438436508184    2.4474382e-17 
  6259.956365108495    2.5272955e-17 
  6265.474293708807    2.3483084e-17 
  6270.992222309118    2.2591434e-17 
  6276.510150909429    2.3818605e-17 
  6282.028079509741    2.1359216e-17 
  6287.546008110052    2.2395705e-17 
  6293.063936710363    2.4636928e-17 
  6298.581865310674    2.2580325e-17 
  6304.099793910986    2.0523041e-17 
  6309.617722511297    2.0022603e-17 
  6315.135651111608    2.2248455e-17 
 6320.6535797119195    2.0946483e-17 
  6326.171508312231     2.118979e-17 
  6331.689436912542    1.9407505e-17 
  6337.207365512853    2.0393546e-17 
  6342.725294113165    2.0202537e-17 
  6348.243222713476    1.9201832e-17 
  6353.761151313787    1.9984828e-17 
 6359.2790799140985    1.7875333e-17 
   6364.79700851441     1.758965e-17 
  6370.314937114721     1.874786e-17 
  6375.832865715032    1.6870885e-17 
  6381.350794315344    1.5697334e-17 
  6386.868722915655     1.984551e-17 
  6392.386651515966     1.851425e-17 
  6397.904580116277    1.7790817e-17 
  6403.422508716589    1.7790271e-17 
    6408.9404373169     1.735391e-17 
  6414.458365917211    1.8291238e-17 
  6419.976294517523    1.2456699e-17 
  6425.494223117834    1.4846663e-17 
  6431.012151718145    1.2454907e-17 
  6436.530080318456   1.23554785e-17 
  6442.048008918768    1.6795964e-17 
  6447.565937519079      1.69325e-17 
   6453.08386611939    1.5293774e-17 
 6458.6017947197015    1.8172895e-17 
  6464.119723320013    1.4714665e-17 
  6469.637651920324   1.01240554e-17 
  6475.155580520635    1.2830778e-17 
  6480.673509120947    1.4181032e-17 
  6486.191437721258   1.29870135e-17 
  6491.709366321569    1.2353821e-17 
 6497.2272949218805    1.3982539e-17 
  6502.745223522192    1.1278488e-17 
  6508.263152122503    1.2566712e-17 
  6513.781080722814    1.3955803e-17 
  6519.299009323126    1.1123293e-17 
  6524.816937923437     9.850981e-18 
  6530.334866523748    1.3389543e-17 
  6535.852795124059    1.3415671e-17 
  6541.370723724371     9.955769e-18 
  6546.888652324682    1.0080654e-17 
  6552.406580924993    1.1150326e-17 
 6557.9245095253045    1.2877887e-17 
  6563.442438125616   1.12248856e-17 
  6568.960366725927    1.3039404e-17 
  6574.478295326238    1.2395141e-17 
   6579.99622392655     1.125106e-17 
  6585.514152526861    1.2423074e-17 
  6591.032081127172    1.4415182e-17 
 6596.5500097274835    1.4906215e-17 
  6602.067938327795    1.4261194e-17 
  6607.585866928106     1.473335e-17 
  6613.103795528417   1.30793195e-17 
  6618.621724128729    1.1963358e-17 
   6624.13965272904    1.3967866e-17 
  6629.657581329351    1.6693454e-17 
  6635.175509929662    1.2498218e-17 
  6640.693438529974    1.4796943e-17 
  6646.211367130285    1.4370256e-17 
  6651.729295730596    1.5154763e-17 
  6657.247224330908    1.5586644e-17 
  6662.765152931219    1.6753662e-17 
   6668.28308153153    1.5821222e-17 
  6673.801010131841     1.737433e-17 
  6679.318938732153    1.6562732e-17 
  6684.836867332464    1.4416377e-17 
  6690.354795932775      1.50493e-17 
 6695.8727245330865     1.858543e-17 
  6701.390653133398    1.7756555e-17 
  6706.908581733709    1.3784208e-17 
   6712.42651033402    1.4563444e-17 
  6717.944438934332    1.5717141e-17 
  6723.462367534643    1.5338352e-17 
  6728.980296134954    1.3720451e-17 
 6734.4982247352655    1.3814211e-17 
  6740.016153335577   1.34501156e-17 
  6745.534081935888    1.4387812e-17 
  6751.052010536199     1.692502e-17 
  6756.569939136511    1.4150025e-17 
  6762.087867736822    1.3623716e-17 
  6767.605796337133     1.557884e-17 
  6773.123724937444    1.5850802e-17 
  6778.641653537756    1.2506323e-17 
  6784.159582138067    1.4256878e-17 
  6789.677510738378   1.06885615e-17 
 6795.1954393386895     1.419489e-17 
  6800.713367939001   -3.6757593e-19 
  6806.231296539312    1.2161351e-17 
  6811.749225139623    1.5711677e-17 
  6817.267153739935     1.330943e-17 
  6822.785082340246    1.4652965e-17 
  6828.303010940557     1.348982e-17 
 6833.8209395408685    1.2884633e-17 
   6839.33886814118    1.1056102e-17 
  6844.856796741491    1.4221973e-17 
  6850.374725341803    1.6260812e-17 
 6855.8926539421145     1.331064e-17 
  6861.410582542426    1.2604371e-17 
  6866.928511142737    1.1871995e-17 
  6872.446439743048   1.21807135e-17 
   6877.96436834336    1.3473759e-17 
  6883.482296943671    1.2002149e-17 
  6889.000225543982     1.292662e-17 
 6894.5181541442935     1.287526e-17 
  6900.036082744605    1.4115981e-17 
  6905.554011344916    1.3665535e-17 
  6911.071939945227    1.0948208e-17 
  6916.589868545539    1.4519091e-17 
   6922.10779714585    1.2984944e-17 
  6927.625725746161   1.32507915e-17 
  6933.143654346472     1.542089e-17 
  6938.661582946784    1.1681639e-17 
  6944.179511547095    1.2962624e-17 
  6949.697440147406     1.210041e-17 
  6955.215368747718     1.192739e-17 
  6960.733297348029    1.5646108e-17 
   6966.25122594834    1.5730117e-17 
  6971.769154548651     1.661457e-17 
  6977.287083148963    1.6912161e-17 
  6982.805011749274    1.5751562e-17 
  6988.322940349585    1.5919053e-17 
 6993.8408689498965     1.534944e-17 
  6999.358797550208    1.8666101e-17 
  7004.876726150519    1.5087864e-17 
   7010.39465475083    1.5684592e-17 
  7015.912583351142     1.410468e-17 
  7021.430511951453    1.7842617e-17 
  7026.948440551764      1.94092e-17 
 7032.4663691520755    1.3787785e-17 
  7037.984297752387     1.347566e-17 
  7043.502226352698     1.433536e-17 
  7049.020154953009    1.4344781e-17 
  7054.538083553321    1.5382118e-17 
  7060.056012153632   1.34483355e-17 
  7065.573940753943    1.6028411e-17 
  7071.091869354254     1.751874e-17 
  7076.609797954566    1.5817649e-17 
  7082.127726554877    1.8477696e-17 
  7087.645655155189    1.8323096e-17 
    7093.1635837555    1.6598181e-17 
  7098.681512355812    1.7002808e-17 
  7104.199440956123    1.5788769e-17 
  7109.717369556434    1.7172774e-17 
  7115.235298156746    1.4212712e-17 
  7120.753226757057    1.9599525e-17 
  7126.271155357368     1.487734e-17 
  7131.789083957679    1.6137298e-17 
  7137.307012557991    1.6117163e-17 
  7142.824941158302    1.8744962e-17 
  7148.342869758613    1.3283027e-17 
 7153.8607983589245    1.6236386e-17 
  7159.378726959236    1.6221583e-17 
  7164.896655559547    1.6976353e-17 
  7170.414584159858    1.5503772e-17 
   7175.93251276017    1.4010956e-17 
  7181.450441360481    1.4526532e-17 
  7186.968369960792    1.4388972e-17 
 7192.4862985611035    1.4528367e-17 
  7198.004227161415    1.5715323e-17 
  7203.522155761726    1.5515528e-17 
  7209.040084362037     1.476054e-17 
  7214.558012962349     1.604431e-17 
   7220.07594156266    1.8176665e-17 
  7225.593870162971    1.6456537e-17 
  7231.111798763282    1.5469508e-17 
  7236.629727363594    1.2974704e-17 
  7242.147655963905     9.206968e-18 
  7247.665584564216    1.7748844e-17 
 7253.1835131645275    2.1697968e-17 
  7258.701441764839    1.8661367e-17 
   7264.21937036515      1.81191e-17 
  7269.737298965461     1.759031e-17 
  7275.255227565773    1.9355699e-17 
  7280.773156166084    1.8917363e-17 
  7286.291084766395    1.8552715e-17 
 7291.8090133667065    1.4037751e-17 
  7297.326941967018    1.6038393e-17 
  7302.844870567329     1.705852e-17 
   7308.36279916764    1.8818991e-17 
  7313.880727767952    2.1375948e-17 
  7319.398656368263    1.6996004e-17 
  7324.916584968574    1.6545698e-17 
  7330.434513568885    2.0956247e-17 
  7335.952442169197       2.1399e-17 
  7341.470370769508    1.9329628e-17 
  7346.988299369819    2.0978625e-17 
  7352.506227970131    2.2612994e-17 
  7358.024156570442    2.1169565e-17 
  7363.542085170753    2.4072139e-17 
  7369.060013771064    2.4648649e-17 
  7374.577942371376     2.042402e-17 
  7380.095870971687    2.1409534e-17 
  7385.613799571998    2.5708845e-17 
 7391.1317281723095    2.1457437e-17 
  7396.649656772621    2.4215507e-17 
  7402.167585372932    2.2464885e-17 
  7407.685513973243    1.9464764e-17 
  7413.203442573555    2.6705604e-17 
  7418.721371173866    2.9748932e-17 
  7424.239299774177     2.576463e-17 
 7429.7572283744885    2.5402086e-17 
    7435.2751569748    2.0255084e-17 
  7440.793085575111     2.121187e-17 
  7446.311014175422    2.0090942e-17 
  7451.828942775734    2.1125711e-17 
  7457.346871376045    1.9748304e-17 
  7462.864799976356    2.0876366e-17 
  7468.382728576667    1.6905322e-17 
  7473.900657176979    2.2015036e-17 
   7479.41858577729    2.0621174e-17 
  7484.936514377601    1.7831284e-17 
  7490.454442977913    1.8265385e-17 
  7495.972371578224    1.8179413e-17 
  7501.490300178535     1.507024e-17 
  7507.008228778846    1.7571665e-17 
  7512.526157379158     2.038943e-17 
  7518.044085979469    2.1360315e-17 
   7523.56201457978     8.804909e-18 
 7529.0799431800915  -1.29987885e-17 
  7534.597871780403    6.4359706e-18 
  7540.115800380714    1.3945607e-17 
  7545.633728981025    2.0639579e-17 
  7551.151657581337    1.8290995e-17 
  7556.669586181648    2.3838295e-17 
  7562.187514781959    1.2820052e-17 
 7567.7054433822705    1.5699147e-17 
  7573.223371982582    1.3228148e-17 
  7578.741300582893     1.610249e-17 
  7584.259229183204    1.4061852e-17 
  7589.777157783516    1.4197589e-17 
  7595.295086383827     1.089727e-17 
  7600.813014984138     8.918439e-18 
  7606.330943584449    5.6901283e-18 
  7611.848872184761     7.391847e-18 
  7617.366800785072    1.0398445e-17 
  7622.884729385383     9.737346e-18 
 7628.4026579856945    8.3962315e-18 
  7633.920586586006     8.616566e-18 
  7639.438515186317     8.251389e-18 
  7644.956443786628     6.192402e-18 
   7650.47437238694     8.890768e-18 
  7655.992300987251    1.1608428e-17 
  7661.510229587562    1.1020977e-17 
 7667.0281581878735    1.1157021e-17 
  7672.546086788185     9.911566e-18 
  7678.064015388496    1.1036726e-17 
  7683.581943988807    1.3413753e-17 
  7689.099872589119     1.467001e-17 
   7694.61780118943    1.2831204e-17 
  7700.135729789741    1.0913538e-17 
  7705.653658390052     8.823229e-18 
  7711.171586990364     1.445358e-17 
  7716.689515590675    1.4264534e-17 
  7722.207444190986    1.6775132e-17 
  7727.725372791298     9.563152e-18 
  7733.243301391609    1.3977445e-17 
   7738.76122999192   1.29173765e-17 
  7744.279158592231    1.2621234e-17 
  7749.797087192543    1.0349862e-17 
  7755.315015792854    1.3053976e-17 
  7760.832944393165    1.8460127e-17 
 7766.3508729934765     1.468658e-17 
  7771.868801593789     1.234646e-17 
    7777.3867301941    1.0171429e-17 
  7782.904658794411    1.1446295e-17 
 7788.4225873947225     1.267174e-17 
  7793.940515995034    1.3596492e-17 
  7799.458444595345    1.4237145e-17 
  7804.976373195656     1.366453e-17 
  7810.494301795968     7.787624e-18 
  7816.012230396279    1.2658375e-17 
   7821.53015899659    1.4728368e-17 
 7827.0480875969015    1.1222721e-17 
  7832.566016197213    1.3775214e-17 
  7838.083944797524    1.5313274e-17 
  7843.601873397835     7.428587e-18 
  7849.119801998147    1.0011095e-17 
  7854.637730598458     9.119198e-18 
  7860.155659198769     8.102018e-18 
   7865.67358779908    1.3572612e-17 
  7871.191516399392    1.2552313e-17 
  7876.709444999703    1.4418524e-17 
  7882.227373600014    1.1699499e-17 
  7887.745302200326     1.179267e-17 
  7893.263230800637      7.91331e-18 
  7898.781159400948   1.07771766e-17 
  7904.299088001259    1.3589994e-17 
  7909.817016601571     9.179062e-18 
  7915.334945201882     9.729879e-18 
  7920.852873802193    1.0678821e-17 
 7926.3708024025045   1.26191994e-17 
  7931.888731002816    1.5093666e-17 
  7937.406659603127    1.2107302e-17 
  7942.924588203438    1.1239714e-17 
   7948.44251680375     7.189991e-18 
  7953.960445404061     9.224601e-18 
  7959.478374004372    1.1315174e-17 
 7964.9963026046835    1.1412712e-17 
  7970.514231204995     2.070651e-17 
  7976.032159805306    1.4687212e-17 
  7981.550088405617    8.8389385e-18 
  7987.068017005929     1.111975e-17 
   7992.58594560624     8.921805e-18 
  7998.103874206551    5.0295902e-18 
  8003.621802806862      9.35906e-18 
  8009.139731407174   1.12267906e-17 
  8014.657660007485    1.3431133e-17 
  8020.175588607796     8.139556e-18 
  8025.693517208108    1.2565177e-17 
  8031.211445808419     8.059767e-18 
   8036.72937440873     7.914852e-18 
  8042.247303009041     1.399225e-17 
  8047.765231609353    1.2959457e-17 
  8053.283160209664    1.2366927e-17 
  8058.801088809975    1.2629447e-17 
 8064.3190174102865     8.312315e-18 
  8069.836946010598    1.2768021e-17 
  8075.354874610909    1.3675573e-17 
   8080.87280321122   1.08942855e-17 
  8086.390731811532    1.5549351e-17 
  8091.908660411843    1.4188075e-17 
  8097.426589012154    1.0269196e-17 
 8102.9445176124655     1.547712e-17 
  8108.462446212777    1.1583855e-17 
  8113.980374813088      9.82039e-18 
  8119.498303413399    1.4677585e-17 
  8125.016232013711   1.30301006e-17 
  8130.534160614022     8.985327e-18 
  8136.052089214333      1.13255e-17 
  8141.570017814644   1.33505925e-17 
  8147.087946414957   1.07660626e-17 
  8152.605875015268    1.2238393e-17 
  8158.123803615579    1.3310485e-17 
   8163.64173221589     9.279322e-18 
  8169.159660816202    1.0541955e-17 
  8174.677589416513    7.8792345e-18 
  8180.195518016824   1.10153185e-17 
  8185.713446617136   1.21071275e-17 
  8191.231375217447    1.1727855e-17 
  8196.749303817758   1.21815985e-17 
   8202.26723241807    1.3739748e-17 
   8207.78516101838    1.5259093e-17 
  8213.303089618692    1.2760984e-17 
  8218.821018219003   1.21497165e-17 
  8224.338946819315    1.2497982e-17 
  8229.856875419626    1.0664774e-17 
  8235.374804019937    1.1529449e-17 
  8240.892732620248    1.3209184e-17 
   8246.41066122056    1.6348113e-17 
  8251.928589820871    1.3629269e-17 
  8257.446518421182   1.04167855e-17 
  8262.964447021493   1.21081275e-17 
  8268.482375621805    1.3784778e-17 
  8274.000304222116    1.3473315e-17 
  8279.518232822427     8.904056e-18 
  8285.036161422739    1.4253794e-17 
   8290.55409002305    1.5883372e-17 
  8296.072018623361    1.8167795e-17 
  8301.589947223672    1.4165714e-17 
  8307.107875823984    1.6426523e-17 
  8312.625804424295    1.0323409e-17 
  8318.143733024606     7.010148e-18 
  8323.661661624918    1.1725991e-17 
  8329.179590225229    1.2643079e-17 
   8334.69751882554    1.4320996e-17 
  8340.215447425851    1.7601585e-17 
  8345.733376026163     1.777315e-17 
  8351.251304626474    8.6520635e-18 
  8356.769233226785     7.916166e-18 
  8362.287161827096    1.3549253e-17 
  8367.805090427408    1.1388834e-17 
  8373.323019027719    1.0242753e-17 
   8378.84094762803    1.8924625e-17 
  8384.358876228342    1.9090013e-17 
  8389.876804828653    1.3187064e-17 
  8395.394733428964    1.2076036e-17 
  8400.912662029275    1.4410734e-17 
  8406.430590629587     4.723128e-18 
  8411.948519229898    1.5438529e-17 
   8417.46644783021    1.5583366e-17 
   8422.98437643052   1.07810445e-17 
  8428.502305030832    8.8631245e-18 
  8434.020233631143    6.7140948e-18 
  8439.538162231454      1.51967e-17 
  8445.056090831766    1.4530908e-17 
  8450.574019432077     1.488262e-17 
  8456.091948032388     1.486214e-17 
    8461.6098766327     8.568614e-18 
   8467.12780523301    2.8277608e-18 
  8472.645733833322    1.1853175e-17 
  8478.163662433633    1.3358412e-17 
  8483.681591033945    5.6849563e-18 
  8489.199519634256     8.520957e-18 
  8494.717448234567     1.513774e-17 
  8500.235376834878     8.659677e-18 
   8505.75330543519     8.530217e-18 
  8511.271234035501    1.1867233e-17 
  8516.789162635812     7.838816e-18 
  8522.307091236124     9.622236e-18 
  8527.825019836435     9.962928e-18 
  8533.342948436746     7.435259e-18 
  8538.860877037057     9.076278e-18 
  8544.378805637369     6.181407e-18 
   8549.89673423768    5.7984203e-18 
  8555.414662837991     8.926363e-18 
  8560.932591438303    1.2629402e-17 
  8566.450520038614     1.141349e-17 
  8571.968448638925    -7.153826e-18 
  8577.486377239236   -2.6767381e-17 
  8583.004305839548    5.4257188e-18 
  8588.522234439859     4.427628e-18 
   8594.04016304017    4.8277218e-18 
  8599.558091640482   -2.7697474e-17 
  8605.076020240793   -3.6515487e-18 
  8610.593948841104    1.6485566e-17 
  8616.111877441415     4.643556e-18 
  8621.629806041728    3.8719415e-18 
   8627.14773464204     9.362509e-18 
  8632.665663242351    1.2236241e-17 
  8638.183591842662    1.2393548e-17 
  8643.701520442974     5.294729e-18 
  8649.219449043285    1.2982178e-17 
  8654.737377643596   1.37730105e-17 
  8660.255306243907   1.07446485e-17 
  8665.773234844219     8.879823e-18 
   8671.29116344453     8.646124e-19 
  8676.809092044841    1.7071464e-17 
  8682.327020645153    -7.414015e-18 
  8687.844949245464   -2.8306594e-17 
  8693.362877845775   -2.0716657e-17 
  8698.880806446086    3.0814209e-18 
  8704.398735046398     3.915568e-18 
  8709.916663646709    1.1067468e-17 
   8715.43459224702    1.3424023e-17 
  8720.952520847331    1.4838699e-17 
  8726.470449447643    1.9042508e-17 
  8731.988378047954    1.4690695e-17 
  8737.506306648265     8.773603e-18 
  8743.024235248577     4.739684e-18 
  8748.542163848888     8.519706e-18 
    8754.0600924492    1.4512078e-17 
   8759.57802104951    1.4809567e-17 
  8765.095949649822    1.7190626e-17 
  8770.613878250133     1.927004e-17 
  8776.131806850444    2.3382594e-17 
  8781.649735450756   -4.2175802e-17 
  8787.167664051067   -3.5338168e-17 
  8792.685592651378    1.8544054e-17 
   8798.20352125169    1.8023865e-17 
     8803.721449852    1.5170891e-17 
  8809.239378452312     8.105859e-18 
  8814.757307052623     9.428572e-18 
  8820.275235652934    1.6922155e-17 
  8825.793164253246     2.181517e-17 
  8831.311092853557     2.815553e-17 
  8836.829021453868     3.170569e-17 
   8842.34695005418     2.833782e-17 
   8847.86487865449    2.2054933e-17 
  8853.382807254802    1.0615188e-17 
  8858.900735855113    1.3019405e-17 
  8864.418664455425    1.5992369e-17 
  8869.936593055736      1.41765e-17 
  8875.454521656047    1.8199772e-17 
  8880.972450256359    2.0088984e-17 
   8886.49037885667     5.303817e-18 
  8892.008307456981     8.195006e-18 
  8897.526236057292    6.3066004e-18 
  8903.044164657604    1.8842188e-17 
  8908.562093257915    1.2703497e-17 
  8914.080021858226    1.9234482e-17 
  8919.597950458538    1.1082337e-17 
  8925.115879058849   -4.0498494e-19 
   8930.63380765916    1.0372977e-17 
  8936.151736259471    2.0872192e-17 
  8941.669664859783    1.6514785e-17 
  8947.187593460094    1.6156507e-17 
  8952.705522060405    1.5804057e-17 
  8958.223450660716    5.1354834e-18 
  8963.741379261028      4.32215e-17 
  8969.259307861339    -1.445631e-16 
   8974.77723646165  -1.10726185e-16 
  8980.295165061962   -1.2647405e-18 
  8985.813093662273     6.054152e-18 
  8991.331022262584     4.484022e-18 
  8996.848950862895    4.7616863e-18 
  9002.366879463207   1.35541484e-17 
  9007.884808063518    1.4039581e-17 
   9013.40273666383   1.18039625e-17 
   9018.92066526414     1.687665e-17 
  9024.438593864452    7.3902855e-18 
  9029.956522464763     2.988561e-18 
  9035.474451065074     7.324358e-18 
  9040.992379665386    8.3957095e-18 
  9046.510308265697    1.0843518e-17 
  9052.028236866008    1.2132889e-17 
   9057.54616546632     9.733014e-18 
   9063.06409406663    9.6926675e-18 
  9068.582022666942    4.2804417e-18 
  9074.099951267253     8.961244e-18 
  9079.617879867565     4.825887e-18 
  9085.135808467876    6.0212656e-18 
  9090.653737068187    1.3824336e-17 
  9096.171665668498     6.178995e-18 
   9101.68959426881    1.5236945e-17 
  9107.207522869121    1.0781548e-17 
  9112.725451469432     8.650645e-18 
  9118.243380069744     1.437664e-17 
  9123.761308670055    1.2462338e-17 
  9129.279237270366    1.4862422e-17 
  9134.797165870677     7.405979e-18 
  9140.315094470989    7.9458846e-18 
    9145.8330230713    6.2365613e-18 
  9151.350951671611    1.0026521e-17 
  9156.868880271923    4.3946526e-18 
  9162.386808872234    7.2675675e-18 
  9167.904737472545    1.2726904e-17 
  9173.422666072856     9.102498e-18 
  9178.940594673168     7.885199e-18 
  9184.458523273479    3.4359794e-18 
   9189.97645187379    2.5197685e-18 
  9195.494380474101    3.5475684e-18 
  9201.012309074413    4.5178413e-18 
  9206.530237674724    6.4053546e-18 
  9212.048166275035    5.9358605e-18 
  9217.566094875347    6.7985697e-18 
  9223.084023475658    6.7488463e-18 
   9228.60195207597    2.4788384e-18 
   9234.11988067628    4.0261465e-18 
  9239.637809276592     7.700036e-18 
  9245.155737876903    6.4566484e-18 
  9250.673666477214    5.8882794e-18 
  9256.191595077526      9.03337e-18 
  9261.709523677837     7.213592e-18 
  9267.227452278148    4.9745898e-18 
