# STATUS =
# OBJECT = 2018hti
# TELESCOPE = ESO-NTT
# INSTRUMENT = EFOSC2-NTT
# DATE-OBS = 2019-01-08 02:59:15.00
# MJD = 58491.124479200225
# EXPTIME = 1500.0
# AIRMASS = --
# SLIT = --
# DISPERSER = --
# SOURCE = --
# FILTER =
# RESOLUTION =
# FLUX_STANDARD =
# EXTINCTION_CORRECTED = --
# PHOTOMETRY_CALIBRATED =
# TELLURIC_CORRECTED =
# FLUX_UNITS = erg cm(-2) sec(-1) Ang(-1)
# WAVE_UNITS = Angstrom
# QUALITY = --
# MIN_WAVE = 3337.4219
# MAX_WAVE = 7458.2812
# COMMENT = Released as part of DR4
 Wavelength           Flux           Error 
  3337.4219   8.830936e-16   5.5061807e-17 
   3341.502   9.501024e-16   5.4691607e-17 
   3345.582    8.11552e-16   5.2345634e-17 
   3349.662  7.3697547e-16    4.994025e-17 
  3353.7422   9.236802e-16   5.1116973e-17 
  3357.8223   9.181666e-16   4.9558756e-17 
  3361.9023    9.77535e-16    4.896004e-17 
  3365.9824    9.41707e-16   4.7150245e-17 
  3370.0625   8.908402e-16   4.5286256e-17 
  3374.1426  8.3346936e-16   4.4105465e-17 
  3378.2227   8.641787e-16    4.378386e-17 
  3382.3025   9.349454e-16   4.2971573e-17 
  3386.3826   9.648141e-16   4.2488456e-17 
  3390.4626   8.331584e-16    4.052266e-17 
  3394.5427   8.483995e-16   4.0403627e-17 
  3398.6228  8.4479016e-16   3.9645764e-17 
   3402.703   9.373034e-16    3.968723e-17 
   3406.783   9.104753e-16    3.862665e-17 
   3410.863   9.230208e-16    3.789872e-17 
   3414.943   8.154536e-16   3.6505476e-17 
  3419.0232  8.7200687e-16    3.676791e-17 
  3423.1033   8.795265e-16   3.5501348e-17 
  3427.1833  8.1823346e-16   3.4738128e-17 
  3431.2632  8.8675927e-16   3.5196598e-17 
  3435.3433   8.417597e-16   3.3907334e-17 
  3439.4233   9.374503e-16   3.4174944e-17 
  3443.5034    8.54671e-16   3.3112397e-17 
  3447.5835  8.3966117e-16   3.2684735e-17 
  3451.6636   8.556268e-16    3.183864e-17 
  3455.7437   8.075089e-16   3.1588244e-17 
  3459.8237   8.369322e-16    3.128945e-17 
  3463.9038  8.7799613e-16   3.1484367e-17 
   3467.984   9.073213e-16   3.1198626e-17 
   3472.064  8.1287497e-16   3.0410564e-17 
   3476.144    8.80141e-16   3.0363497e-17 
   3480.224   8.846203e-16   2.9715818e-17 
   3484.304  8.7063695e-16   2.9365494e-17 
   3488.384  8.6280745e-16    2.888426e-17 
   3492.464   9.418859e-16   2.9125105e-17 
  3496.5442   8.820546e-16   2.8308367e-17 
  3500.6243  8.6648464e-16   2.7905788e-17 
  3504.7043  8.5043373e-16   2.7491907e-17 
  3508.7844   9.113905e-16   2.7545521e-17 
  3512.8645  8.5517225e-16     2.69137e-17 
  3516.9446   8.752218e-16   2.6505329e-17 
  3521.0247   8.549446e-16   2.6110704e-17 
  3525.1047  8.7960046e-16    2.647564e-17 
  3529.1848    7.65582e-16   2.5562267e-17 
  3533.2646   9.456052e-16   2.6622318e-17 
  3537.3447  8.4209173e-16   2.5948176e-17 
  3541.4248   8.381611e-16     2.55437e-17 
   3545.505   8.652232e-16    2.529135e-17 
   3549.585   9.204122e-16   2.5360262e-17 
   3553.665   9.126291e-16   2.4920644e-17 
   3557.745  8.6510477e-16   2.4168935e-17 
  3561.8252    8.99816e-16   2.4365333e-17 
  3565.9053   9.057645e-16   2.4143514e-17 
  3569.9854   9.018962e-16   2.3752218e-17 
  3574.0654  8.6916205e-16   2.3329352e-17 
  3578.1455   8.897835e-16   2.3265601e-17 
  3582.2256   8.860973e-16   2.3094228e-17 
  3586.3054  8.8715187e-16   2.2909657e-17 
  3590.3855   9.142764e-16    2.278802e-17 
  3594.4656  8.7797305e-16    2.252384e-17 
  3598.5457   8.664163e-16   2.2098362e-17 
  3602.6257   9.122155e-16    2.231071e-17 
  3606.7058   8.462184e-16   2.1688176e-17 
   3610.786   9.061143e-16   2.1905028e-17 
   3614.866   8.673982e-16    2.163826e-17 
   3618.946   8.984427e-16   2.1854433e-17 
  3623.0261   9.073858e-16    2.163056e-17 
  3627.1062  8.6968155e-16    2.121285e-17 
  3631.1863   9.331905e-16    2.147954e-17 
  3635.2664   8.996823e-16   2.1117218e-17 
  3639.3462   9.542601e-16   2.1189322e-17 
  3643.4263   9.570284e-16   2.0858918e-17 
  3647.5063   9.384662e-16    2.059661e-17 
  3651.5864    9.03639e-16    2.031486e-17 
  3655.6665   9.363194e-16   2.0425968e-17 
  3659.7466   9.136518e-16    2.018394e-17 
  3663.8267   9.166853e-16     1.99152e-17 
  3667.9067   9.276973e-16   1.9853251e-17 
  3671.9868   9.323916e-16    1.956081e-17 
   3676.067   9.452006e-16    1.953857e-17 
   3680.147    9.49449e-16   1.9440247e-17 
   3684.227   9.297836e-16   1.9284088e-17 
   3688.307   9.318509e-16   1.9136433e-17 
   3692.387  1.0209237e-15   1.9567783e-17 
   3696.467   9.969222e-16   1.9395354e-17 
   3700.547   9.204033e-16   1.8735887e-17 
  3704.6272   9.553848e-16   1.8781278e-17 
  3708.7073   9.687789e-16   1.8630945e-17 
  3712.7874    9.64863e-16   1.8465456e-17 
  3716.8674   9.541339e-16   1.8244172e-17 
  3720.9475   9.173389e-16   1.8054145e-17 
  3725.0276     9.6459e-16   1.8267569e-17 
  3729.1077   9.722527e-16   1.8115426e-17 
  3733.1877   9.649967e-16   1.7982217e-17 
  3737.2678    9.63385e-16   1.7926203e-17 
  3741.3477   9.759484e-16    1.771855e-17 
  3745.4277   9.877467e-16   1.7713143e-17 
  3749.5078  1.0117788e-15   1.7768281e-17 
   3753.588  1.0318213e-15   1.7683815e-17 
   3757.668  1.0045201e-15   1.7427466e-17 
   3761.748  1.0041257e-15   1.7353624e-17 
  3765.8281   9.850604e-16   1.7238626e-17 
  3769.9082   9.989191e-16   1.7163776e-17 
  3773.9883   1.034671e-15   1.7213562e-17 
  3778.0684  1.0435252e-15    1.721085e-17 
  3782.1484  1.0824529e-15   1.7317618e-17 
  3786.2285  1.0539453e-15   1.7077539e-17 
  3790.3086  1.0670293e-15   1.7082949e-17 
  3794.3884  1.0594376e-15   1.6820175e-17 
  3798.4685  1.0636929e-15   1.6836914e-17 
  3802.5486  1.0750101e-15   1.6793735e-17 
  3806.6287  1.0785802e-15   1.6699537e-17 
  3810.7087  1.0509906e-15    1.654269e-17 
  3814.7888  1.1121382e-15   1.6725033e-17 
   3818.869  1.0628575e-15   1.6467665e-17 
   3822.949  1.0799406e-15   1.6456801e-17 
   3827.029  1.0809103e-15   1.6357776e-17 
  3831.1091  1.0609538e-15   1.6224967e-17 
  3835.1892  1.0816253e-15   1.6235175e-17 
  3839.2693  1.0498617e-15   1.5914391e-17 
   3843.349  1.0348042e-15   1.5810456e-17 
  3847.4292  1.0189623e-15   1.5581772e-17 
  3851.5093  1.0151954e-15   1.5511402e-17 
  3855.5894   9.907297e-16   1.5280253e-17 
  3859.6694  1.0115295e-15   1.5269569e-17 
  3863.7495  1.0212389e-15   1.5252438e-17 
  3867.8296   9.691784e-16   1.4931465e-17 
  3871.9097   9.839136e-16     1.48957e-17 
  3875.9897   9.649698e-16   1.4715402e-17 
  3880.0698   9.940362e-16   1.4813845e-17 
    3884.15  1.0034645e-15   1.4801376e-17 
    3888.23   9.996227e-16    1.475946e-17 
    3892.31   9.956407e-16   1.4670717e-17 
    3896.39  1.0215167e-15   1.4788553e-17 
    3900.47  1.0020145e-15    1.469031e-17 
    3904.55   9.949267e-16   1.4612364e-17 
  3908.6301  1.0250458e-15   1.4794984e-17 
  3912.7102   1.003184e-15   1.4659478e-17 
  3916.7903  1.0279466e-15   1.4687725e-17 
  3920.8704  1.0200968e-15    1.451253e-17 
  3924.9504  1.0020278e-15   1.4282721e-17 
  3929.0305  1.0291834e-15   1.4373683e-17 
  3933.1106  1.0144907e-15   1.4250778e-17 
  3937.1907   9.871785e-16   1.4065478e-17 
  3941.2708   9.841713e-16   1.4129486e-17 
  3945.3506   9.723944e-16   1.3983564e-17 
  3949.4307  1.0049446e-15   1.4104321e-17 
  3953.5107   9.951903e-16    1.405995e-17 
  3957.5908   9.875766e-16   1.4004924e-17 
   3961.671   9.891589e-16   1.3885365e-17 
   3965.751   9.609933e-16   1.3607737e-17 
   3969.831   9.446551e-16   1.3568378e-17 
  3973.9111   9.421837e-16   1.3541191e-17 
  3977.9912   9.327032e-16   1.3560229e-17 
  3982.0713    9.73654e-16  1.37173975e-17 
  3986.1514   9.672542e-16   1.3612365e-17 
  3990.2314    9.89859e-16    1.376676e-17 
  3994.3115   9.761221e-16   1.3637139e-17 
  3998.3914  1.0020998e-15   1.3774364e-17 
  4002.4714   9.863998e-16    1.365298e-17 
  4006.5515   9.827521e-16   1.3578785e-17 
  4010.6316   9.734299e-16   1.3537688e-17 
  4014.7117    9.88364e-16   1.3661408e-17 
  4018.7917    9.81008e-16   1.3597515e-17 
  4022.8718   9.555217e-16   1.3364008e-17 
   4026.952   9.425357e-16  1.32251034e-17 
   4031.032   9.314724e-16   1.3204594e-17 
   4035.112   9.445564e-16   1.3228919e-17 
  4039.1921     9.4769e-16   1.3252892e-17 
  4043.2722   9.183128e-16   1.3065075e-17 
  4047.3523   9.140633e-16   1.3048323e-17 
  4051.4321    9.31331e-16   1.3089604e-17 
  4055.5122   9.068048e-16   1.2936245e-17 
  4059.5923   9.071633e-16   1.2940423e-17 
  4063.6724   9.091159e-16   1.2917525e-17 
  4067.7524   9.213399e-16   1.2986414e-17 
  4071.8325   9.042675e-16   1.2923039e-17 
  4075.9126   8.897553e-16   1.2782265e-17 
  4079.9927   9.033332e-16  1.27683045e-17 
  4084.0728   9.163728e-16  1.28141915e-17 
  4088.1528   9.115914e-16   1.2805715e-17 
   4092.233   9.205713e-16  1.28284984e-17 
   4096.313   9.397212e-16   1.2895974e-17 
   4100.393   9.253428e-16   1.2812091e-17 
   4104.473   9.361854e-16   1.2862958e-17 
   4108.553   9.543763e-16  1.29407725e-17 
  4112.6333   9.468234e-16   1.2842284e-17 
  4116.7134   9.381194e-16  1.28001344e-17 
  4120.7935   9.592672e-16   1.2903764e-17 
  4124.8735   9.589563e-16   1.2859782e-17 
   4128.953   9.657996e-16   1.2901196e-17 
   4133.033   9.591255e-16   1.2828123e-17 
  4137.1133   9.491909e-16   1.2816162e-17 
  4141.1934   9.619261e-16   1.2815133e-17 
  4145.2734   9.808442e-16   1.2957044e-17 
  4149.3535   9.611304e-16   1.2783945e-17 
  4153.4336   9.658378e-16   1.2814013e-17 
  4157.5137   9.822965e-16   1.2893847e-17 
  4161.5938   9.856893e-16   1.2937677e-17 
   4165.674   9.749175e-16   1.2902381e-17 
   4169.754   9.876267e-16   1.2870202e-17 
   4173.834  1.0029622e-15   1.2987369e-17 
   4177.914   9.809452e-16   1.2792071e-17 
   4181.994   9.978731e-16  1.28052216e-17 
   4186.074  1.0081696e-15  1.28367066e-17 
  4190.1543   9.921284e-16   1.2809894e-17 
  4194.2344   9.951216e-16   1.2737494e-17 
  4198.3145   9.759289e-16   1.2695544e-17 
  4202.3945   9.966375e-16   1.2771694e-17 
  4206.4746  1.0012821e-15   1.2782849e-17 
  4210.5547  1.0140946e-15   1.2839689e-17 
   4214.635  1.0102944e-15   1.2784223e-17 
   4218.715   9.906473e-16   1.2634925e-17 
   4222.795   9.654151e-16   1.2491242e-17 
   4226.875   9.675625e-16   1.2514751e-17 
  4230.9546   9.806694e-16   1.2512112e-17 
  4235.0347   9.554196e-16   1.2381493e-17 
  4239.1147   9.529715e-16   1.2395866e-17 
   4243.195   9.252536e-16   1.2278239e-17 
   4247.275   9.590793e-16   1.2415291e-17 
   4251.355   9.488479e-16   1.2341136e-17 
   4255.435    9.07056e-16   1.2136182e-17 
   4259.515   9.182021e-16  1.22072825e-17 
   4263.595   9.045229e-16   1.2084487e-17 
  4267.6753  8.7405203e-16   1.1930065e-17 
  4271.7554   9.021793e-16   1.2045173e-17 
  4275.8354  8.7639693e-16   1.1882361e-17 
  4279.9155  8.8140904e-16    1.192779e-17 
  4283.9956   9.046231e-16   1.2038352e-17 
  4288.0757   8.667255e-16  1.18503284e-17 
   4292.156   8.985755e-16   1.1989845e-17 
   4296.236   9.090345e-16   1.1984728e-17 
   4300.316   9.019823e-16  1.20025876e-17 
   4304.396    8.91034e-16   1.1897641e-17 
   4308.476   9.199902e-16   1.1998934e-17 
   4312.556   9.172899e-16    1.200412e-17 
   4316.636   9.302206e-16   1.2089062e-17 
  4320.7163   9.315697e-16   1.2131482e-17 
  4324.7964   9.615163e-16   1.2229658e-17 
  4328.8765   9.519345e-16   1.2205183e-17 
   4332.956   9.336037e-16   1.2067316e-17 
   4337.036   9.550217e-16   1.2198471e-17 
   4341.116   9.615322e-16   1.2149341e-17 
  4345.1963   9.589662e-16   1.2179849e-17 
  4349.2764   9.446091e-16   1.2120813e-17 
  4353.3564   9.558357e-16   1.2170982e-17 
  4357.4365   9.410556e-16   1.2076396e-17 
  4361.5166   9.458759e-16  1.20949845e-17 
  4365.5967   9.282428e-16    1.203823e-17 
   4369.677   9.662642e-16   1.2197216e-17 
   4373.757   9.552039e-16   1.2107089e-17 
   4377.837   9.510051e-16   1.2080514e-17 
   4381.917   9.629488e-16   1.2148337e-17 
   4385.997   9.437561e-16   1.2027267e-17 
   4390.077   9.454619e-16   1.2029965e-17 
   4394.157   9.661081e-16   1.2110307e-17 
  4398.2373   9.463523e-16   1.2052212e-17 
  4402.3174   9.338337e-16   1.2010452e-17 
  4406.3975   9.378761e-16   1.2038929e-17 
  4410.4775   9.256759e-16  1.19708586e-17 
  4414.5576   9.217879e-16   1.1952305e-17 
  4418.6377   8.822801e-16   1.1776804e-17 
   4422.718   9.013194e-16   1.1818461e-17 
   4426.798  8.8065587e-16   1.1671923e-17 
   4430.878   8.807227e-16  1.16861074e-17 
  4434.9575   8.721639e-16   1.1634614e-17 
  4439.0376  8.6403645e-16  1.16104196e-17 
  4443.1177   8.902172e-16   1.1762552e-17 
  4447.1978   9.005342e-16   1.1807808e-17 
   4451.278   9.166505e-16   1.1835767e-17 
   4455.358   9.083348e-16   1.1775471e-17 
   4459.438   9.128279e-16   1.1772454e-17 
   4463.518   9.180249e-16   1.1802865e-17 
   4467.598   9.268208e-16   1.1836226e-17 
   4471.678   9.057121e-16   1.1737657e-17 
  4475.7583   9.081202e-16   1.1764573e-17 
  4479.8384   9.093899e-16   1.1766685e-17 
  4483.9185  8.6617695e-16   1.1573866e-17 
  4487.9985  8.7405806e-16   1.1583285e-17 
  4492.0786   9.026497e-16   1.1680224e-17 
  4496.1587  8.6122604e-16   1.1536253e-17 
   4500.239  8.5238694e-16  1.14563034e-17 
   4504.319  8.6015624e-16   1.1467186e-17 
   4508.399  8.4692045e-16   1.1499096e-17 
   4512.479   8.541617e-16   1.1494314e-17 
   4516.559   8.652123e-16   1.1542859e-17 
   4520.639    8.49118e-16  1.14783734e-17 
   4524.719  8.4662065e-16  1.14733375e-17 
  4528.7993  8.7859334e-16   1.1551576e-17 
  4532.8794  8.5817837e-16   1.1487012e-17 
   4536.959   8.727531e-16    1.162719e-17 
   4541.039   8.651478e-16   1.1547175e-17 
   4545.119  8.6130863e-16   1.1529834e-17 
   4549.199   8.645793e-16   1.1518748e-17 
  4553.2793  8.8188184e-16  1.15995546e-17 
  4557.3594  8.4755355e-16  1.14746395e-17 
  4561.4395  8.8650145e-16   1.1681841e-17 
  4565.5195   8.498855e-16   1.1458034e-17 
  4569.5996   8.811808e-16    1.159654e-17 
  4573.6797   8.429548e-16   1.1450591e-17 
    4577.76  8.2222743e-16  1.13158895e-17 
    4581.84  8.6259183e-16   1.1470631e-17 
    4585.92   8.334055e-16   1.1365032e-17 
     4590.0  8.1358367e-16   1.1252293e-17 
    4594.08   7.869955e-16   1.1130539e-17 
    4598.16    7.92395e-16   1.1127633e-17 
    4602.24  7.8161347e-16   1.1092802e-17 
  4606.3203   8.012392e-16   1.1178835e-17 
  4610.4004  8.0852784e-16    1.117904e-17 
  4614.4805   7.748584e-16   1.1046232e-17 
  4618.5605  7.9040207e-16  1.11192505e-17 
  4622.6406   8.041574e-16     1.11875e-17 
  4626.7207  8.0722674e-16   1.1205227e-17 
   4630.801  8.1510515e-16   1.1235383e-17 
   4634.881  8.2860913e-16   1.1300383e-17 
   4638.961    8.18563e-16   1.1284924e-17 
  4643.0405  8.2143683e-16   1.1343384e-17 
  4647.1206   8.482071e-16   1.1441717e-17 
  4651.2007  8.2882566e-16   1.1351092e-17 
   4655.281  8.1365376e-16   1.1316577e-17 
   4659.361   8.240835e-16   1.1337023e-17 
   4663.441  8.3895135e-16  1.13700765e-17 
   4667.521  8.3781215e-16   1.1393699e-17 
   4671.601    8.33295e-16  1.14159395e-17 
   4675.681  8.4678927e-16  1.14453135e-17 
   4679.761  8.2740704e-16   1.1307939e-17 
  4683.8413  8.5246624e-16   1.1466403e-17 
  4687.9214  8.7826385e-16   1.1610208e-17 
  4692.0015  8.4303956e-16   1.1480256e-17 
  4696.0815   8.573021e-16   1.1522771e-17 
  4700.1616   8.849299e-16  1.16165895e-17 
  4704.2417   9.036383e-16    1.170977e-17 
   4708.322   8.957895e-16   1.1683804e-17 
   4712.402   8.884062e-16   1.1656401e-17 
   4716.482    9.00918e-16   1.1735165e-17 
   4720.562   9.111475e-16    1.180341e-17 
   4724.642   8.997766e-16  1.16908935e-17 
   4728.722  8.8517405e-16   1.1686293e-17 
  4732.8022    9.00404e-16   1.1754838e-17 
  4736.8823   9.089848e-16  1.17576776e-17 
  4740.9624   8.980512e-16   1.1700719e-17 
   4745.042   8.992338e-16  1.17281894e-17 
   4749.122   8.985892e-16   1.1725272e-17 
   4753.202   9.187835e-16   1.1836231e-17 
   4757.282   9.134397e-16   1.1820683e-17 
  4761.3623   9.249809e-16   1.1859727e-17 
  4765.4424   9.330443e-16  1.18552386e-17 
  4769.5225   9.181436e-16   1.1828817e-17 
  4773.6025   9.192573e-16   1.1821293e-17 
  4777.6826     9.0941e-16   1.1747801e-17 
  4781.7627   9.313184e-16   1.1915859e-17 
   4785.843   9.242559e-16   1.1850802e-17 
   4789.923   9.161213e-16   1.1846804e-17 
   4794.003    9.27626e-16   1.1862328e-17 
   4798.083   9.358858e-16   1.1925507e-17 
   4802.163   9.487278e-16   1.2001231e-17 
   4806.243    9.38167e-16  1.19282364e-17 
   4810.323   9.302774e-16   1.1908837e-17 
  4814.4033   9.279505e-16    1.191683e-17 
  4818.4834   9.109474e-16    1.183478e-17 
  4822.5635   9.345212e-16    1.199475e-17 
  4826.6436   9.308596e-16   1.1980313e-17 
  4830.7236   9.189171e-16  1.19064584e-17 
  4834.8037   9.196529e-16   1.1887253e-17 
   4838.884   9.357649e-16   1.1937251e-17 
   4842.964   9.326322e-16  1.19782155e-17 
  4847.0435   9.319329e-16  1.19536036e-17 
  4851.1235   9.420851e-16   1.1942349e-17 
  4855.2036   9.501469e-16    1.199675e-17 
  4859.2837   9.263266e-16   1.1882174e-17 
   4863.364   9.446589e-16   1.1949579e-17 
   4867.444     9.3574e-16   1.1920754e-17 
   4871.524   9.168011e-16    1.182982e-17 
   4875.604   9.298045e-16   1.1926918e-17 
   4879.684   9.123714e-16   1.1815548e-17 
   4883.764   9.071333e-16   1.1799624e-17 
   4887.844    9.13823e-16  1.18438235e-17 
  4891.9243   9.028581e-16   1.1815375e-17 
  4896.0044  8.8395527e-16    1.178293e-17 
  4900.0845   8.975007e-16   1.1871926e-17 
  4904.1646   9.155113e-16   1.1941833e-17 
  4908.2446   9.150493e-16   1.1894803e-17 
  4912.3247   8.936057e-16   1.1782432e-17 
   4916.405   9.214388e-16   1.1911097e-17 
   4920.485   9.210511e-16  1.19182275e-17 
   4924.565   9.167124e-16   1.1871168e-17 
   4928.645   9.046868e-16   1.1848034e-17 
   4932.725   9.003241e-16   1.1856746e-17 
   4936.805   9.048413e-16    1.188863e-17 
  4940.8853    8.96242e-16  1.18492796e-17 
  4944.9653   8.961222e-16  1.18562874e-17 
   4949.045   8.916729e-16  1.18372995e-17 
   4953.125   8.827427e-16   1.1737142e-17 
   4957.205   8.661182e-16   1.1666399e-17 
   4961.285  8.5125424e-16   1.1602503e-17 
   4965.365  8.4825866e-16   1.1609579e-17 
  4969.4453   8.574837e-16   1.1677077e-17 
  4973.5254   8.455447e-16    1.157016e-17 
  4977.6055  8.3380753e-16   1.1508678e-17 
  4981.6855   8.344818e-16    1.152458e-17 
  4985.7656   8.282617e-16   1.1496934e-17 
  4989.8457  8.2322703e-16   1.1475539e-17 
   4993.926   7.969939e-16   1.1392768e-17 
   4998.006   7.984021e-16   1.1352154e-17 
   5002.086  7.9771715e-16   1.1337078e-17 
   5006.166  8.1693564e-16    1.143402e-17 
   5010.246  7.9932837e-16   1.1329066e-17 
   5014.326   7.945161e-16   1.1334454e-17 
  5018.4062  7.9767443e-16    1.134959e-17 
  5022.4863   7.875169e-16   1.1292631e-17 
  5026.5664   7.991899e-16  1.13900305e-17 
  5030.6465  7.9801536e-16   1.1332658e-17 
  5034.7266   8.008443e-16   1.1361615e-17 
  5038.8066   7.835038e-16    1.123622e-17 
  5042.8867  7.5841424e-16   1.1148763e-17 
   5046.967   7.705232e-16   1.1235892e-17 
   5051.047   7.696312e-16   1.1222315e-17 
  5055.1265  7.5365016e-16  1.11471984e-17 
  5059.2065   7.560231e-16   1.1139934e-17 
  5063.2866    7.44093e-16  1.11143536e-17 
  5067.3667  7.5094024e-16  1.10909386e-17 
   5071.447   7.733543e-16   1.1251324e-17 
   5075.527  7.6743207e-16   1.1210369e-17 
   5079.607  7.5250767e-16   1.1167044e-17 
   5083.687  7.5443573e-16   1.1189337e-17 
   5087.767   7.596802e-16   1.1172294e-17 
   5091.847   7.738544e-16   1.1253991e-17 
  5095.9272   7.545239e-16   1.1174568e-17 
  5100.0073  7.6403616e-16   1.1215552e-17 
  5104.0874   7.698918e-16   1.1270103e-17 
  5108.1675  7.6853004e-16   1.1296783e-17 
  5112.2476   7.728534e-16   1.1295617e-17 
  5116.3276   7.747857e-16   1.1275118e-17 
  5120.4077   7.679092e-16   1.1294206e-17 
   5124.488  7.9174615e-16   1.1396812e-17 
   5128.568  7.7954443e-16  1.13265535e-17 
   5132.648  7.8507037e-16   1.1352317e-17 
   5136.728   7.778996e-16    1.134925e-17 
   5140.808   7.816024e-16   1.1359024e-17 
   5144.888   7.617837e-16   1.1250058e-17 
  5148.9683   7.527711e-16    1.120526e-17 
  5153.0483  7.7639935e-16   1.1338855e-17 
   5157.128  7.8811635e-16   1.1420429e-17 
   5161.208   7.822533e-16  1.14071275e-17 
   5165.288   7.792194e-16   1.1381529e-17 
   5169.368  7.8696444e-16   1.1344007e-17 
   5173.448  7.7698666e-16   1.1319316e-17 
  5177.5283   7.504051e-16   1.1226046e-17 
  5181.6084  7.4546877e-16  1.12036345e-17 
  5185.6885   7.526876e-16   1.1271012e-17 
  5189.7686  7.6012446e-16   1.1271296e-17 
  5193.8486  7.7986906e-16   1.1412211e-17 
  5197.9287  7.6555685e-16   1.1375568e-17 
   5202.009   7.802759e-16   1.1417749e-17 
   5206.089   7.929289e-16   1.1467055e-17 
   5210.169   7.823267e-16   1.1424349e-17 
   5214.249  7.8858953e-16  1.14949245e-17 
   5218.329  8.0117014e-16   1.1518318e-17 
   5222.409   8.015057e-16   1.1543706e-17 
  5226.4893  8.0252115e-16    1.155487e-17 
  5230.5693   8.034891e-16   1.1579046e-17 
  5234.6494  8.0869984e-16   1.1620417e-17 
  5238.7295   8.074298e-16   1.1593193e-17 
  5242.8096  8.1749574e-16   1.1669032e-17 
  5246.8896  8.2638133e-16   1.1650159e-17 
  5250.9697    8.15871e-16   1.1649641e-17 
    5255.05   8.280962e-16  1.17439414e-17 
  5259.1294  8.4201084e-16   1.1778387e-17 
  5263.2095   8.566112e-16   1.1861065e-17 
  5267.2896  8.7218226e-16   1.1971219e-17 
  5271.3696   8.461881e-16  1.18181734e-17 
  5275.4497  8.2958846e-16   1.1759434e-17 
    5279.53  8.2969307e-16   1.1751485e-17 
    5283.61  8.2774437e-16   1.1701279e-17 
    5287.69   8.317346e-16   1.1775814e-17 
    5291.77  8.2237667e-16   1.1740217e-17 
    5295.85   7.985567e-16   1.1630167e-17 
    5299.93   8.026249e-16   1.1636595e-17 
  5304.0103  8.4137117e-16   1.1842689e-17 
  5308.0903  8.7982816e-16  1.20621115e-17 
  5312.1704   9.084326e-16  1.22453725e-17 
  5316.2505   9.593637e-16   1.2507735e-17 
  5320.3306   9.204377e-16  1.23389225e-17 
  5324.4106    8.54791e-16   1.1902408e-17 
  5328.4907   8.132373e-16   1.1769622e-17 
   5332.571   8.318553e-16  1.18613365e-17 
   5336.651  8.2275746e-16  1.18495145e-17 
   5340.731   8.276522e-16   1.1856638e-17 
   5344.811  8.2116154e-16    1.178176e-17 
   5348.891  8.3197657e-16     1.19348e-17 
   5352.971  8.3738365e-16   1.1891132e-17 
  5357.0513   8.419254e-16   1.1925852e-17 
   5361.131   8.199896e-16   1.1837231e-17 
   5365.211  8.2179465e-16    1.185057e-17 
   5369.291   8.556635e-16   1.2035142e-17 
   5373.371  8.3420183e-16  1.19376845e-17 
   5377.451   8.635007e-16   1.2088885e-17 
  5381.5312   8.404422e-16   1.1959909e-17 
  5385.6113   8.392261e-16   1.1934254e-17 
  5389.6914   8.594554e-16   1.2069345e-17 
  5393.7715  8.4625505e-16   1.2032629e-17 
  5397.8516  8.2818927e-16   1.1901046e-17 
  5401.9316    8.34684e-16   1.1930335e-17 
  5406.0117   8.428556e-16  1.19741044e-17 
   5410.092   8.377425e-16   1.1967195e-17 
   5414.172   8.262673e-16   1.1938604e-17 
   5418.252   8.457253e-16   1.2015114e-17 
   5422.332   8.513129e-16   1.2068151e-17 
   5426.412  8.3327946e-16    1.196241e-17 
   5430.492  8.6159884e-16    1.213123e-17 
  5434.5723   8.590698e-16  1.21149865e-17 
  5438.6523   8.617217e-16    1.212906e-17 
  5442.7324   8.353851e-16  1.20017215e-17 
  5446.8125  8.4713496e-16   1.2048077e-17 
  5450.8926  8.6125675e-16   1.2124977e-17 
  5454.9727  8.6684785e-16   1.2184627e-17 
  5459.0527   8.430587e-16   1.2110898e-17 
  5463.1323  8.5974633e-16   1.2128551e-17 
  5467.2124  8.6234905e-16   1.2173503e-17 
  5471.2925   8.511556e-16    1.215494e-17 
  5475.3726  8.4965674e-16   1.2140623e-17 
  5479.4526   8.654068e-16   1.2179535e-17 
  5483.5327  8.4273367e-16   1.2090245e-17 
   5487.613  8.4129885e-16   1.2100639e-17 
   5491.693   8.525876e-16   1.2169197e-17 
   5495.773   8.687413e-16  1.22366375e-17 
   5499.853   8.849041e-16   1.2319428e-17 
   5503.933  8.5218836e-16   1.2190396e-17 
   5508.013  8.6049357e-16   1.2208367e-17 
  5512.0933    8.84885e-16   1.2353243e-17 
  5516.1733   8.516685e-16   1.2204245e-17 
  5520.2534    8.61341e-16   1.2240063e-17 
  5524.3335  8.5257207e-16   1.2201456e-17 
  5528.4136  8.5061923e-16  1.22117766e-17 
  5532.4937  8.6696834e-16   1.2245554e-17 
  5536.5737   8.596822e-16  1.22362735e-17 
   5540.654   8.654827e-16    1.226996e-17 
   5544.734  8.8198253e-16  1.24018445e-17 
   5548.814  8.6876877e-16   1.2336495e-17 
   5552.894    8.46561e-16   1.2209619e-17 
   5556.974  8.5513365e-16   1.2277917e-17 
   5561.054   8.908262e-16   1.2493054e-17 
  5565.1343   8.828259e-16  1.25168896e-17 
   5569.214    8.69156e-16   1.3691596e-17 
   5573.294   8.650977e-16   1.4488411e-17 
   5577.374   8.537313e-16    1.452873e-17 
   5581.454   8.441299e-16   1.4265792e-17 
   5585.534  8.5386464e-16   1.3210154e-17 
  5589.6143    8.44369e-16  1.22348094e-17 
  5593.6943  8.3755523e-16   1.2259472e-17 
  5597.7744   8.380029e-16   1.2258864e-17 
  5601.8545   8.298116e-16   1.2175378e-17 
  5605.9346  8.2727056e-16   1.2173386e-17 
  5610.0146    8.30886e-16   1.2237656e-17 
  5614.0947  8.3551695e-16   1.2215035e-17 
   5618.175   8.309943e-16   1.2205693e-17 
   5622.255  8.2051203e-16   1.2177905e-17 
   5626.335   8.026031e-16   1.2094191e-17 
   5630.415   8.084316e-16   1.2126952e-17 
   5634.495   7.974394e-16   1.2019249e-17 
   5638.575   7.760018e-16  1.19626265e-17 
  5642.6553  7.8938637e-16   1.2016431e-17 
  5646.7354  7.7944184e-16   1.2006911e-17 
  5650.8154  8.0440114e-16  1.20940936e-17 
  5654.8955  7.8901156e-16   1.2004286e-17 
  5658.9756  7.7935057e-16   1.1957805e-17 
  5663.0557   7.843222e-16   1.2035221e-17 
  5667.1357  7.7015073e-16   1.2023963e-17 
  5671.2153   7.748653e-16    1.200962e-17 
  5675.2954  7.8126746e-16   1.1978386e-17 
  5679.3755  7.7830835e-16   1.1978482e-17 
  5683.4556   7.742967e-16  1.20355664e-17 
  5687.5356  7.6767237e-16   1.1942986e-17 
  5691.6157   7.532978e-16   1.1945857e-17 
   5695.696   7.517397e-16    1.188633e-17 
   5699.776  7.5569156e-16   1.1881447e-17 
   5703.856  7.5957526e-16   1.1904764e-17 
   5707.936  7.2120234e-16   1.1675322e-17 
   5712.016  7.4705193e-16  1.18197045e-17 
   5716.096  7.5389665e-16   1.1851214e-17 
  5720.1763  7.5111663e-16   1.1850541e-17 
  5724.2563   7.387218e-16   1.1776697e-17 
  5728.3364   7.573757e-16   1.1934427e-17 
  5732.4165  7.8335005e-16   1.1995051e-17 
  5736.4966  7.6092734e-16   1.1876273e-17 
  5740.5767  7.4584756e-16   1.1833617e-17 
  5744.6567  7.3203144e-16   1.1778745e-17 
   5748.737  7.2295337e-16    1.173785e-17 
   5752.817  7.3583203e-16  1.17769145e-17 
   5756.897   7.359527e-16  1.18155835e-17 
   5760.977   7.543454e-16   1.1895972e-17 
   5765.057   7.374962e-16  1.17703525e-17 
   5769.137   7.293424e-16   1.1740374e-17 
   5773.217   6.963357e-16   1.1575075e-17 
   5777.297   7.307193e-16   1.1705273e-17 
   5781.377   6.929083e-16   1.1533188e-17 
   5785.457  6.9038193e-16  1.15470484e-17 
   5789.537   6.921306e-16   1.1541322e-17 
   5793.617   7.017392e-16   1.1592903e-17 
  5797.6973   7.001883e-16  1.16658556e-17 
  5801.7773  6.8815604e-16  1.15571285e-17 
  5805.8574   7.023846e-16   1.1568224e-17 
  5809.9375  6.9104585e-16  1.15427066e-17 
  5814.0176   6.889486e-16   1.1576776e-17 
  5818.0977  7.2443774e-16   1.1704528e-17 
  5822.1777   7.017004e-16   1.1612976e-17 
   5826.258    6.74999e-16   1.1504589e-17 
   5830.338    6.55535e-16   1.1375561e-17 
   5834.418  6.9615674e-16   1.1589619e-17 
   5838.498  6.8297325e-16  1.15100305e-17 
   5842.578  6.7004806e-16  1.14677566e-17 
   5846.658  6.6118164e-16    1.141941e-17 
  5850.7383  6.8231553e-16   1.1530555e-17 
  5854.8184  6.9261217e-16   1.1648165e-17 
  5858.8984   6.672969e-16    1.155544e-17 
  5862.9785   6.818378e-16   1.1632314e-17 
  5867.0586  6.6902304e-16   1.1550911e-17 
  5871.1387  6.6762353e-16   1.1548583e-17 
  5875.2183   6.785818e-16   1.1641731e-17 
  5879.2983  6.6516174e-16  1.15879575e-17 
  5883.3784  6.4605103e-16   1.1527459e-17 
  5887.4585   6.222194e-16   1.1468423e-17 
  5891.5386   6.097045e-16   1.1407401e-17 
  5895.6187   6.180816e-16   1.1377694e-17 
  5899.6987   6.184842e-16   1.1293983e-17 
   5903.779   6.236255e-16   1.1268605e-17 
   5907.859  6.4177336e-16   1.1369023e-17 
   5911.939   6.269725e-16   1.1334716e-17 
   5916.019   6.221532e-16   1.1301425e-17 
   5920.099  6.2653095e-16   1.1287041e-17 
   5924.179  6.2304154e-16   1.1293843e-17 
  5928.2593  6.3352935e-16   1.1387356e-17 
  5932.3394  6.2593824e-16   1.1350904e-17 
  5936.4194   5.936456e-16   1.1244455e-17 
  5940.4995  6.2503297e-16   1.1347192e-17 
  5944.5796   6.438215e-16    1.139578e-17 
  5948.6597   6.220688e-16   1.1291296e-17 
  5952.7397    5.97111e-16   1.1221932e-17 
    5956.82   5.965258e-16   1.1162529e-17 
     5960.9   6.041657e-16   1.1152999e-17 
    5964.98   6.098117e-16   1.1206433e-17 
    5969.06  6.1211095e-16   1.1259102e-17 
    5973.14   5.941914e-16   1.1155846e-17 
    5977.22  6.2099463e-16   1.1306167e-17 
     5981.3  5.9910503e-16   1.1182306e-17 
    5985.38  6.1027395e-16   1.1190342e-17 
    5989.46  6.2291983e-16  1.12948345e-17 
    5993.54  6.1293903e-16   1.1242868e-17 
    5997.62   5.980254e-16  1.12009544e-17 
     6001.7   5.988566e-16   1.1157232e-17 
  6005.7803  6.0495686e-16   1.1135417e-17 
  6009.8604  6.1102093e-16   1.1188407e-17 
  6013.9404   6.082136e-16   1.1190307e-17 
  6018.0205   6.024381e-16   1.1157611e-17 
  6022.1006   6.075103e-16    1.115545e-17 
  6026.1807   6.134587e-16   1.1219478e-17 
  6030.2607  5.9115647e-16   1.1175133e-17 
   6034.341  5.9088584e-16   1.1065675e-17 
   6038.421  6.0011856e-16  1.11681145e-17 
   6042.501  6.0796785e-16   1.1223287e-17 
   6046.581   5.912143e-16   1.1127982e-17 
   6050.661  5.9830506e-16  1.11546455e-17 
   6054.741   6.061568e-16   1.1212531e-17 
  6058.8213  5.9662216e-16   1.1138249e-17 
  6062.9014   6.058052e-16   1.1166628e-17 
  6066.9814   6.005821e-16   1.1207158e-17 
  6071.0615   5.987305e-16   1.1202041e-17 
  6075.1416   6.043454e-16   1.1170968e-17 
  6079.2217  5.9054475e-16  1.10917045e-17 
  6083.3013  6.0349435e-16   1.1162642e-17 
  6087.3813   5.941258e-16  1.11164935e-17 
  6091.4614   5.611121e-16  1.09467155e-17 
  6095.5415  5.8268625e-16   1.1026863e-17 
  6099.6216   5.955246e-16  1.10867696e-17 
  6103.7017  5.6330756e-16    1.092662e-17 
  6107.7817  5.9154764e-16   1.1087292e-17 
   6111.862  5.9920286e-16   1.1135977e-17 
   6115.942  5.9728237e-16   1.1124369e-17 
   6120.022  5.8935806e-16  1.10684666e-17 
   6124.102   5.782187e-16   1.1051495e-17 
   6128.182  5.7427685e-16   1.1032637e-17 
   6132.262   5.907496e-16   1.1119596e-17 
  6136.3423  5.8827465e-16   1.1131945e-17 
  6140.4224   5.564259e-16   1.0948439e-17 
  6144.5024   5.713772e-16   1.1075767e-17 
  6148.5825  5.8248126e-16   1.1106126e-17 
  6152.6626   5.771606e-16    1.107482e-17 
  6156.7427   5.962891e-16    1.114522e-17 
  6160.8228  5.8372995e-16   1.1064477e-17 
   6164.903  5.4887926e-16   1.0913586e-17 
   6168.983  5.6277245e-16   1.0993388e-17 
   6173.063  5.7078813e-16   1.1027954e-17 
   6177.143   5.730891e-16   1.1064449e-17 
   6181.223  5.7808035e-16   1.1074498e-17 
  6185.3027   5.546236e-16  1.09182654e-17 
   6189.383  5.4664404e-16  1.08868954e-17 
   6193.463  5.6212537e-16   1.0964987e-17 
   6197.543  5.7490503e-16   1.0996816e-17 
   6201.623  5.7468025e-16   1.1047235e-17 
   6205.703  5.4793407e-16   1.0883462e-17 
   6209.783  5.6261273e-16   1.1007678e-17 
  6213.8633   5.723111e-16   1.1065626e-17 
  6217.9434  5.9243125e-16   1.1143909e-17 
  6222.0234  5.7503023e-16   1.1087105e-17 
  6226.1035  5.6791156e-16   1.1108587e-17 
  6230.1836   5.521764e-16  1.10858704e-17 
  6234.2637   5.789874e-16   1.1246409e-17 
  6238.3438  5.8232324e-16   1.1298842e-17 
   6242.424  5.6983686e-16   1.1234922e-17 
   6246.504   5.751312e-16  1.12227895e-17 
   6250.584   5.630164e-16   1.1106401e-17 
   6254.664   5.705111e-16     1.11628e-17 
   6258.744    5.86943e-16  1.13316126e-17 
   6262.824  5.5539405e-16   1.1141909e-17 
  6266.9043    5.59564e-16   1.1112478e-17 
  6270.9844  5.5698393e-16   1.1008376e-17 
  6275.0645  5.5692676e-16  1.09157186e-17 
  6279.1445   5.459256e-16  1.08381414e-17 
  6283.2246   5.466437e-16  1.09605385e-17 
   6287.304   5.433288e-16  1.09065766e-17 
  6291.3843  5.7030517e-16    1.120741e-17 
  6295.4644  5.5722957e-16   1.1501808e-17 
  6299.5444  5.6902323e-16   1.1749948e-17 
  6303.6245  5.6329994e-16   1.1782701e-17 
  6307.7046   5.220822e-16   1.1392262e-17 
  6311.7847   5.326329e-16    1.105709e-17 
  6315.8647   5.386803e-16    1.092117e-17 
   6319.945   5.459214e-16   1.0921011e-17 
   6324.025   5.482743e-16  1.10015195e-17 
   6328.105   5.411166e-16  1.10205786e-17 
   6332.185   5.485968e-16  1.10566395e-17 
   6336.265  5.4648014e-16     1.10476e-17 
   6340.345   5.468209e-16   1.0972728e-17 
  6344.4253  5.6853047e-16   1.1071279e-17 
  6348.5054   5.712813e-16   1.1094954e-17 
  6352.5854   5.686433e-16   1.1113448e-17 
  6356.6655   5.769324e-16    1.127499e-17 
  6360.7456   5.620645e-16   1.1298444e-17 
  6364.8257   5.522539e-16    1.123118e-17 
   6368.906  5.5240376e-16   1.1204146e-17 
   6372.986  5.5061197e-16     1.10752e-17 
   6377.066  5.7330287e-16   1.1080553e-17 
   6381.146   5.633941e-16   1.1067814e-17 
   6385.226   5.764044e-16   1.1207309e-17 
  6389.3057  5.5626337e-16   1.0978406e-17 
  6393.3857  5.5227014e-16   1.0998135e-17 
   6397.466   5.710182e-16   1.1070462e-17 
   6401.546  5.5793605e-16   1.1015557e-17 
   6405.626  5.6996757e-16   1.1059182e-17 
   6409.706   5.643522e-16   1.1005481e-17 
   6413.786  5.5989015e-16   1.1050094e-17 
   6417.866  5.8119727e-16   1.1168646e-17 
  6421.9463  5.7051825e-16  1.11110134e-17 
  6426.0264  5.7278247e-16   1.1130775e-17 
  6430.1064  5.6576327e-16   1.1076859e-17 
  6434.1865   5.633086e-16   1.1038046e-17 
  6438.2666  5.5349034e-16   1.0961328e-17 
  6442.3467   5.696298e-16   1.1046143e-17 
   6446.427   5.699619e-16   1.1057302e-17 
   6450.507   5.558569e-16   1.1010632e-17 
   6454.587  5.5230063e-16    1.099082e-17 
   6458.667   5.694079e-16   1.1147687e-17 
   6462.747   5.734279e-16   1.1209528e-17 
   6466.827    5.80455e-16    1.133258e-17 
   6470.907  5.7477406e-16   1.1299169e-17 
  6474.9873  5.4795467e-16   1.1099153e-17 
  6479.0674   5.568894e-16   1.1133504e-17 
  6483.1475  5.3735484e-16   1.0970493e-17 
  6487.2275   5.558516e-16  1.09684885e-17 
  6491.3076   5.628857e-16   1.1066664e-17 
   6495.387   5.263842e-16  1.10010935e-17 
  6499.4673   5.551106e-16  1.12355215e-17 
  6503.5474   5.474403e-16   1.1170587e-17 
  6507.6274   5.340753e-16   1.0985579e-17 
  6511.7075   5.267091e-16  1.09082375e-17 
  6515.7876   5.235765e-16   1.0829321e-17 
  6519.8677   5.237631e-16   1.0825939e-17 
  6523.9478   5.170381e-16   1.0789893e-17 
   6528.028  4.9978983e-16   1.0739341e-17 
   6532.108  5.0155404e-16   1.0812686e-17 
   6536.188   5.040326e-16   1.0818285e-17 
   6540.268  5.1315543e-16  1.08497484e-17 
   6544.348  5.0190445e-16   1.0704933e-17 
   6548.428  5.1919573e-16   1.0873796e-17 
  6552.5083   5.234767e-16   1.0955832e-17 
  6556.5884   5.213311e-16   1.0992836e-17 
  6560.6685  5.1395026e-16   1.1044357e-17 
  6564.7485   5.059807e-16  1.08959605e-17 
  6568.8286   5.033753e-16   1.0865366e-17 
  6572.9087   5.167528e-16   1.0954812e-17 
   6576.989    5.15164e-16   1.0870487e-17 
   6581.069  5.2178924e-16   1.0948141e-17 
   6585.149  5.4055716e-16  1.11142775e-17 
   6589.229  5.5475613e-16   1.1105604e-17 
   6593.309  5.4756736e-16    1.110972e-17 
  6597.3887  5.3366485e-16   1.0942541e-17 
  6601.4688  5.4275447e-16   1.1057832e-17 
   6605.549  5.3356347e-16   1.0996984e-17 
   6609.629   5.473224e-16   1.1099611e-17 
   6613.709  5.5120404e-16   1.1089711e-17 
   6617.789  5.7037176e-16   1.1159699e-17 
   6621.869  5.3614745e-16   1.1011299e-17 
   6625.949   5.430757e-16   1.1045086e-17 
  6630.0293   5.841626e-16   1.1233432e-17 
  6634.1094   5.720397e-16   1.1230221e-17 
  6638.1895   5.803381e-16   1.1266801e-17 
  6642.2695  5.8585844e-16   1.1280323e-17 
  6646.3496  5.7724544e-16   1.1273324e-17 
  6650.4297   6.026452e-16    1.146437e-17 
    6654.51  5.9256254e-16   1.1379853e-17 
    6658.59  5.7721695e-16   1.1282696e-17 
    6662.67   5.678673e-16   1.1274109e-17 
    6666.75   5.917386e-16    1.140765e-17 
    6670.83   5.955215e-16  1.14373635e-17 
    6674.91    5.93491e-16   1.1430843e-17 
    6678.99  5.9759085e-16   1.1459188e-17 
  6683.0703   5.963065e-16   1.1414423e-17 
  6687.1504  5.8122734e-16   1.1370746e-17 
  6691.2305   6.144279e-16   1.1548432e-17 
  6695.3105  6.4327716e-16   1.1646514e-17 
    6699.39  5.9841533e-16   1.1435967e-17 
    6703.47  6.2164404e-16   1.1618138e-17 
  6707.5503   6.292988e-16   1.1613809e-17 
  6711.6304  6.1682575e-16   1.1601407e-17 
  6715.7104  6.5022844e-16   1.1764693e-17 
  6719.7905  6.3894305e-16   1.1697285e-17 
  6723.8706  6.4356976e-16   1.1776039e-17 
  6727.9507  6.2990447e-16   1.1691062e-17 
   6732.031  6.3196826e-16   1.1654405e-17 
   6736.111   6.426202e-16  1.17157106e-17 
   6740.191   6.392012e-16   1.1717461e-17 
   6744.271   6.314492e-16   1.1687766e-17 
   6748.351    6.23406e-16   1.1605906e-17 
   6752.431  6.4618577e-16   1.1803426e-17 
   6756.511  6.3323797e-16   1.1621363e-17 
  6760.5913   6.533024e-16  1.17794945e-17 
  6764.6714   6.573314e-16  1.18108256e-17 
  6768.7515   6.350754e-16   1.1647903e-17 
  6772.8315  6.2428716e-16  1.16048725e-17 
  6776.9116  6.2940837e-16   1.1637713e-17 
  6780.9917   6.330243e-16   1.1662862e-17 
   6785.072   6.318397e-16   1.1682196e-17 
   6789.152   6.131254e-16   1.1608402e-17 
   6793.232  6.2186544e-16   1.1586002e-17 
   6797.312   6.407646e-16   1.1708168e-17 
  6801.3916   6.263251e-16   1.1675039e-17 
  6805.4717  6.0274356e-16  1.15061535e-17 
   6809.552  6.2884843e-16   1.1652529e-17 
   6813.632   5.979987e-16  1.14308966e-17 
   6817.712  6.0844134e-16   1.1556923e-17 
   6821.792  6.0504013e-16   1.1574166e-17 
   6825.872  6.1259625e-16  1.17705866e-17 
   6829.952  6.2653365e-16    1.208791e-17 
   6834.032    6.23808e-16   1.2119398e-17 
  6838.1123  6.0273753e-16   1.1898215e-17 
  6842.1924   5.960449e-16   1.1744951e-17 
  6846.2725  6.0155327e-16    1.167282e-17 
  6850.3525  6.1222366e-16   1.1591041e-17 
  6854.4326   6.108514e-16   1.1611318e-17 
  6858.5127  6.1921433e-16  1.16684835e-17 
   6862.593   6.250415e-16   1.1799322e-17 
   6866.673  6.0809025e-16   1.1511267e-17 
   6870.753   5.745633e-16   1.1092982e-17 
   6874.833  5.5650975e-16  1.06622075e-17 
   6878.913  5.6268203e-16   1.0637395e-17 
   6882.993  6.0601565e-16   1.0908033e-17 
   6887.073   6.030094e-16   1.1021867e-17 
  6891.1533  5.8629614e-16   1.0987257e-17 
  6895.2334   5.731226e-16   1.0980854e-17 
  6899.3135   5.719799e-16   1.0997588e-17 
  6903.3936   5.785042e-16   1.1028311e-17 
   6907.473  5.5498176e-16   1.1028367e-17 
   6911.553  5.8718473e-16   1.1221411e-17 
  6915.6333    5.80864e-16   1.1324242e-17 
  6919.7134  5.9941806e-16  1.15836545e-17 
  6923.7935   5.787365e-16   1.1498328e-17 
  6927.8735   5.803712e-16   1.1479049e-17 
  6931.9536  5.9079585e-16   1.1497383e-17 
  6936.0337  5.7149313e-16  1.13395725e-17 
   6940.114  5.6944305e-16   1.1378346e-17 
   6944.194   5.770217e-16   1.1581034e-17 
   6948.274   5.801782e-16    1.165614e-17 
   6952.354  5.8931576e-16   1.1657895e-17 
   6956.434   5.797813e-16   1.1608027e-17 
   6960.514  5.9284556e-16  1.16196145e-17 
   6964.594  6.4026125e-16   1.1892205e-17 
  6968.6743  6.7228587e-16   1.2048005e-17 
  6972.7544  6.8375835e-16   1.2273339e-17 
  6976.8345  6.1349707e-16   1.1878443e-17 
  6980.9146   5.806487e-16   1.1547389e-17 
  6984.9946  5.6105694e-16  1.14599455e-17 
  6989.0747  5.7252905e-16    1.152752e-17 
   6993.155   5.498517e-16   1.1257098e-17 
   6997.235  5.5029105e-16   1.1188491e-17 
   7001.315  5.7048045e-16   1.1374933e-17 
   7005.395   5.562558e-16  1.13269506e-17 
  7009.4746  5.6503763e-16  1.13438656e-17 
  7013.5547   5.440404e-16   1.1237724e-17 
   7017.635  5.4795864e-16   1.1292433e-17 
   7021.715   5.507072e-16   1.1259859e-17 
   7025.795   5.542397e-16   1.1310738e-17 
   7029.875    5.46095e-16   1.1182582e-17 
   7033.955   5.388107e-16   1.1161274e-17 
   7038.035  5.3574744e-16    1.115943e-17 
   7042.115  5.4318037e-16   1.1282227e-17 
  7046.1953  5.5838704e-16  1.13821715e-17 
  7050.2754  5.5472966e-16    1.138572e-17 
  7054.3555  5.4222534e-16   1.1357727e-17 
  7058.4355   5.438762e-16   1.1320195e-17 
  7062.5156   5.340121e-16   1.1245005e-17 
  7066.5957  5.2553524e-16   1.1168891e-17 
   7070.676   5.461006e-16   1.1348277e-17 
   7074.756   5.376808e-16     1.13134e-17 
   7078.836   5.264733e-16   1.1189971e-17 
   7082.916   5.358707e-16    1.128281e-17 
   7086.996  5.2059693e-16   1.1204046e-17 
   7091.076   5.232255e-16   1.1150818e-17 
  7095.1562  5.4642265e-16  1.13062065e-17 
  7099.2363  5.3518485e-16    1.123149e-17 
  7103.3164  5.0972526e-16   1.1031149e-17 
  7107.3965   4.997584e-16   1.0987223e-17 
   7111.476  5.0059716e-16   1.0963029e-17 
   7115.556   5.174573e-16   1.1122153e-17 
   7119.636  5.2069116e-16   1.1173128e-17 
  7123.7163  5.0906415e-16   1.1066053e-17 
  7127.7964   5.243629e-16   1.1155028e-17 
  7131.8765   5.120358e-16   1.1154142e-17 
  7135.9565   5.274111e-16   1.1248125e-17 
  7140.0366  5.3125134e-16   1.1248899e-17 
  7144.1167  5.1980427e-16   1.1237339e-17 
   7148.197  4.9622673e-16   1.1077711e-17 
   7152.277  5.0871724e-16   1.1105464e-17 
   7156.357  5.1716904e-16   1.1154263e-17 
   7160.437   4.973312e-16   1.1060778e-17 
   7164.517  5.1228283e-16   1.1129454e-17 
   7168.597  5.0707723e-16   1.1049418e-17 
  7172.6772  4.6839996e-16  1.08476656e-17 
  7176.7573  4.8398896e-16   1.0831161e-17 
  7180.8374  5.0154303e-16   1.0903967e-17 
  7184.9175  4.8384036e-16   1.0738659e-17 
  7188.9976  4.5562945e-16   1.0457751e-17 
  7193.0776  4.7958497e-16   1.0701964e-17 
  7197.1577   4.814062e-16   1.0699485e-17 
   7201.238   5.044862e-16   1.0849537e-17 
   7205.318   4.954846e-16   1.0800895e-17 
   7209.398    4.60077e-16   1.0613004e-17 
  7213.4775  4.5968515e-16  1.06544966e-17 
  7217.5576   4.796218e-16   1.0772448e-17 
  7221.6377   4.775431e-16  1.08802565e-17 
   7225.718  4.5486193e-16  1.06565165e-17 
   7229.798   4.498499e-16    1.068586e-17 
   7233.878  4.5899503e-16   1.1034667e-17 
   7237.958    4.66394e-16    1.145615e-17 
   7242.038  4.6031857e-16   1.1769646e-17 
   7246.118   4.852756e-16   1.1873728e-17 
   7250.198  4.7494286e-16   1.1632054e-17 
  7254.2783  4.4761694e-16   1.1104621e-17 
  7258.3584   4.559554e-16   1.0914378e-17 
  7262.4385   4.555409e-16   1.0837104e-17 
  7266.5186  4.6306645e-16   1.0954258e-17 
  7270.5986   4.821478e-16   1.1375992e-17 
  7274.6787    4.65338e-16   1.1603789e-17 
   7278.759    4.76326e-16   1.1952798e-17 
   7282.839    4.86822e-16   1.1982879e-17 
   7286.919  4.8345094e-16   1.1578918e-17 
   7290.999  4.5184983e-16   1.1109821e-17 
   7295.079  4.6999635e-16   1.1058481e-17 
   7299.159   4.937721e-16  1.12362055e-17 
  7303.2393  4.7839484e-16    1.118403e-17 
  7307.3193   4.483069e-16  1.10198465e-17 
  7311.3994   4.649056e-16    1.138694e-17 
  7315.4795   4.571651e-16   1.1498864e-17 
   7319.559   4.511443e-16   1.1529125e-17 
   7323.639  4.8149143e-16   1.1627373e-17 
   7327.719   4.527299e-16  1.12801545e-17 
  7331.7993  4.6617236e-16  1.14133885e-17 
  7335.8794  4.7149194e-16   1.1672293e-17 
  7339.9595  4.6084686e-16   1.1859093e-17 
  7344.0396   5.002269e-16   1.1952993e-17 
  7348.1196   4.522981e-16     1.14917e-17 
  7352.1997   4.801323e-16   1.1360166e-17 
    7356.28   4.925429e-16   1.1394844e-17 
    7360.36   4.852966e-16   1.1497519e-17 
    7364.44   4.621483e-16   1.1587049e-17 
    7368.52  4.4442755e-16   1.1532445e-17 
     7372.6    4.55981e-16   1.1546657e-17 
    7376.68   4.807827e-16   1.1556697e-17 
  7380.7603  4.7015347e-16    1.124762e-17 
  7384.8403   4.596876e-16   1.1093101e-17 
  7388.9204   4.600374e-16   1.1216718e-17 
  7393.0005  4.7557205e-16   1.1459413e-17 
  7397.0806   4.901167e-16   1.1712491e-17 
  7401.1606   4.477758e-16     1.14337e-17 
  7405.2407   4.658483e-16   1.1435438e-17 
   7409.321    4.64267e-16   1.1369606e-17 
   7413.401  4.7712635e-16   1.1296631e-17 
   7417.481   4.739442e-16   1.1212683e-17 
  7421.5605  4.5524516e-16  1.10669495e-17 
  7425.6406  4.4087461e-16   1.1055314e-17 
  7429.7207  4.6594165e-16  1.13596755e-17 
   7433.801  4.8310413e-16   1.1522202e-17 
   7437.881  4.4024037e-16   1.1287796e-17 
   7441.961  4.4085976e-16  1.12264986e-17 
   7446.041   4.588544e-16   1.1352089e-17 
   7450.121  4.7146876e-16   1.1363988e-17 
   7454.201  4.6897356e-16    1.127685e-17 
  7458.2812   4.538848e-16   1.1297196e-17 
