# STATUS =
# OBJECT = 2018hti
# TELESCOPE = ESO-NTT
# INSTRUMENT = EFOSC2-NTT
# DATE-OBS = 2018-11-18 05:25:20.00
# MJD = 58440.22592590004
# EXPTIME = 2700.0
# AIRMASS = --
# SLIT = --
# DISPERSER = --
# SOURCE = --
# FILTER =
# RESOLUTION =
# FLUX_STANDARD =
# EXTINCTION_CORRECTED = --
# PHOTOMETRY_CALIBRATED =
# TELLURIC_CORRECTED =
# FLUX_UNITS = erg cm(-2) sec(-1) Ang(-1)
# WAVE_UNITS = Angstrom
# QUALITY = --
# MIN_WAVE = 3637.0505
# MAX_WAVE = 9233.597
# COMMENT = Released as part of DR4
 Wavelength           Flux           Error 
  3637.0505  1.6720884e-15   1.8613784e-17 
  3642.5698  1.6680555e-15   1.8458534e-17 
   3648.089   1.661991e-15   1.8277858e-17 
  3653.6084  1.6554402e-15   1.8054377e-17 
  3659.1274  1.5932413e-15   1.7582985e-17 
  3664.6467  1.5899456e-15     1.73213e-17 
   3670.166  1.5434604e-15   1.6945576e-17 
  3675.6853  1.5826645e-15   1.6893334e-17 
  3681.2046  1.5479277e-15   1.6605805e-17 
  3686.7239   1.559618e-15     1.65361e-17 
  3692.2432  1.5707286e-15   1.6461473e-17 
  3697.7625  1.5322292e-15   1.6176604e-17 
  3703.2817  1.5559771e-15   1.6059166e-17 
   3708.801  1.5755156e-15   1.5900536e-17 
  3714.3203  1.6006826e-15   1.5842851e-17 
  3719.8396  1.5823398e-15    1.557945e-17 
   3725.359  1.5963664e-15   1.5431137e-17 
  3730.8782  1.5888756e-15   1.5308749e-17 
  3736.3975  1.5808773e-15   1.5112682e-17 
  3741.9167  1.5546389e-15   1.4925362e-17 
   3747.436  1.5689358e-15   1.4828873e-17 
  3752.9553  1.5453893e-15    1.464766e-17 
  3758.4746  1.5605578e-15   1.4650485e-17 
   3763.994  1.5491478e-15   1.4536942e-17 
  3769.5132  1.5447601e-15     1.44981e-17 
  3775.0325  1.5101814e-15   1.4322781e-17 
  3780.5515  1.4855291e-15   1.4082308e-17 
  3786.0708  1.4790079e-15  1.38634544e-17 
    3791.59  1.4356242e-15   1.3571214e-17 
  3797.1094  1.4375243e-15   1.3500613e-17 
  3802.6287  1.4174767e-15   1.3353532e-17 
   3808.148  1.4099752e-15   1.3183322e-17 
  3813.6672  1.3866531e-15   1.2960577e-17 
  3819.1865  1.3564105e-15   1.2653489e-17 
  3824.7058  1.3844057e-15   1.2583422e-17 
   3830.225  1.4025474e-15   1.2560418e-17 
  3835.7444  1.4104343e-15   1.2570312e-17 
  3841.2637  1.4038118e-15   1.2551394e-17 
   3846.783  1.4227636e-15   1.2589188e-17 
  3852.3022   1.427391e-15   1.2577395e-17 
  3857.8215  1.4225883e-15   1.2413822e-17 
  3863.3408  1.4056077e-15   1.2256879e-17 
    3868.86  1.4138091e-15  1.22262944e-17 
  3874.3794  1.4420783e-15    1.222376e-17 
  3879.8987  1.4354482e-15   1.2138191e-17 
   3885.418  1.4299334e-15   1.2113363e-17 
  3890.9373   1.451216e-15   1.2161927e-17 
  3896.4565  1.4769356e-15   1.2261236e-17 
  3901.9756  1.5113085e-15    1.236602e-17 
  3907.4949  1.4938853e-15  1.23056285e-17 
  3913.0142  1.4972808e-15   1.2251219e-17 
  3918.5334  1.5056797e-15   1.2140088e-17 
  3924.0527  1.5120838e-15   1.1910838e-17 
   3929.572   1.538999e-15   1.1793179e-17 
  3935.0913  1.5173391e-15  1.16624004e-17 
  3940.6106  1.5292513e-15   1.1767322e-17 
    3946.13  1.5325697e-15   1.1891217e-17 
  3951.6492  1.5528362e-15   1.1972779e-17 
  3957.1685  1.5378577e-15   1.1814607e-17 
  3962.6877  1.5299381e-15  1.16022445e-17 
   3968.207  1.4793118e-15  1.13384236e-17 
  3973.7263  1.4871503e-15  1.13801896e-17 
  3979.2456  1.4798517e-15   1.1529086e-17 
   3984.765  1.4990318e-15   1.1682985e-17 
  3990.2842  1.4970528e-15   1.1702031e-17 
  3995.8035  1.4607758e-15   1.1591672e-17 
  4001.3228  1.4716625e-15   1.1598408e-17 
   4006.842  1.4508422e-15   1.1517992e-17 
  4012.3613  1.4254959e-15  1.14346826e-17 
  4017.8806   1.412102e-15  1.13874936e-17 
  4023.3997  1.4268506e-15   1.1363559e-17 
   4028.919  1.4295614e-15   1.1313088e-17 
  4034.4382  1.3807974e-15   1.1131707e-17 
  4039.9575  1.4027871e-15    1.112706e-17 
  4045.4768  1.3426868e-15  1.09334814e-17 
   4050.996  1.3470237e-15   1.0909518e-17 
  4056.5154  1.3624424e-15    1.088859e-17 
  4062.0347  1.3299415e-15   1.0748015e-17 
   4067.554  1.3305672e-15   1.0716325e-17 
  4073.0732  1.3206212e-15   1.0640807e-17 
  4078.5925  1.3198358e-15    1.061594e-17 
  4084.1118  1.3333116e-15   1.0660847e-17 
   4089.631  1.3465642e-15   1.0687583e-17 
  4095.1504   1.357581e-15   1.0649083e-17 
  4100.6694  1.3835455e-15   1.0639841e-17 
   4106.189  1.4069664e-15   1.0662187e-17 
   4111.708  1.4237019e-15   1.0735614e-17 
  4117.2275   1.443237e-15    1.081712e-17 
  4122.7466    1.42542e-15   1.0748982e-17 
   4128.266  1.4059815e-15   1.0637653e-17 
   4133.785  1.4159535e-15   1.0632835e-17 
  4139.3047  1.4176863e-15    1.059449e-17 
  4144.8237  1.3883442e-15  1.04950476e-17 
  4150.3433  1.3845911e-15  1.04461025e-17 
  4155.8623  1.3781711e-15   1.0429127e-17 
   4161.382  1.3549659e-15   1.0344865e-17 
   4166.901  1.3503655e-15   1.0307679e-17 
  4172.4204  1.3273606e-15   1.0215854e-17 
  4177.9395  1.3083718e-15   1.0099948e-17 
   4183.459  1.2727283e-15    9.978032e-18 
   4188.978  1.2597202e-15   9.9005355e-18 
  4194.4976  1.2601728e-15    9.852936e-18 
  4200.0166  1.2291004e-15    9.731482e-18 
  4205.5356  1.2306756e-15    9.726225e-18 
   4211.055  1.2284607e-15    9.701763e-18 
   4216.574  1.2305293e-15   9.7215105e-18 
  4222.0938  1.2475816e-15     9.69268e-18 
   4227.613  1.2390482e-15    9.625259e-18 
  4233.1323   1.237619e-15    9.585029e-18 
  4238.6514  1.2455085e-15    9.620743e-18 
   4244.171  1.2654724e-15    9.638916e-18 
    4249.69  1.2813119e-15    9.677467e-18 
  4255.2095  1.2759396e-15    9.640877e-18 
  4260.7285  1.3027362e-15    9.688559e-18 
   4266.248  1.3176997e-15    9.690337e-18 
   4271.767  1.3068338e-15    9.637898e-18 
  4277.2866  1.3064361e-15    9.628743e-18 
  4282.8057   1.325843e-15    9.633107e-18 
   4288.325  1.3168181e-15    9.593541e-18 
   4293.844  1.3117114e-15     9.53539e-18 
   4299.364   1.334388e-15    9.504077e-18 
   4304.883  1.3473073e-15    9.459192e-18 
  4310.4023  1.3499347e-15    9.465068e-18 
  4315.9214  1.3835916e-15    9.604116e-18 
   4321.441  1.3782524e-15    9.662868e-18 
    4326.96  1.3540614e-15    9.639709e-18 
   4332.479  1.3451353e-15   9.5782204e-18 
  4337.9985  1.3664754e-15    9.609509e-18 
  4343.5176   1.363491e-15    9.588817e-18 
   4349.037  1.3444262e-15    9.519901e-18 
   4354.556  1.3393999e-15     9.50495e-18 
  4360.0757  1.3305494e-15    9.526725e-18 
  4365.5947  1.3012508e-15   9.4503375e-18 
  4371.1143  1.2957886e-15     9.41538e-18 
  4376.6333  1.2609197e-15   9.2746964e-18 
   4382.153  1.2415028e-15    9.157396e-18 
   4387.672  1.2106035e-15   9.0445765e-18 
  4393.1914  1.1927068e-15    8.992626e-18 
  4398.7104  1.1744242e-15    8.938483e-18 
    4404.23  1.1529018e-15   8.8926374e-18 
   4409.749  1.1033754e-15   8.7807075e-18 
  4415.2686  1.0903328e-15    8.733006e-18 
  4420.7876  1.0573612e-15    8.663144e-18 
   4426.307  1.0217621e-15    8.559668e-18 
   4431.826   9.904026e-16    8.444048e-18 
  4437.3457   9.737662e-16      8.4001e-18 
  4442.8647   9.548813e-16    8.321388e-18 
   4448.384   9.710563e-16    8.333138e-18 
  4453.9033   9.693457e-16   8.2935726e-18 
  4459.4224   9.877591e-16    8.313568e-18 
   4464.942   9.820603e-16    8.285999e-18 
   4470.461   9.813398e-16    8.305589e-18 
  4475.9805  1.0106733e-15    8.397983e-18 
  4481.4995    9.90174e-16    8.326445e-18 
   4487.019  1.0001715e-15    8.361929e-18 
   4492.538  1.0218971e-15   8.4017355e-18 
  4498.0576  1.0194634e-15    8.419316e-18 
  4503.5767  1.0341806e-15    8.476287e-18 
   4509.096  1.0280166e-15    8.447719e-18 
   4514.615  1.0294672e-15     8.44419e-18 
   4520.135    1.03427e-15    8.448595e-18 
   4525.654  1.0591915e-15    8.464025e-18 
  4531.1733  1.0453585e-15   8.4119446e-18 
  4536.6924   1.064423e-15    8.459096e-18 
   4542.212  1.0735041e-15    8.476469e-18 
   4547.731  1.0864426e-15     8.52344e-18 
  4553.2505   1.097646e-15    8.545668e-18 
  4558.7695  1.1108419e-15   8.5670335e-18 
   4564.289  1.1341178e-15    8.632799e-18 
   4569.808  1.1676142e-15    8.718793e-18 
   4575.327  1.1785718e-15    8.713228e-18 
  4580.8467  1.1715749e-15    8.713094e-18 
  4586.3657  1.1830274e-15   8.7134395e-18 
  4591.8853  1.1945956e-15    8.732577e-18 
  4597.4043  1.2008522e-15     8.73434e-18 
   4602.924  1.1893657e-15    8.708114e-18 
   4608.443   1.191732e-15    8.706598e-18 
  4613.9624   1.212053e-15   8.7685546e-18 
  4619.4814  1.2238845e-15    8.795404e-18 
   4625.001  1.2419721e-15     8.82746e-18 
    4630.52  1.2382233e-15    8.827734e-18 
  4636.0396  1.2371133e-15    8.789159e-18 
  4641.5586  1.2238326e-15    8.745793e-18 
   4647.078  1.2170455e-15    8.700437e-18 
   4652.597  1.2090963e-15   8.6810595e-18 
  4658.1167  1.2171321e-15    8.683014e-18 
  4663.6357  1.1997608e-15    8.636061e-18 
  4669.1553  1.1775763e-15    8.564441e-18 
  4674.6743   1.155757e-15   8.4766235e-18 
   4680.194  1.1442044e-15    8.443422e-18 
   4685.713  1.1184758e-15    8.383936e-18 
   4691.232  1.1044873e-15    8.338796e-18 
  4696.7515  1.0794999e-15   8.2471975e-18 
  4702.2705  1.0535268e-15    8.131157e-18 
    4707.79  1.0426609e-15    8.102763e-18 
   4713.309  1.0237798e-15    8.051285e-18 
  4718.8286   9.967113e-16    7.982126e-18 
  4724.3477   9.846337e-16    7.941278e-18 
   4729.867   9.539076e-16    7.841696e-18 
   4735.386      9.385e-16    7.796906e-18 
   4740.906   9.381102e-16    7.777994e-18 
   4746.425   9.201693e-16    7.727767e-18 
  4751.9443   9.031546e-16    7.674525e-18 
  4757.4634  8.8222113e-16    7.595324e-18 
   4762.983   8.810027e-16   7.5715746e-18 
   4768.502    8.69766e-16   7.5438136e-18 
  4774.0215  8.8270807e-16    7.573584e-18 
  4779.5405  8.7756727e-16    7.574199e-18 
    4785.06   8.974514e-16     7.61806e-18 
   4790.579   8.960961e-16    7.620264e-18 
  4796.0986   9.179915e-16   7.6631526e-18 
  4801.6177   9.175385e-16    7.671238e-18 
   4807.137   9.532814e-16   7.7689796e-18 
  4812.6562   9.510937e-16    7.780769e-18 
  4818.1753   9.621172e-16    7.783642e-18 
   4823.695   9.779671e-16    7.865971e-18 
   4829.214   9.979088e-16    7.918399e-18 
  4834.7334  1.0125586e-15   7.9337755e-18 
  4840.2524  1.0208355e-15    7.941496e-18 
   4845.772  1.0473363e-15    7.997087e-18 
   4851.291   1.061582e-15    8.015618e-18 
  4856.8105  1.0853161e-15    8.039207e-18 
  4862.3296  1.1028395e-15    8.048145e-18 
   4867.849  1.1126749e-15    8.054413e-18 
   4873.368  1.1125578e-15    8.078533e-18 
  4878.8877  1.1297025e-15    8.157718e-18 
  4884.4067  1.1438437e-15    8.205266e-18 
  4889.9263  1.1438338e-15   8.2154544e-18 
  4895.4453  1.1417246e-15    8.219252e-18 
   4900.965  1.1486854e-15   8.2369694e-18 
   4906.484  1.1730129e-15    8.308173e-18 
  4912.0034  1.1746553e-15    8.287663e-18 
  4917.5225  1.1752185e-15    8.260489e-18 
   4923.042  1.1845875e-15    8.280191e-18 
   4928.561  1.1824501e-15    8.281046e-18 
    4934.08  1.1950471e-15    8.313659e-18 
  4939.5996  1.1837488e-15    8.300091e-18 
  4945.1187  1.1742991e-15    8.267472e-18 
   4950.638  1.1727766e-15    8.270016e-18 
   4956.157  1.1820666e-15    8.283564e-18 
   4961.677  1.1782972e-15    8.261278e-18 
   4967.196  1.1343097e-15   8.1536715e-18 
  4972.7153  1.1446801e-15   8.1756886e-18 
  4978.2344  1.1382837e-15    8.152291e-18 
   4983.754  1.1339244e-15    8.132092e-18 
   4989.273  1.1377916e-15    8.125807e-18 
  4994.7925  1.1176015e-15    8.073631e-18 
  5000.3115  1.1238028e-15     8.07918e-18 
   5005.831  1.1263499e-15    8.061679e-18 
    5011.35  1.1167837e-15    8.034237e-18 
  5016.8696  1.1134373e-15   8.0104485e-18 
  5022.3887  1.0913436e-15    7.929579e-18 
   5027.908  1.0868914e-15    7.933522e-18 
  5033.4272  1.0730748e-15    7.889348e-18 
   5038.947  1.0714745e-15     7.87919e-18 
   5044.466  1.0504249e-15    7.827224e-18 
  5049.9854  1.0583888e-15   7.8331415e-18 
  5055.5044  1.0594699e-15    7.841313e-18 
  5061.0234  1.0477673e-15     7.81359e-18 
   5066.543  1.0430005e-15    7.804863e-18 
   5072.062  1.0453099e-15    7.792119e-18 
  5077.5815  1.0451598e-15    7.782949e-18 
  5083.1006  1.0436332e-15    7.779836e-18 
    5088.62  1.0429198e-15    7.781628e-18 
   5094.139  1.0439268e-15    7.797126e-18 
  5099.6587  1.0484625e-15     7.80309e-18 
  5105.1777  1.0438754e-15    7.782332e-18 
  5110.6973  1.0448167e-15    7.772878e-18 
  5116.2163  1.0417921e-15    7.773915e-18 
   5121.736  1.0335388e-15   7.7480585e-18 
   5127.255  1.0316502e-15    7.715958e-18 
  5132.7744  1.0459311e-15    7.743041e-18 
  5138.2935  1.0466272e-15   7.7464075e-18 
   5143.813  1.0301361e-15    7.706771e-18 
   5149.332  1.0427957e-15    7.724036e-18 
  5154.8516  1.0517404e-15    7.763097e-18 
  5160.3706  1.0373008e-15    7.707015e-18 
    5165.89  1.0398606e-15    7.689286e-18 
   5171.409  1.0365812e-15    7.652852e-18 
   5176.928  1.0109621e-15    7.557092e-18 
  5182.4478  1.0171615e-15     7.58325e-18 
   5187.967  1.0234305e-15    7.612897e-18 
  5193.4863  1.0228243e-15    7.628543e-18 
  5199.0054   1.025396e-15    7.648839e-18 
   5204.525   1.015231e-15    7.636064e-18 
   5210.044   9.975982e-16     7.58239e-18 
  5215.5635  1.0097696e-15    7.612345e-18 
  5221.0825   9.934175e-16   7.5580485e-18 
   5226.602  1.0096783e-15    7.593133e-18 
   5232.121  1.0045466e-15    7.587536e-18 
  5237.6406   9.985674e-16    7.568114e-18 
  5243.1597   9.841916e-16    7.534552e-18 
   5248.679   9.838088e-16    7.546007e-18 
   5254.198   9.929594e-16    7.553887e-18 
   5259.718    9.97299e-16    7.552394e-18 
   5265.237  1.0096552e-15   7.5637106e-18 
  5270.7563  1.0206218e-15    7.582942e-18 
  5276.2754   9.897393e-16    7.484762e-18 
   5281.795   9.816593e-16    7.487584e-18 
   5287.314   9.590754e-16    7.424204e-18 
  5292.8335   9.411321e-16    7.383619e-18 
  5298.3525   9.629616e-16    7.461957e-18 
  5303.8716   9.607776e-16    7.440437e-18 
   5309.391  1.0001087e-15   7.5731876e-18 
    5314.91  1.0548354e-15    7.726588e-18 
  5320.4297  1.0851663e-15   7.7910496e-18 
  5325.9487  1.0409712e-15    7.662642e-18 
  5331.4683   9.518902e-16    7.399521e-18 
  5336.9873   9.550413e-16     7.39692e-18 
   5342.507   9.603913e-16    7.429096e-18 
   5348.026   9.620969e-16    7.440864e-18 
  5353.5454   9.606674e-16    7.445317e-18 
  5359.0645   9.601081e-16    7.438437e-18 
   5364.584   9.479457e-16   7.3963835e-18 
   5370.103   9.693009e-16    7.449744e-18 
  5375.6226   9.614352e-16    7.424134e-18 
  5381.1416   9.526755e-16    7.403812e-18 
   5386.661   9.763366e-16    7.462014e-18 
    5392.18   9.694656e-16    7.433489e-18 
  5397.6997   9.601596e-16    7.393353e-18 
  5403.2188    9.72802e-16   7.4216605e-18 
  5408.7383   9.695802e-16   7.4129925e-18 
  5414.2573   9.404985e-16    7.345912e-18 
  5419.7764    9.50005e-16    7.362705e-18 
   5425.296   9.662523e-16    7.417843e-18 
   5430.815   9.542145e-16    7.388372e-18 
  5436.3345   9.547324e-16    7.387136e-18 
  5441.8535   9.554991e-16    7.392773e-18 
   5447.373   9.400245e-16    7.357714e-18 
   5452.892    9.47008e-16    7.375492e-18 
  5458.4116    9.29727e-16   7.3133156e-18 
  5463.9307   9.400534e-16   7.3568674e-18 
    5469.45   9.387224e-16    7.354432e-18 
   5474.969   9.528249e-16    7.394369e-18 
   5480.489   9.487755e-16    7.376819e-18 
   5486.008    9.45691e-16    7.363606e-18 
  5491.5273   9.416412e-16    7.355505e-18 
  5497.0464   9.329344e-16   7.3366305e-18 
   5502.566    9.39003e-16    7.357491e-18 
   5508.085   9.424953e-16   7.3713745e-18 
  5513.6045   9.414805e-16    7.378658e-18 
  5519.1235   9.317873e-16    7.346969e-18 
   5524.643   9.238011e-16   7.3145844e-18 
   5530.162    9.27914e-16    7.317311e-18 
  5535.6816   9.463332e-16    7.382211e-18 
  5541.2007   9.212971e-16    8.204378e-18 
  5546.7197   9.354404e-16    7.359731e-18 
  5552.2393   9.272209e-16   7.3320884e-18 
  5557.7583   9.133517e-16   7.2772596e-18 
   5563.278   9.336828e-16     7.45841e-18 
   5568.797   9.122209e-16      8.0369e-18 
  5574.3164   8.981424e-16    8.540207e-18 
  5579.8354   9.099952e-16    8.573293e-18 
   5585.355   9.138353e-16    8.394186e-18 
   5590.874   8.957618e-16    7.543868e-18 
  5596.3936   8.889495e-16   7.1941585e-18 
  5601.9126   8.930402e-16    7.209829e-18 
   5607.432   8.931143e-16    7.207614e-18 
   5612.951   8.897568e-16    7.198825e-18 
  5618.4707   8.874204e-16    7.185089e-18 
  5623.9897   8.763847e-16   7.1469935e-18 
  5629.5093  8.7414663e-16    7.139411e-18 
  5635.0283  8.6226196e-16    7.109909e-18 
   5640.548   8.761142e-16     7.13734e-18 
   5646.067  8.7506016e-16    7.144929e-18 
  5651.5864   8.748721e-16    7.127863e-18 
  5657.1055  8.6377217e-16    7.101208e-18 
  5662.6245   8.601607e-16    7.082701e-18 
   5668.144  8.6519445e-16   7.0950995e-18 
   5673.663   8.538095e-16    7.079774e-18 
  5679.1826    8.60089e-16    7.087506e-18 
  5684.7017   8.586938e-16     7.10325e-18 
   5690.221  8.5400525e-16    7.079527e-18 
    5695.74   8.562581e-16     7.07519e-18 
    5701.26  8.4554476e-16    7.044328e-18 
   5706.779   8.343052e-16    7.001389e-18 
  5712.2983   8.242907e-16   6.9509765e-18 
  5717.8174  8.2561286e-16    6.964264e-18 
   5723.337  8.2117277e-16    6.963054e-18 
   5728.856   8.228678e-16   6.9552415e-18 
  5734.3755  8.2223913e-16    6.957939e-18 
  5739.8945   8.157635e-16   6.9318773e-18 
   5745.414  8.0656473e-16   6.9071178e-18 
   5750.933   8.140188e-16   6.9136384e-18 
  5756.4526  8.0569763e-16   6.9065094e-18 
  5761.9717   8.109913e-16    6.915592e-18 
   5767.491   8.085005e-16   6.9048893e-18 
  5773.0103   7.910531e-16    6.849189e-18 
    5778.53  7.6666916e-16   6.7488727e-18 
   5784.049  7.5693723e-16    6.711594e-18 
   5789.568    7.53525e-16   6.7050553e-18 
  5795.0874  7.7719323e-16   6.7802886e-18 
  5800.6064   7.747549e-16    6.789507e-18 
   5806.126   7.684528e-16   6.7750303e-18 
   5811.645   7.697334e-16   6.7708617e-18 
  5817.1646  7.8632954e-16    6.828805e-18 
  5822.6836  7.7299957e-16   6.7942957e-18 
   5828.203   7.660691e-16    6.775543e-18 
   5833.722   7.647376e-16   6.7588076e-18 
  5839.2417   7.795307e-16    6.812692e-18 
  5844.7607  7.4543574e-16   6.6938466e-18 
  5850.2803   7.327208e-16    6.657113e-18 
  5855.7993   7.381242e-16   6.6920942e-18 
   5861.319   7.428567e-16   6.7208164e-18 
   5866.838  7.4769075e-16   6.7463887e-18 
  5872.3574   7.340961e-16   6.6975946e-18 
  5877.8765   7.422922e-16    6.738787e-18 
   5883.396   7.401068e-16     6.80704e-18 
   5888.915  7.4102937e-16   6.8585006e-18 
  5894.4346  7.0632113e-16    6.747595e-18 
  5899.9536  6.9609014e-16    6.656028e-18 
  5905.4727   7.240508e-16    6.660699e-18 
   5910.992  7.6506356e-16   6.7542883e-18 
   5916.511   7.504324e-16   6.7344186e-18 
   5922.031    7.52797e-16   6.7465876e-18 
    5927.55   7.719705e-16   6.7910027e-18 
  5933.0693  7.6747146e-16    6.781336e-18 
  5938.5884  7.6495535e-16    6.766094e-18 
   5944.108   7.629679e-16    6.763942e-18 
   5949.627  7.6274803e-16    6.749917e-18 
  5955.1465   7.717418e-16   6.7795343e-18 
  5960.6655   7.640191e-16    6.756951e-18 
   5966.185  7.5742967e-16   6.7313013e-18 
   5971.704   7.614711e-16   6.7485605e-18 
  5977.2236  7.6933573e-16    6.769184e-18 
  5982.7427   7.539499e-16    6.701322e-18 
   5988.262  7.4830247e-16   6.6934533e-18 
  5993.7812  7.5535857e-16   6.7055582e-18 
   5999.301   7.574679e-16   6.7047894e-18 
    6004.82  7.5303077e-16   6.6792647e-18 
  6010.3394   7.417182e-16   6.6495953e-18 
  6015.8584  7.5042386e-16    6.671534e-18 
   6021.378  7.5342945e-16   6.6729152e-18 
   6026.897   7.448122e-16    6.658264e-18 
   6032.416   7.382661e-16   6.6431123e-18 
  6037.9355   7.455418e-16   6.6679348e-18 
  6043.4546    7.51581e-16   6.6698125e-18 
   6048.974  7.4535855e-16   6.6441087e-18 
   6054.493  7.4771357e-16   6.6579503e-18 
  6060.0127   7.523916e-16   6.6711682e-18 
  6065.5317  7.4486034e-16   6.6549257e-18 
  6071.0513   7.422056e-16   6.6437273e-18 
  6076.5703   7.445435e-16   6.6514156e-18 
    6082.09   7.333111e-16    6.590754e-18 
   6087.609   7.410904e-16   6.6140477e-18 
  6093.1284  7.4712626e-16    6.637491e-18 
  6098.6475  7.4358285e-16    6.622239e-18 
   6104.167   7.512292e-16   6.6523767e-18 
   6109.686  7.4098125e-16   6.6260997e-18 
  6115.2056  7.3314545e-16    6.597113e-18 
  6120.7246  7.2828925e-16   6.5764515e-18 
   6126.244  7.3642924e-16    6.613669e-18 
   6131.763   7.346912e-16   6.6097596e-18 
  6137.2827  7.3057846e-16   6.5936233e-18 
   6142.802  7.1688856e-16     6.56245e-18 
   6148.321  7.2465474e-16   6.5810026e-18 
  6153.8403  7.2668735e-16   6.5754663e-18 
  6159.3594  7.2819544e-16   6.5703097e-18 
   6164.879  7.1979023e-16    6.551661e-18 
   6170.398  7.1317554e-16    6.533694e-18 
  6175.9175  7.1135383e-16   6.5309557e-18 
  6181.4365  7.0879505e-16   6.5496996e-18 
   6186.956   7.145156e-16    6.525595e-18 
   6192.475  7.0219015e-16    6.586067e-18 
  6197.9946   6.978116e-16   6.4836546e-18 
  6203.5137   6.906731e-16    6.462234e-18 
   6209.033  7.0278493e-16   6.5074874e-18 
  6214.5522    6.85185e-16   6.4451246e-18 
   6220.072  6.8639124e-16    6.453512e-18 
   6225.591  6.9992964e-16    6.534651e-18 
  6231.1104   6.975937e-16   6.5547438e-18 
  6236.6294   6.892869e-16   6.5343645e-18 
   6242.149  6.8644185e-16    6.530426e-18 
   6247.668   6.932471e-16    6.520596e-18 
  6253.1875  7.0006267e-16   6.5310744e-18 
  6258.7065   6.764727e-16    6.477847e-18 
   6264.226  6.6988665e-16    6.450037e-18 
   6269.745   6.759719e-16    6.416361e-18 
   6275.264   6.609123e-16    6.333171e-18 
  6280.7837   6.352412e-16   6.2553044e-18 
  6286.3027   6.243736e-16    6.234339e-18 
  6291.8223  6.2293503e-16    6.326512e-18 
  6297.3413  6.4894116e-16   6.4898283e-18 
   6302.861   6.599264e-16   6.5308163e-18 
    6308.38  6.5972596e-16   6.4870217e-18 
  6313.8994  6.7128796e-16    6.437297e-18 
  6319.4185   6.614639e-16    6.375621e-18 
   6324.938  6.5141064e-16    6.357146e-18 
   6330.457   6.572999e-16    6.377111e-18 
  6335.9766  6.5872916e-16    6.374613e-18 
  6341.4956   6.581408e-16   6.3576006e-18 
   6347.015   6.575669e-16   6.3651838e-18 
   6352.534   6.584902e-16   6.3932765e-18 
  6358.0537    6.58053e-16    6.414789e-18 
  6363.5728   6.415182e-16   6.3535946e-18 
  6369.0923  6.4919114e-16   6.3538783e-18 
  6374.6113  6.7521057e-16   6.4198372e-18 
   6380.131   6.609956e-16   6.3567432e-18 
    6385.65   6.493199e-16   6.3179617e-18 
   6391.169   6.468872e-16      6.2853e-18 
  6396.6885  6.5434857e-16     6.31505e-18 
  6402.2075  6.5553357e-16    6.290503e-18 
   6407.727   6.499229e-16   6.2926508e-18 
   6413.246  6.4417597e-16   6.2742117e-18 
  6418.7656   6.382276e-16   6.2524465e-18 
  6424.2847  6.3485744e-16    6.244983e-18 
   6429.804  6.3434334e-16     6.23317e-18 
   6435.323   6.265569e-16    6.210722e-18 
   6440.843  6.2333774e-16   6.1965283e-18 
   6446.362  6.1812796e-16   6.1830556e-18 
  6451.8813  6.2367883e-16     6.19469e-18 
  6457.4004   6.162268e-16   6.1939425e-18 
    6462.92   6.090806e-16    6.212888e-18 
   6468.439  6.1459837e-16   6.2168823e-18 
  6473.9585  6.1405156e-16     6.21249e-18 
  6479.4775  6.2245577e-16   6.1904894e-18 
   6484.997  6.1488853e-16   6.1392352e-18 
   6490.516    6.10185e-16   6.1643216e-18 
  6496.0356   6.006546e-16    6.146794e-18 
  6501.5547  6.0651916e-16    6.176889e-18 
   6507.074   6.057166e-16   6.1674814e-18 
  6512.5933  6.0795234e-16    6.130965e-18 
  6518.1123  6.0903755e-16   6.1582947e-18 
   6523.632   6.031618e-16   6.1673987e-18 
   6529.151   6.033974e-16    6.158692e-18 
  6534.6704   5.928286e-16    6.111533e-18 
  6540.1895   5.835592e-16   6.0944298e-18 
   6545.709   5.916696e-16       6.134e-18 
   6551.228   5.904501e-16   6.1085427e-18 
  6556.7476  5.9278426e-16   6.0932262e-18 
  6562.2666   6.016072e-16    6.110591e-18 
   6567.786  5.9686023e-16   6.0892864e-18 
   6573.305   5.851499e-16    6.067277e-18 
  6578.8247  5.8110304e-16   6.0458743e-18 
  6584.3438    5.79486e-16   6.0340133e-18 
  6589.8633   5.753211e-16   6.0157558e-18 
  6595.3823  5.8317816e-16    6.031057e-18 
   6600.902  5.7020707e-16   5.9964204e-18 
   6606.421  5.7025387e-16   6.0020697e-18 
  6611.9404  5.7015974e-16   5.9947185e-18 
  6617.4595   5.763331e-16    5.988749e-18 
   6622.979  5.6228323e-16   6.4279527e-18 
   6628.498  5.7608394e-16    5.998699e-18 
   6634.017    5.68515e-16    6.011735e-18 
  6639.5366   5.627885e-16    6.116633e-18 
  6645.0557   5.583224e-16    5.933659e-18 
   6650.575  5.5904873e-16   5.9380236e-18 
   6656.094    5.43272e-16    5.866856e-18 
   6661.614  5.4042285e-16    5.844463e-18 
   6667.133  5.6614004e-16   5.9499436e-18 
  6672.6523   5.489605e-16    5.889425e-18 
  6678.1714   5.435201e-16   5.8618133e-18 
   6683.691  5.4560637e-16    5.878947e-18 
    6689.21  5.5172407e-16    5.895592e-18 
  6694.7295   5.302901e-16   5.8455634e-18 
  6700.2485   5.358253e-16    5.853864e-18 
   6705.768   5.380539e-16   5.8627754e-18 
   6711.287  5.3002007e-16    5.826718e-18 
  6716.8066     5.4374e-16    5.864672e-18 
  6722.3257  5.4481265e-16    5.876639e-18 
   6727.845  5.3416534e-16    5.817838e-18 
  6733.3643  5.3835715e-16   5.8376047e-18 
   6738.884   5.496344e-16    5.896233e-18 
   6744.403   5.433221e-16    5.868819e-18 
   6749.922  5.4276177e-16   5.8615445e-18 
  6755.4414  5.5217765e-16   5.9069542e-18 
  6760.9604   5.568893e-16    5.928091e-18 
    6766.48  5.5404764e-16    5.930051e-18 
   6771.999   5.459847e-16    5.883531e-18 
  6777.5186   5.594257e-16   5.9458417e-18 
  6783.0376  5.5337404e-16    5.912858e-18 
   6788.557  5.5985225e-16   5.9543674e-18 
   6794.076    5.61183e-16    5.959294e-18 
  6799.5957  5.5086327e-16   5.9142736e-18 
  6805.1147   5.781502e-16    6.020863e-18 
  6810.6343  5.7027764e-16    6.006141e-18 
  6816.1533  5.8028004e-16    6.037468e-18 
   6821.673  5.6954495e-16    6.083496e-18 
   6827.192  5.7042423e-16   6.1769435e-18 
  6832.7114  5.7418765e-16   6.2168835e-18 
  6838.2305   5.936562e-16    6.273688e-18 
    6843.75   5.684463e-16    6.087357e-18 
   6849.269   5.623978e-16    5.989425e-18 
  6854.7886   5.845495e-16   6.1071233e-18 
  6860.3076    5.97602e-16     6.11479e-18 
   6865.827  6.1061393e-16   6.0204207e-18 
   6871.346  5.9488384e-16   5.8489408e-18 
   6876.865  5.1445017e-16   5.4856753e-18 
   6882.385   5.216167e-16   5.5023033e-18 
   6887.904   5.728038e-16    5.751692e-18 
  6893.4233   5.697437e-16   5.7785187e-18 
  6898.9424   5.503891e-16    5.732262e-18 
   6904.462   5.541018e-16   5.7902713e-18 
   6909.981  5.7348043e-16     5.92073e-18 
  6915.5005   5.723914e-16   5.9932226e-18 
  6921.0195  5.7593635e-16   6.0651364e-18 
   6926.539  5.9198704e-16    6.106344e-18 
   6932.058   5.810891e-16   6.0812213e-18 
  6937.5776   5.829663e-16    6.083926e-18 
  6943.0967   5.811262e-16    6.124161e-18 
   6948.616   5.908728e-16   6.1658386e-18 
  6954.1353   5.950782e-16   6.1669185e-18 
   6959.655    6.30944e-16    6.319318e-18 
   6965.174  6.5765205e-16   6.3839293e-18 
  6970.6934    7.01678e-16   6.5858073e-18 
  6976.2124  6.8461533e-16   6.5454872e-18 
   6981.732  5.9521815e-16   6.1906044e-18 
   6987.251  6.0031517e-16   6.1712037e-18 
    6992.77  6.0901844e-16    6.168457e-18 
  6998.2896   6.020698e-16    6.134439e-18 
  7003.8086   5.841621e-16     6.09601e-18 
   7009.328  5.9438975e-16    6.129702e-18 
   7014.847   5.793831e-16   6.0731456e-18 
  7020.3667   5.709396e-16   6.0348608e-18 
  7025.8857  5.6361556e-16     5.98799e-18 
  7031.4053   5.701163e-16    6.017117e-18 
  7036.9243    5.93046e-16    6.113563e-18 
   7042.444  5.7842144e-16   6.0869595e-18 
   7047.963  5.6739587e-16    6.069431e-18 
  7053.4824  5.7902585e-16   6.1175408e-18 
  7059.0015   5.871074e-16   6.1383162e-18 
   7064.521   5.894158e-16   6.1292876e-18 
    7070.04   5.789248e-16     6.10338e-18 
  7075.5596   5.723723e-16    6.091407e-18 
  7081.0786   5.671765e-16    6.073483e-18 
   7086.598  5.7242767e-16    6.081698e-18 
   7092.117   5.816083e-16   6.1073847e-18 
  7097.6367     5.7836e-16   6.0945137e-18 
   7103.156   5.663652e-16   6.0465157e-18 
  7108.6753   5.590044e-16    6.007695e-18 
  7114.1943   5.709589e-16   6.0618992e-18 
  7119.7134   5.848634e-16    6.116206e-18 
   7125.233   5.791556e-16    6.100707e-18 
   7130.752   5.676852e-16   6.0717067e-18 
  7136.2715   5.653056e-16    6.072932e-18 
  7141.7905   5.778672e-16   6.1176173e-18 
    7147.31   5.750507e-16   6.1146183e-18 
   7152.829   5.829425e-16    6.145837e-18 
  7158.3486  5.5570126e-16   6.0113812e-18 
  7163.8677  5.6817265e-16    6.022559e-18 
   7169.387   5.626338e-16   5.9745337e-18 
  7174.9062    5.53676e-16    5.901411e-18 
   7180.426  5.4242476e-16    5.825014e-18 
   7185.945  5.1858946e-16    5.698127e-18 
  7191.4644   5.144107e-16   5.6556204e-18 
  7196.9834  5.2636316e-16   5.6984985e-18 
   7202.503  5.2784415e-16    5.726688e-18 
   7208.022  5.0877923e-16   5.6865863e-18 
  7213.5415  4.9605045e-16     5.68838e-18 
  7219.0605  5.1880747e-16   5.8309405e-18 
    7224.58    5.35748e-16    5.899077e-18 
   7230.099  5.2689134e-16   5.9117502e-18 
   7235.618   5.112058e-16    6.062658e-18 
  7241.1377    5.04404e-16     6.20272e-18 
  7246.6567   4.995814e-16   6.2153586e-18 
  7252.1763    5.05514e-16   6.1871604e-18 
  7257.6953  5.1498767e-16   5.9905297e-18 
   7263.215    4.83591e-16   5.7597533e-18 
   7268.734   5.007534e-16    5.951342e-18 
  7274.2534   5.072882e-16    6.158695e-18 
  7279.7725  4.9963276e-16    6.233802e-18 
   7285.292  5.1345957e-16    6.266098e-18 
   7290.811  4.9880897e-16    6.036901e-18 
  7296.3306  4.9101166e-16   5.9150776e-18 
  7301.8496   4.967318e-16    5.893704e-18 
   7307.369  4.9999375e-16   6.0035317e-18 
   7312.888   5.008649e-16    6.136841e-18 
  7318.4077    4.75893e-16     6.03159e-18 
   7323.927   4.787409e-16   6.0882693e-18 
  7329.4463    4.88978e-16   6.0887355e-18 
  7334.9653  5.0497547e-16    6.255411e-18 
   7340.485   4.989819e-16   6.2852773e-18 
   7346.004    4.80468e-16    6.160226e-18 
  7351.5234    4.81998e-16    6.133529e-18 
  7357.0425  4.8704887e-16   6.0462345e-18 
  7362.5615   4.878017e-16   6.0972223e-18 
   7368.081   4.952879e-16     6.23507e-18 
     7373.6   4.912242e-16    6.163787e-18 
  7379.1196   4.650507e-16   5.9730815e-18 
  7384.6387   4.627034e-16   5.8499842e-18 
   7390.158   4.880042e-16   5.9574503e-18 
  7395.6772   4.846583e-16   6.0448217e-18 
   7401.197  4.8371346e-16    6.107252e-18 
   7406.716  4.7731593e-16    6.027749e-18 
  7412.2354   4.581727e-16   5.9100462e-18 
  7417.7544   4.734322e-16    5.865516e-18 
   7423.274  4.8007535e-16   5.8859025e-18 
   7428.793   4.753653e-16    5.941405e-18 
  7434.3125  4.8069114e-16   6.0038767e-18 
  7439.8315   4.701048e-16   5.9597507e-18 
   7445.351   4.733844e-16    5.943017e-18 
    7450.87  4.8257537e-16   5.9670473e-18 
  7456.3896   4.971591e-16   5.9971517e-18 
  7461.9087   4.958752e-16   6.0186497e-18 
   7467.428   4.866404e-16    6.044033e-18 
  7472.9473  4.7440547e-16   6.0592498e-18 
  7478.4663   4.772155e-16   6.1322807e-18 
   7483.986  4.8500725e-16    6.164017e-18 
   7489.505   5.073448e-16   6.2155662e-18 
  7495.0244   5.150144e-16    6.185808e-18 
  7500.5435  4.9992234e-16   6.0661803e-18 
   7506.063   4.863635e-16   5.9915215e-18 
   7511.582  4.8793296e-16   6.0050955e-18 
  7517.1016  5.0556167e-16    6.196139e-18 
  7522.6206   5.130529e-16   6.3642834e-18 
    7528.14   5.259906e-16   6.4470937e-18 
   7533.659   5.121422e-16   6.3728935e-18 
  7539.1787  4.9456586e-16    6.209379e-18 
  7544.6978  4.8296993e-16   6.0635954e-18 
  7550.2173   4.999507e-16    6.139943e-18 
  7555.7363  5.1442185e-16   6.2245593e-18 
   7561.256  5.1188043e-16   6.2230568e-18 
   7566.775   5.061265e-16   6.3096034e-18 
  7572.2944  4.9559675e-16   6.2766444e-18 
  7577.8135  4.8783735e-16   6.2304344e-18 
   7583.333    5.16314e-16   6.3110874e-18 
   7588.852   5.641866e-16   6.1791273e-18 
  7594.3716   6.542718e-16    6.045746e-18 
  7599.8906  6.7399333e-16   5.5362855e-18 
  7605.4097  5.0341307e-16   4.6212306e-18 
   7610.929  3.1475022e-16    3.963736e-18 
   7616.448  2.9871784e-16    4.057286e-18 
   7621.968  3.7291496e-16   4.6196916e-18 
   7627.487   4.866446e-16   5.0896857e-18 
  7633.0063  4.6607093e-16   4.9925458e-18 
  7638.5254   3.647485e-16    4.605229e-18 
   7644.045  3.5887852e-16    4.680424e-18 
   7649.564  3.8383838e-16   4.9365366e-18 
  7655.0835   4.030353e-16    5.213978e-18 
  7660.6025   4.237619e-16   5.4875972e-18 
   7666.122    4.32964e-16   5.6491427e-18 
   7671.641  4.4349555e-16   5.7722326e-18 
  7677.1606  4.2731896e-16     5.74911e-18 
  7682.6797  4.4522847e-16   5.8846357e-18 
   7688.199  4.5492334e-16   5.9881515e-18 
  7693.7183  4.8098575e-16    6.161118e-18 
   7699.238  4.7338676e-16    6.164357e-18 
   7704.757  4.5609527e-16    6.194802e-18 
  7710.2764   4.477634e-16    6.552108e-18 
  7715.7954   4.696039e-16   6.8582918e-18 
  7721.3145  4.5807166e-16    6.894966e-18 
   7726.834  4.7327225e-16    6.866163e-18 
   7732.353  4.7961954e-16    6.543268e-18 
  7737.8726  4.5562283e-16    6.245328e-18 
  7743.3916  4.3959096e-16    6.330365e-18 
   7748.911   4.441171e-16   6.5790807e-18 
    7754.43   4.605928e-16   6.8115362e-18 
  7759.9497   4.799719e-16    6.943781e-18 
  7765.4688  4.7196157e-16   6.6809095e-18 
  7770.9883  4.5127623e-16    6.381871e-18 
  7776.5073   4.423249e-16    6.303824e-18 
   7782.027  4.3328327e-16    6.248588e-18 
   7787.546  4.3486923e-16   6.4386163e-18 
  7793.0654  4.4534033e-16    6.643068e-18 
  7798.5845   4.638973e-16   6.6943826e-18 
   7804.104  4.5693875e-16   6.6769936e-18 
   7809.623  4.2755915e-16   6.4326093e-18 
  7815.1426  4.2121723e-16    6.427319e-18 
  7820.6616  4.1449777e-16   6.6409927e-18 
   7826.181  4.4512264e-16   6.6815944e-18 
     7831.7  4.3890407e-16   6.6479224e-18 
  7837.2197    4.45798e-16    6.502431e-18 
   7842.739  4.3037612e-16    6.321763e-18 
   7848.258  3.9587284e-16   6.4583313e-18 
  7853.7773  3.9220233e-16     6.68072e-18 
  7859.2964   4.196373e-16   6.8831117e-18 
   7864.816  4.2051215e-16    6.947911e-18 
   7870.335   4.232042e-16    6.752943e-18 
  7875.8545   4.160465e-16   6.5812955e-18 
  7881.3735  4.0257075e-16   6.5544133e-18 
   7886.893  3.8460095e-16   6.4964515e-18 
   7892.412  3.8724358e-16    6.428358e-18 
  7897.9316  3.9984304e-16   6.4006566e-18 
  7903.4507  4.0931422e-16    6.361967e-18 
    7908.97   4.108667e-16   6.5011892e-18 
  7914.4893   3.929252e-16   6.7029477e-18 
   7920.009  3.7100792e-16     6.77782e-18 
   7925.528  3.7663614e-16   6.8172537e-18 
  7931.0474  3.8272241e-16   6.6419716e-18 
  7936.5664  3.8049723e-16   6.3632126e-18 
   7942.086  3.9833424e-16    6.330813e-18 
   7947.605  3.8014124e-16   6.1972756e-18 
  7953.1245  3.6558183e-16    6.060271e-18 
  7958.6436  3.7348361e-16    6.295645e-18 
  7964.1626  3.8300906e-16   6.5829862e-18 
   7969.682   3.816815e-16   6.5600477e-18 
   7975.201  3.8534568e-16   6.6809083e-18 
  7980.7207  3.6625318e-16    6.435401e-18 
  7986.2397  3.5523379e-16   6.3329188e-18 
  7991.7593  3.7376316e-16    6.638569e-18 
  7997.2783  3.6975704e-16    6.596028e-18 
   8002.798  3.7715653e-16   6.6269484e-18 
   8008.317   3.905897e-16   6.5142177e-18 
  8013.8364  3.8304503e-16   6.3139064e-18 
  8019.3555  3.6886268e-16   6.3713996e-18 
   8024.875  3.6415688e-16    6.548947e-18 
   8030.394  3.6588377e-16   6.5369135e-18 
  8035.9136   3.734558e-16     6.53456e-18 
  8041.4326  3.9960124e-16   6.5022612e-18 
   8046.952  4.0857288e-16    6.407768e-18 
   8052.471  3.9363013e-16    6.356661e-18 
  8057.9907  3.6932765e-16    6.323538e-18 
    8063.51  3.5668123e-16    6.366209e-18 
  8069.0293  3.6339707e-16    6.424279e-18 
  8074.5483   3.834777e-16   6.4539584e-18 
   8080.068  3.9178156e-16   6.4186374e-18 
   8085.587  3.9090494e-16   6.3453223e-18 
   8091.106  3.8071735e-16   6.3251304e-18 
  8096.6255  3.8018349e-16   6.3471587e-18 
  8102.1445   3.789158e-16   6.3839984e-18 
   8107.664  3.8390773e-16   6.4555015e-18 
   8113.183  3.9162015e-16    6.452096e-18 
  8118.7026  3.9881795e-16   6.4572204e-18 
  8124.2217  3.9140432e-16   6.3584195e-18 
   8129.741   3.947876e-16    6.332531e-18 
  8135.2603   3.728309e-16    6.229819e-18 
    8140.78  3.7688384e-16   6.2871794e-18 
   8146.299   3.897271e-16   6.3899198e-18 
  8151.8184  3.8991613e-16    6.366479e-18 
  8157.3374  3.8563356e-16   6.2933415e-18 
   8162.857  3.6900937e-16   6.1361023e-18 
   8168.376  3.5562337e-16    6.057865e-18 
  8173.8955  3.4948603e-16     6.02927e-18 
  8179.4146   3.572116e-16   6.1309572e-18 
   8184.934  3.7982826e-16    6.309575e-18 
   8190.453  3.8464706e-16    6.335461e-18 
   8195.973  3.7940543e-16    6.338031e-18 
   8201.492  3.7118162e-16    6.321489e-18 
   8207.011  3.5854171e-16   6.2550153e-18 
    8212.53  3.6495555e-16   6.3251966e-18 
    8218.05   3.873227e-16    6.454241e-18 
   8223.568   4.015399e-16    6.490473e-18 
   8229.088  4.0376367e-16   6.4450576e-18 
   8234.607  3.8329773e-16    6.311313e-18 
   8240.127   3.351043e-16   6.0922535e-18 
  8245.6455  3.4939516e-16    6.256021e-18 
   8251.165  3.8043892e-16   6.4574748e-18 
   8256.685  3.8725592e-16   6.5455613e-18 
   8262.204  3.9624646e-16   6.6051174e-18 
   8267.723  3.9028933e-16   6.5788482e-18 
   8273.242  3.8255256e-16   6.6055124e-18 
   8278.762  3.7324973e-16    6.812288e-18 
   8284.281  3.6137946e-16    7.108961e-18 
     8289.8  3.7997043e-16     7.52918e-18 
   8295.319    3.83249e-16    7.774681e-18 
   8300.839    3.74591e-16    7.638416e-18 
   8306.358    3.76137e-16    7.399997e-18 
   8311.877   3.566902e-16   7.0583785e-18 
   8317.396  3.4124562e-16   6.6638522e-18 
   8322.916  3.5571072e-16   6.5958195e-18 
   8328.435  3.6695678e-16    6.596914e-18 
   8333.954  3.7318638e-16   6.6670195e-18 
   8339.474   3.702172e-16    7.213066e-18 
   8344.993  3.6106336e-16    7.746699e-18 
   8350.512  3.3518587e-16    7.849832e-18 
   8356.031   3.258178e-16    7.814057e-18 
   8361.551  3.6359998e-16    7.603151e-18 
    8367.07  3.6479785e-16    7.134487e-18 
   8372.589  3.7171956e-16    7.007236e-18 
   8378.108  3.8082837e-16    7.076779e-18 
   8383.628  3.5641818e-16    6.889153e-18 
   8389.147  3.3444328e-16   6.8660296e-18 
   8394.666  3.4407336e-16   7.3458486e-18 
   8400.186  3.7401518e-16    7.732527e-18 
   8405.705  3.8834865e-16    7.839538e-18 
   8411.225  3.7521386e-16    7.866369e-18 
   8416.743  3.7240688e-16    7.356246e-18 
   8422.263  3.5556114e-16   7.2107055e-18 
   8427.782  3.5536542e-16    7.752071e-18 
   8433.302  3.5101464e-16    7.789556e-18 
    8438.82  3.5761006e-16    7.796428e-18 
    8444.34  3.8409794e-16    7.712916e-18 
   8449.859  3.7383442e-16    7.283377e-18 
   8455.378  3.4911008e-16    7.082856e-18 
   8460.897   3.431979e-16    7.381466e-18 
   8466.417  3.3106023e-16    7.528529e-18 
   8471.937  3.4115557e-16   7.5341215e-18 
   8477.455   3.412196e-16    7.409332e-18 
   8482.975  3.6108898e-16    7.167329e-18 
   8488.494  3.6299825e-16    6.994223e-18 
   8494.014  3.4565247e-16    6.973354e-18 
   8499.532  3.4585263e-16   7.1518185e-18 
   8505.052  3.3855642e-16    7.318744e-18 
   8510.571  3.4910084e-16   7.3619124e-18 
   8516.091  3.5081744e-16    7.287631e-18 
   8521.609  3.6094387e-16     7.14553e-18 
   8527.129  3.7199284e-16    7.015919e-18 
   8532.648  3.5629424e-16    6.913274e-18 
   8538.168   3.338597e-16    6.816957e-18 
   8543.687  3.3931753e-16    6.990373e-18 
   8549.206  3.5511393e-16    7.187124e-18 
   8554.726  3.6424095e-16     7.29612e-18 
   8560.245  3.6055826e-16    7.236388e-18 
   8565.764   3.523118e-16    7.053932e-18 
   8571.283  3.4937155e-16     6.94747e-18 
   8576.803  3.2656942e-16    6.797995e-18 
   8582.321    3.22248e-16   6.8155824e-18 
   8587.841  3.5865162e-16    7.160808e-18 
    8593.36  3.4891442e-16    7.182947e-18 
    8598.88   3.532777e-16    7.204594e-18 
   8604.398  3.6911176e-16    7.277056e-18 
   8609.918  3.4612016e-16    7.203733e-18 
  8615.4375  3.2872615e-16    7.262364e-18 
   8620.957   3.391698e-16     7.74382e-18 
   8626.476  3.4119713e-16    8.222819e-18 
   8631.995  3.6190015e-16    8.570654e-18 
   8637.515  3.8296702e-16    8.606044e-18 
   8643.034  3.6330577e-16    8.243978e-18 
   8648.553   3.423662e-16    7.983444e-18 
   8654.072  3.2638596e-16    7.979821e-18 
   8659.592  3.2530965e-16    8.281707e-18 
   8665.111  3.4555773e-16    8.625006e-18 
    8670.63  3.6426138e-16    8.635337e-18 
   8676.149  3.6775802e-16    8.370064e-18 
   8681.669  3.5599508e-16    8.025921e-18 
   8687.188  3.4811826e-16   7.7263095e-18 
   8692.707  3.2007792e-16   7.3671774e-18 
   8698.227  3.3160466e-16    7.388627e-18 
   8703.746  3.3611098e-16    7.388668e-18 
   8709.265  3.5403703e-16   7.4941885e-18 
   8714.784  3.7391457e-16    7.547068e-18 
   8720.304  3.5013105e-16    7.325628e-18 
   8725.823   3.396892e-16    7.208701e-18 
   8731.342  3.1502095e-16    7.075016e-18 
   8736.861  3.4499692e-16    7.300585e-18 
   8742.381  3.5195352e-16    7.428732e-18 
     8747.9   3.521812e-16    7.505197e-18 
   8753.419  3.5361577e-16    7.745645e-18 
   8758.938  3.4867876e-16    8.263856e-18 
   8764.458  3.1227249e-16    8.645073e-18 
   8769.978  3.0005504e-16    9.211269e-18 
   8775.496  3.2189928e-16    9.625767e-18 
   8781.016  3.4773032e-16   9.4301626e-18 
   8786.535   3.603395e-16    9.093813e-18 
   8792.055  3.5248392e-16    8.515057e-18 
   8797.573   3.382071e-16    7.926235e-18 
   8803.093  3.2109756e-16   7.6060324e-18 
   8808.612  3.0236564e-16   7.3078446e-18 
   8814.131  3.2427396e-16    7.566796e-18 
    8819.65  3.4345897e-16    8.547075e-18 
    8825.17   3.727128e-16    9.672125e-18 
   8830.689  3.6812317e-16   1.0089765e-17 
   8836.208   3.311575e-16    9.988213e-18 
   8841.728   3.107177e-16    9.309433e-18 
   8847.247  3.2676657e-16    8.687735e-18 
   8852.767  3.1667007e-16   8.0885716e-18 
   8858.285  3.3566973e-16    8.100698e-18 
   8863.805   3.513083e-16    8.282024e-18 
   8869.324   3.207895e-16    8.030196e-18 
   8874.844  3.3202934e-16    8.266282e-18 
   8880.362  3.1225107e-16     8.80642e-18 
   8885.882  3.4692847e-16   9.3588745e-18 
   8891.401  3.4602326e-16   9.4975645e-18 
   8896.921   3.403238e-16    9.426855e-18 
   8902.439  3.3284183e-16   8.8175485e-18 
   8907.959   3.238559e-16    8.589212e-18 
   8913.479   2.924902e-16    9.091943e-18 
   8918.998  3.0536313e-16    9.529257e-18 
   8924.517  3.3646348e-16     9.76901e-18 
   8930.036  3.2319222e-16    9.409784e-18 
   8935.556  3.1659445e-16    8.690312e-18 
   8941.074  3.1690015e-16   8.2923574e-18 
   8946.594  3.1055857e-16    8.480606e-18 
   8952.113  3.1201435e-16   9.0949054e-18 
   8957.633  3.2224363e-16     9.43115e-18 
   8963.151  3.3563493e-16    9.429684e-18 
   8968.671  3.3063095e-16    8.995628e-18 
    8974.19   2.955521e-16    8.069621e-18 
    8979.71   2.760706e-16    7.698008e-18 
   8985.229  2.9383594e-16    7.989209e-18 
   8990.748  3.1120118e-16    8.436785e-18 
   8996.268  3.1668555e-16    8.784651e-18 
   9001.787   3.028251e-16     8.69362e-18 
   9007.306  3.0388392e-16    8.575251e-18 
   9012.825  2.8111912e-16   8.2584596e-18 
   9018.345   2.966472e-16   7.9484124e-18 
   9023.864  3.1290218e-16    7.981989e-18 
   9029.383  3.1495515e-16   8.1024955e-18 
   9034.902    3.08072e-16   8.2214995e-18 
   9040.422  3.1244462e-16    8.478744e-18 
   9045.941  3.0624249e-16    8.887417e-18 
    9051.46  3.1901545e-16   8.8375025e-18 
  9056.9795  3.1156108e-16   9.1860475e-18 
   9062.499  3.1839436e-16    8.594946e-18 
   9068.018  3.2623315e-16    8.428166e-18 
   9073.537  2.9402938e-16   8.0751125e-18 
   9079.057  2.8816156e-16    7.999191e-18 
   9084.576   3.033511e-16    8.219479e-18 
   9090.095   3.175445e-16    8.450046e-18 
   9095.614  3.2303163e-16    8.631524e-18 
   9101.134   3.015375e-16    8.527646e-18 
   9106.653  3.0030767e-16    8.455735e-18 
   9112.172  2.8336214e-16    8.383123e-18 
   9117.691   3.004433e-16    8.458584e-18 
   9123.211  3.2810192e-16    8.582161e-18 
    9128.73  2.9676186e-16    8.329803e-18 
   9134.249    3.03092e-16    8.378237e-18 
   9139.769  2.9479703e-16    8.310335e-18 
   9145.288   2.744827e-16    8.306853e-18 
   9150.808  3.1005358e-16    8.702139e-18 
   9156.326  2.9361513e-16     8.64769e-18 
   9161.846  2.7768305e-16    8.553143e-18 
   9167.365   3.046458e-16   8.7016844e-18 
   9172.885  2.8559717e-16    8.532758e-18 
   9178.403    2.77711e-16   8.4365615e-18 
   9183.923  2.9632143e-16    8.559743e-18 
   9189.442  3.0042528e-16    8.614276e-18 
   9194.961   2.909987e-16    8.624178e-18 
    9200.48   2.880977e-16   8.5652675e-18 
     9206.0  2.8107695e-16     8.57203e-18 
    9211.52   2.884699e-16    8.777488e-18 
   9217.038  2.9116464e-16   8.8056255e-18 
   9222.558   2.782212e-16    8.759935e-18 
   9228.077   2.876993e-16   8.8861465e-18 
   9233.597  2.7787842e-16    8.713526e-18 
