# STATUS =
# OBJECT = 2018hti
# TELESCOPE = Ekar
# INSTRUMENT = AFOSC
# DATE-OBS = 2018-12-08 04:55:54.00
# MJD = 58460.20548610017
# EXPTIME = 1500.0023
# AIRMASS = 1.1
# SLIT = --
# DISPERSER = --
# SOURCE = 2022MNRAS.tmp..717F
# FILTER =
# RESOLUTION =
# FLUX_STANDARD =
# EXTINCTION_CORRECTED = --
# PHOTOMETRY_CALIBRATED =
# TELLURIC_CORRECTED =
# FLUX_UNITS = erg cm(-2) sec(-1) Ang(-1)
# WAVE_UNITS = Angstrom
# QUALITY = Low
# MIN_WAVE = 3360.0
# MAX_WAVE = 10000.0
# COMMENT = --
         Wavelength           Flux 
  3364.053724053724  7.0557328e-15 
 3368.1074481074484   6.960676e-15 
 3372.1611721611725  6.4255966e-15 
 3376.2148962148963  6.1849613e-15 
 3380.2686202686205  6.3547093e-15 
 3384.3223443223446   6.842388e-15 
  3388.376068376069  7.1509766e-15 
  3392.429792429793  6.6635383e-15 
  3396.483516483517  6.6025854e-15 
  3400.537240537241   6.997263e-15 
  3404.590964590965   6.854517e-15 
 3408.6446886446893   6.729436e-15 
 3412.6984126984134   6.773671e-15 
 3416.7521367521376  6.7799914e-15 
  3420.805860805862    6.78317e-15 
  3424.859584859586   6.829201e-15 
 3428.9133089133097    6.95722e-15 
  3432.967032967034  6.9392683e-15 
  3437.020757020758  6.8876844e-15 
 3441.0744810744823  6.8280207e-15 
 3445.1282051282064  6.9520212e-15 
 3449.1819291819306  6.7234206e-15 
 3453.2356532356544   6.497686e-15 
 3457.2893772893785  6.7560195e-15 
 3461.3431013431027   6.953911e-15 
  3465.396825396827  6.8148387e-15 
  3469.450549450551  6.8761707e-15 
 3473.5042735042753  7.0440327e-15 
  3477.557997557999  6.6829015e-15 
  3481.611721611723   6.671206e-15 
 3485.6654456654474  6.8287673e-15 
 3489.7191697191715  6.6480834e-15 
 3493.7728937728957  6.5626275e-15 
   3497.82661782662  6.7989547e-15 
 3501.8803418803436    6.82073e-15 
  3505.934065934068  6.5408824e-15 
  3509.987789987792  6.6235046e-15 
  3514.041514041516   6.806887e-15 
 3518.0952380952403   6.908585e-15 
 3522.1489621489645  6.9504017e-15 
 3526.2026862026887   6.955199e-15 
 3530.2564102564124  6.7442025e-15 
 3534.3101343101366  6.8541627e-15 
  3538.363858363861  7.0249533e-15 
  3542.417582417585  6.9685587e-15 
  3546.471306471309   6.984079e-15 
 3550.5250305250333  6.8595396e-15 
  3554.578754578757  6.9498816e-15 
 3558.6324786324813  7.0717332e-15 
 3562.6862026862054   6.993517e-15 
 3566.7399267399296  6.8069664e-15 
  3570.793650793654  6.6660493e-15 
  3574.847374847378  6.8033703e-15 
  3578.901098901102   6.858384e-15 
  3582.954822954826     6.8175e-15 
   3587.00854700855   6.671233e-15 
 3591.0622710622742  6.5627346e-15 
 3595.1159951159984   6.545502e-15 
 3599.1697191697226  6.4348297e-15 
  3603.223443223447   6.222257e-15 
 3607.2771672771705   6.158982e-15 
 3611.3308913308947  6.4260544e-15 
  3615.384615384619  6.4218667e-15 
  3619.438339438343  6.1953387e-15 
 3623.4920634920672   6.206227e-15 
 3627.5457875457914  6.4249867e-15 
 3631.5995115995156  6.4569305e-15 
 3635.6532356532393   6.511234e-15 
 3639.7069597069635   6.626314e-15 
 3643.7606837606877   6.605895e-15 
  3647.814407814412   6.603005e-15 
  3651.868131868136    6.63679e-15 
 3655.9218559218602  6.6039178e-15 
  3659.975579975584   6.524066e-15 
  3664.029304029308   6.434728e-15 
 3668.0830280830323  6.3451196e-15 
 3672.1367521367565   6.380328e-15 
 3676.1904761904807  6.4608154e-15 
  3680.244200244205    6.42775e-15 
  3684.297924297929  6.3231492e-15 
  3688.351648351653  6.1940445e-15 
  3692.405372405377     5.9568e-15 
  3696.459096459101   5.853563e-15 
 3700.5128205128253  5.8576623e-15 
 3704.5665445665495  5.8802954e-15 
 3708.6202686202732   5.858114e-15 
 3712.6739926739974  5.7559052e-15 
 3716.7277167277216  5.8964466e-15 
  3720.781440781446   5.975442e-15 
   3724.83516483517   5.813422e-15 
  3728.888888888894   6.036957e-15 
 3732.9426129426183  6.2410108e-15 
 3736.9963369963425  6.1144894e-15 
 3741.0500610500662  6.1366516e-15 
 3745.1037851037904   6.164934e-15 
 3749.1575091575146   6.238501e-15 
  3753.211233211239  6.2488407e-15 
  3757.264957264963  6.1548497e-15 
 3761.3186813186867   6.218809e-15 
  3765.372405372411   6.213309e-15 
  3769.426129426135  6.0588415e-15 
 3773.4798534798592   6.059684e-15 
 3777.5335775335834   6.207223e-15 
 3781.5873015873076  6.2278847e-15 
  3785.641025641032   6.274732e-15 
  3789.694749694756  6.3241403e-15 
 3793.7484737484797  6.3210765e-15 
  3797.802197802204  6.2748374e-15 
  3801.855921855928  6.2418895e-15 
  3805.909645909652  6.2492083e-15 
 3809.9633699633764   6.252239e-15 
    3814.0170940171   6.209282e-15 
 3818.0708180708243  6.1618305e-15 
 3822.1245421245485   6.164118e-15 
 3826.1782661782727   6.131193e-15 
  3830.231990231997   6.083143e-15 
  3834.285714285721   5.934681e-15 
  3838.339438339445  5.8032353e-15 
  3842.393162393169  5.8552084e-15 
  3846.446886446893   5.868037e-15 
 3850.5006105006173  5.7414595e-15 
 3854.5543345543415  5.6821994e-15 
 3858.6080586080657  5.6680976e-15 
   3862.66178266179  5.5874566e-15 
 3866.7155067155136   5.584067e-15 
 3870.7692307692378    5.57832e-15 
  3874.822954822962   5.592702e-15 
  3878.876678876686  5.6540944e-15 
 3882.9304029304103  5.6683254e-15 
 3886.9841269841345   5.644801e-15 
 3891.0378510378587    5.66706e-15 
  3895.091575091583    5.66438e-15 
 3899.1452991453066   5.643095e-15 
 3903.1990231990308   5.684881e-15 
  3907.252747252755  5.7033396e-15 
  3911.306471306479   5.632488e-15 
  3915.360195360203  5.5787864e-15 
  3919.413919413927  5.6409624e-15 
  3923.467643467651   5.679862e-15 
 3927.5213675213754  5.7336863e-15 
 3931.5750915750996  5.6999164e-15 
 3935.6288156288238   5.680026e-15 
  3939.682539682548  5.7173936e-15 
  3943.736263736272  5.6861123e-15 
  3947.789987789996  5.6626452e-15 
   3951.84371184372    5.71199e-15 
  3955.897435897444   5.725108e-15 
 3959.9511599511684  5.6876602e-15 
 3964.0048840048926  5.6371758e-15 
 3968.0586080586163   5.525533e-15 
 3972.1123321123405   5.494724e-15 
 3976.1660561660647  5.5139892e-15 
  3980.219780219789   5.565211e-15 
  3984.273504273513  5.6292298e-15 
  3988.327228327237   5.565282e-15 
 3992.3809523809614   5.517011e-15 
 3996.4346764346856   5.549421e-15 
 4000.4884004884093  5.5971306e-15 
 4004.5421245421335   5.576562e-15 
 4008.5958485958577   5.497422e-15 
  4012.649572649582  5.4000083e-15 
  4016.703296703306   5.417346e-15 
 4020.7570207570297  5.3912842e-15 
  4024.810744810754   5.232257e-15 
  4028.864468864478   5.142495e-15 
 4032.9181929182023  5.1635433e-15 
 4036.9719169719265  5.1314264e-15 
 4041.0256410256507  5.1066333e-15 
  4045.079365079375   5.077407e-15 
  4049.133089133099  5.0137663e-15 
 4053.1868131868227  5.0554264e-15 
  4057.240537240547   5.058515e-15 
  4061.294261294271    5.03972e-15 
 4065.3479853479953   4.954218e-15 
 4069.4017094017195  4.8467026e-15 
  4073.455433455443  4.8070983e-15 
 4077.5091575091674  4.7857188e-15 
 4081.5628815628916   4.799443e-15 
 4085.6166056166157    4.74087e-15 
   4089.67032967034   4.707764e-15 
  4093.724053724064   4.697648e-15 
  4097.777777777788   4.708682e-15 
 4101.8315018315125  4.7707864e-15 
  4105.885225885237   4.801303e-15 
   4109.93894993896  4.8817007e-15 
  4113.992673992685  4.9201167e-15 
  4118.046398046408  4.9441406e-15 
 4122.1001221001325   5.017613e-15 
  4126.153846153857  5.0696447e-15 
  4130.207570207581  5.1120022e-15 
  4134.261294261305  5.1081944e-15 
  4138.315018315029   5.081879e-15 
  4142.368742368753  5.0441905e-15 
  4146.422466422478  5.0861737e-15 
  4150.476190476202  5.1493217e-15 
  4154.529914529926  5.1319105e-15 
   4158.58363858365  5.1399386e-15 
  4162.637362637373  5.1902304e-15 
 4166.6910866910985  5.1658786e-15 
  4170.744810744822  5.0831387e-15 
  4174.798534798546   4.990819e-15 
   4178.85225885227  4.9230694e-15 
  4182.905982905994   4.872217e-15 
 4186.9597069597185  4.8048414e-15 
  4191.013431013443  4.7832323e-15 
  4195.067155067167  4.7687718e-15 
  4199.120879120891   4.746466e-15 
  4203.174603174615  4.7360488e-15 
  4207.228327228339  4.6942786e-15 
  4211.282051282064   4.611558e-15 
  4215.335775335787    4.58672e-15 
  4219.389499389512  4.5617446e-15 
  4223.443223443235    4.52442e-15 
  4227.496947496959   4.519384e-15 
  4231.550671550684  4.5695454e-15 
  4235.604395604408    4.34951e-15 
  4239.658119658132   3.989087e-15 
  4243.711843711856   3.960371e-15 
   4247.76556776558  3.9052945e-15 
  4251.819291819304  4.1360377e-15 
  4255.873015873029   4.422463e-15 
  4259.926739926753    4.39504e-15 
  4263.980463980477   4.446138e-15 
    4268.0341880342  4.5435216e-15 
  4272.087912087924  4.1695337e-15 
  4276.141636141649  4.0123582e-15 
  4280.195360195373  4.4434493e-15 
  4284.249084249097   4.464816e-15 
  4288.302808302821   4.472733e-15 
  4292.356532356545   4.490312e-15 
 4296.4102564102695   4.483263e-15 
  4300.463980463994  4.5384334e-15 
  4304.517704517718   4.560903e-15 
  4308.571428571442   4.519854e-15 
  4312.625152625166  4.5091524e-15 
   4316.67887667889  4.5273233e-15 
  4320.732600732614   4.547351e-15 
  4324.786324786338  4.5367313e-15 
  4328.840048840062  4.4570984e-15 
  4332.893772893786  4.4499304e-15 
   4336.94749694751   4.493866e-15 
  4341.001221001235   4.518499e-15 
  4345.054945054959   4.521756e-15 
  4349.108669108683  4.4278224e-15 
  4353.162393162407   4.371025e-15 
  4357.216117216131  4.4285623e-15 
 4361.2698412698555  4.4516024e-15 
   4365.32356532358  4.3539526e-15 
  4369.377289377304  4.2666722e-15 
  4373.431013431027  4.3012536e-15 
  4377.484737484751   4.365786e-15 
 4381.5384615384755   4.320888e-15 
    4385.5921855922   4.227138e-15 
  4389.645909645924  4.1722395e-15 
  4393.699633699648   4.130589e-15 
  4397.753357753372   4.178048e-15 
  4401.807081807096  4.1089268e-15 
  4405.860805860821  3.5480563e-15 
  4409.914529914545   3.571889e-15 
  4413.968253968269  4.0113757e-15 
  4418.021978021992  3.9241554e-15 
  4422.075702075717   3.853177e-15 
  4426.129426129441   3.718864e-15 
  4430.183150183166  3.6534416e-15 
  4434.236874236889  3.6702272e-15 
  4438.290598290613   3.671695e-15 
  4442.344322344337  3.6632993e-15 
 4446.3980463980615   3.622114e-15 
  4450.451770451786   3.581557e-15 
   4454.50549450551  3.5526004e-15 
  4458.559218559234   3.527752e-15 
  4462.612942612958  3.4827636e-15 
  4466.666666666682  3.4071244e-15 
  4470.720390720406  3.3706723e-15 
  4474.774114774131  3.3545243e-15 
  4478.827838827854  3.3716725e-15 
  4482.881562881578  3.3947264e-15 
  4486.935286935302  3.4146647e-15 
  4490.989010989027  3.4258864e-15 
  4495.042735042751  3.4143216e-15 
  4499.096459096475  3.4181771e-15 
  4503.150183150199  3.4694419e-15 
  4507.203907203923   3.507271e-15 
 4511.2576312576475  3.5185732e-15 
  4515.311355311372  3.5389649e-15 
  4519.365079365096  3.5330178e-15 
  4523.418803418819  3.4950468e-15 
  4527.472527472544  3.4315014e-15 
 4531.5262515262675  3.3913162e-15 
  4535.579975579992   3.409825e-15 
  4539.633699633716  3.4643582e-15 
   4543.68742368744   3.480154e-15 
  4547.741147741164  3.4735326e-15 
  4551.794871794888  3.4482127e-15 
  4555.848595848613   3.423169e-15 
  4559.902319902337  3.4667813e-15 
  4563.956043956061  3.4738143e-15 
  4568.009768009785  3.4891447e-15 
  4572.063492063509  3.4942006e-15 
  4576.117216117233   3.469935e-15 
  4580.170940170958  3.4545898e-15 
  4584.224664224681  3.4409146e-15 
  4588.278388278405  3.4747329e-15 
  4592.332112332129  3.4727178e-15 
 4596.3858363858535  3.4440745e-15 
  4600.439560439578   3.452193e-15 
  4604.493284493302  3.4407838e-15 
  4608.547008547026  3.4331867e-15 
   4612.60073260075  3.4747665e-15 
  4616.654456654474   3.523605e-15 
  4620.708180708199  3.5013053e-15 
  4624.761904761923  3.4803269e-15 
  4628.815628815646  3.5402337e-15 
  4632.869352869371   3.671508e-15 
  4636.923076923094   3.687672e-15 
  4640.976800976819  3.5807484e-15 
  4645.030525030543   3.601063e-15 
  4649.084249084267  3.6320506e-15 
  4653.137973137991   3.599764e-15 
  4657.191697191715   3.573838e-15 
 4661.2454212454395  3.5154391e-15 
  4665.299145299164  3.5205408e-15 
  4669.352869352888  3.4767388e-15 
  4673.406593406612  3.4168144e-15 
  4677.460317460336  3.4393178e-15 
 4681.5140415140595   3.381082e-15 
  4685.567765567785  3.3511402e-15 
  4689.621489621508   3.383802e-15 
  4693.675213675232  3.3327344e-15 
  4697.728937728956  3.2901227e-15 
   4701.78266178268  3.3513235e-15 
  4705.836385836405  3.2776916e-15 
  4709.890109890129  3.2185094e-15 
  4713.943833943853  3.1794038e-15 
  4717.997557997577  3.1758376e-15 
  4722.051282051301  3.2540876e-15 
 4726.1050061050255  3.2521294e-15 
   4730.15873015875   3.262241e-15 
  4734.212454212473  3.2560734e-15 
  4738.266178266198  3.2453155e-15 
  4742.319902319921  3.2417406e-15 
 4746.3736263736455  3.2247978e-15 
   4750.42735042737  3.2642689e-15 
  4754.481074481094  3.2312562e-15 
  4758.534798534818   3.159005e-15 
  4762.588522588542  3.1285208e-15 
  4766.642246642266  3.0518402e-15 
  4770.695970695991  2.9980632e-15 
  4774.749694749715  2.9253731e-15 
  4778.803418803439  2.9531406e-15 
  4782.857142857163  2.9823117e-15 
  4786.910866910886  2.9168581e-15 
 4790.9645909646115  2.9073807e-15 
  4795.018315018335  2.9387662e-15 
  4799.072039072059  2.9420823e-15 
  4803.125763125783  2.9809798e-15 
  4807.179487179507  2.9823261e-15 
 4811.2332112332315  2.9424567e-15 
  4815.286935286956  3.0001202e-15 
   4819.34065934068  3.0140886e-15 
  4823.394383394404   3.005399e-15 
  4827.448107448128  2.9982563e-15 
  4831.501831501852  2.9972494e-15 
  4835.555555555577   3.016995e-15 
    4839.6092796093  3.0446244e-15 
  4843.663003663025  3.0252618e-15 
  4847.716727716748  3.0387927e-15 
  4851.770451770472   3.117708e-15 
  4855.824175824197  3.1201833e-15 
  4859.877899877921   3.118181e-15 
  4863.931623931645  3.1428825e-15 
  4867.985347985369  3.1114728e-15 
  4872.039072039093  3.1157095e-15 
 4876.0927960928175  3.1212052e-15 
  4880.146520146542  3.0913048e-15 
  4884.200244200265  3.1066013e-15 
   4888.25396825399   3.157271e-15 
  4892.307692307713  3.2014436e-15 
  4896.361416361438   3.177986e-15 
  4900.415140415162  3.1689845e-15 
  4904.468864468886   3.205987e-15 
   4908.52258852261  3.2165352e-15 
  4912.576312576334   3.212001e-15 
  4916.630036630058   3.217086e-15 
  4920.683760683783  3.2136114e-15 
  4924.737484737507  3.1953765e-15 
  4928.791208791231  3.1759776e-15 
  4932.844932844955  3.1682806e-15 
  4936.898656898678   3.137796e-15 
 4940.9523809524035  3.1173163e-15 
  4945.006105006127  3.1154708e-15 
  4949.059829059852  3.1004938e-15 
  4953.113553113575   3.057969e-15 
  4957.167277167299  3.0077928e-15 
 4961.2210012210235  3.0290813e-15 
  4965.274725274748  3.0036824e-15 
  4969.328449328472  2.9470148e-15 
  4973.382173382196  2.9751494e-15 
   4977.43589743592   2.974256e-15 
  4981.489621489644  2.9145967e-15 
  4985.543345543369  2.9330652e-15 
  4989.597069597092  2.9655439e-15 
  4993.650793650817  2.9030568e-15 
   4997.70451770454   2.869214e-15 
  5001.758241758264  2.8808374e-15 
  5005.811965811989  2.8811796e-15 
  5009.865689865713  2.9080795e-15 
  5013.919413919437   2.886879e-15 
  5017.973137973161  2.8484301e-15 
  5022.026862026885  2.8133202e-15 
 5026.0805860806095  2.7826875e-15 
  5030.134310134334  2.7871606e-15 
  5034.188034188058  2.7508738e-15 
  5038.241758241782  2.7409495e-15 
  5042.295482295505  2.7287245e-15 
   5046.34920634923  2.7159487e-15 
  5050.402930402954  2.6882187e-15 
  5054.456654456678  2.6578642e-15 
  5058.510378510402   2.681424e-15 
  5062.564102564126  2.6880489e-15 
   5066.61782661785  2.6833138e-15 
  5070.671550671575  2.7163017e-15 
  5074.725274725299  2.5968999e-15 
  5078.778998779023   2.320121e-15 
  5082.832722832747  2.4303239e-15 
  5086.886446886471  2.6658448e-15 
 5090.9401709401955  2.6396537e-15 
  5094.993894993919  2.6139255e-15 
  5099.047619047644  2.6107495e-15 
  5103.101343101367  2.6163766e-15 
  5107.155067155091   2.630505e-15 
 5111.2087912088155  2.6441205e-15 
   5115.26251526254   2.615573e-15 
  5119.316239316264  2.5997218e-15 
  5123.369963369988  2.5679354e-15 
  5127.423687423712  2.5732996e-15 
  5131.477411477436  2.6097403e-15 
 5135.5311355311605  2.6133086e-15 
  5139.584859584885  2.6037844e-15 
  5143.638583638609   2.597274e-15 
  5147.692307692332   2.621643e-15 
  5151.746031746057  2.6301428e-15 
 5155.7997557997805  2.6446594e-15 
  5159.853479853505  2.6308805e-15 
  5163.907203907229   2.619612e-15 
  5167.960927960953   2.633871e-15 
  5172.014652014677  2.5947696e-15 
  5176.068376068401  2.5593103e-15 
  5180.122100122126  2.5717386e-15 
   5184.17582417585  2.5775395e-15 
  5188.229548229574  2.5834094e-15 
  5192.283272283298  2.5782645e-15 
  5196.336996337022  2.5077336e-15 
  5200.390720390746  2.4848626e-15 
  5204.444444444471  2.5185587e-15 
  5208.498168498194  2.5306069e-15 
  5212.551892551918  2.5238054e-15 
  5216.605616605642   2.532183e-15 
 5220.6593406593665  2.5426023e-15 
  5224.713064713091   2.525441e-15 
  5228.766788766815  2.5399753e-15 
  5232.820512820539  2.5100297e-15 
  5236.874236874263  2.4645343e-15 
  5240.927960927987   2.475663e-15 
  5244.981684981712   2.505223e-15 
  5249.035409035436   2.526703e-15 
  5253.089133089159   2.497363e-15 
  5257.142857142884  2.5096187e-15 
  5261.196581196607  2.5899637e-15 
  5265.250305250332  2.5812302e-15 
  5269.304029304056  2.5549582e-15 
   5273.35775335778  2.5114133e-15 
  5277.411477411504   2.448433e-15 
  5281.465201465228   2.422451e-15 
 5285.5189255189525   2.398811e-15 
  5289.572649572677  2.3911084e-15 
  5293.626373626401    2.40305e-15 
  5297.680097680125  2.4006258e-15 
  5301.733821733849  2.3995438e-15 
 5305.7875457875725  2.4541643e-15 
  5309.841269841298  2.5618336e-15 
  5313.894993895021  2.6517747e-15 
  5317.948717948745  2.6999438e-15 
  5322.002442002469  2.6661546e-15 
  5326.056166056193  2.5545662e-15 
  5330.109890109918  2.4632876e-15 
  5334.163614163642   2.446569e-15 
  5338.217338217366  2.4390426e-15 
   5342.27106227109  2.4057421e-15 
  5346.324786324814   2.418458e-15 
 5350.3785103785385   2.461342e-15 
  5354.432234432263  2.4839273e-15 
  5358.485958485986  2.4666927e-15 
  5362.539682539711  2.4900804e-15 
  5366.593406593434  2.4830921e-15 
 5370.6471306471585  2.4177882e-15 
  5374.700854700883  2.4245755e-15 
  5378.754578754607   2.441998e-15 
  5382.808302808331  2.4337126e-15 
  5386.862026862055  2.4280619e-15 
  5390.915750915779  2.4502035e-15 
  5394.969474969504  2.4636614e-15 
  5399.023199023228  2.4658086e-15 
  5403.076923076951  2.5125236e-15 
  5407.130647130676  2.5006386e-15 
  5411.184371184399  2.4559962e-15 
 5415.2380952381245  2.4517682e-15 
  5419.291819291848   2.455519e-15 
  5423.345543345572  2.4803551e-15 
  5427.399267399296  2.4861192e-15 
   5431.45299145302  2.4631348e-15 
 5435.5067155067445  2.4335909e-15 
  5439.560439560469  2.4266077e-15 
  5443.614163614193  2.4038228e-15 
  5447.667887667917  2.3673804e-15 
  5451.721611721641  2.3691764e-15 
 5455.7753357753645  2.3837032e-15 
   5459.82905982909  2.3814128e-15 
  5463.882783882813   2.390313e-15 
  5467.936507936538   2.400992e-15 
  5471.990231990261  2.3991651e-15 
  5476.043956043985  2.4053137e-15 
   5480.09768009771  2.3892208e-15 
  5484.151404151434  2.3669216e-15 
  5488.205128205158  2.3825777e-15 
  5492.258852258882  2.3828036e-15 
  5496.312576312606  2.3559046e-15 
 5500.3663003663305   2.367109e-15 
  5504.420024420055   2.354762e-15 
  5508.473748473778  2.2927314e-15 
  5512.527472527503  2.2943552e-15 
  5516.581196581226  2.3311082e-15 
  5520.634920634951  2.3501367e-15 
  5524.688644688675  2.3527301e-15 
  5528.742368742399  2.3615999e-15 
  5532.796092796123  2.3334322e-15 
  5536.849816849847  2.2732569e-15 
  5540.903540903571  2.2954296e-15 
  5544.957264957296  2.3569852e-15 
   5549.01098901102  2.3115866e-15 
  5553.064713064743  2.2249692e-15 
  5557.118437118468  2.2233598e-15 
  5561.172161172191   2.255829e-15 
 5565.2258852259165  2.2448554e-15 
   5569.27960927964  2.2312188e-15 
  5573.333333333365  2.2075665e-15 
  5577.387057387088  2.2031382e-15 
  5581.440781440812  2.1813021e-15 
 5585.4945054945365  2.1251796e-15 
  5589.548229548261  2.1175652e-15 
  5593.601953601985  2.0951227e-15 
  5597.655677655709  2.1309204e-15 
  5601.709401709433  2.1530307e-15 
 5605.7631257631565   2.106463e-15 
  5609.816849816882  2.0721081e-15 
  5613.870573870605   2.104869e-15 
   5617.92429792433  2.1169947e-15 
  5621.978021978053   2.102728e-15 
  5626.031746031778  2.1012467e-15 
  5630.085470085502  2.1042012e-15 
  5634.139194139226  2.1139403e-15 
   5638.19291819295  2.0946557e-15 
  5642.246642246674  2.0560761e-15 
  5646.300366300398  2.0480276e-15 
 5650.3540903541225  2.0442812e-15 
  5654.407814407847  2.0478116e-15 
   5658.46153846157  2.0553674e-15 
  5662.515262515295  2.0264836e-15 
  5666.568986569018  1.9978826e-15 
  5670.622710622743  2.0131513e-15 
  5674.676434676467  2.0281213e-15 
  5678.730158730192  2.0482025e-15 
  5682.783882783915  2.0778284e-15 
  5686.837606837639  2.0478265e-15 
  5690.891330891363  1.9936051e-15 
  5694.945054945088  1.9814703e-15 
  5698.998778998812  1.9938402e-15 
  5703.052503052536  2.0160475e-15 
   5707.10622710626  2.0073315e-15 
  5711.159951159983  1.9901676e-15 
 5715.2136752137085  1.9845874e-15 
  5719.267399267432   1.972668e-15 
  5723.321123321157   1.973273e-15 
   5727.37484737488  1.9460986e-15 
  5731.428571428605  1.9218091e-15 
 5735.4822954823285   1.953627e-15 
  5739.536019536053   1.995781e-15 
  5743.589743589777  1.9705468e-15 
  5747.643467643501  1.9577163e-15 
  5751.697191697225  1.9687813e-15 
  5755.750915750949  1.9341404e-15 
  5759.804639804674  1.9091576e-15 
  5763.858363858397  1.8953076e-15 
  5767.912087912122   1.866305e-15 
  5771.965811965845  1.8461922e-15 
   5776.01953601957  1.8350007e-15 
  5780.073260073294  1.8242106e-15 
  5784.126984127019   1.812083e-15 
  5788.180708180742  1.8198643e-15 
  5792.234432234466    1.82254e-15 
   5796.28815628819  1.8226925e-15 
 5800.3418803419145  1.8404425e-15 
  5804.395604395639  1.8086538e-15 
  5808.449328449363  1.8187549e-15 
  5812.503052503087  1.8599965e-15 
   5816.55677655681  1.8377828e-15 
  5820.610500610535  1.8131945e-15 
  5824.664224664259  1.8123835e-15 
  5828.717948717984  1.8053933e-15 
  5832.771672771707  1.7706864e-15 
  5836.825396825432   1.749003e-15 
  5840.879120879155  1.7354277e-15 
   5844.93284493288  1.7088006e-15 
  5848.986568986604  1.7060978e-15 
  5853.040293040328  1.7083244e-15 
  5857.094017094052  1.6955674e-15 
  5861.147741147776  1.6933578e-15 
 5865.2014652015005  1.7005908e-15 
  5869.255189255224  1.6893525e-15 
  5873.308913308949  1.6762602e-15 
  5877.362637362672  1.6819406e-15 
  5881.416361416397   1.679311e-15 
 5885.4700854701205  1.6543458e-15 
  5889.523809523845  1.6036614e-15 
  5893.577533577569  1.5779003e-15 
  5897.631257631293  1.5757427e-15 
  5901.684981685017  1.6029742e-15 
  5905.738705738741   1.637846e-15 
  5909.792429792466  1.6921616e-15 
   5913.84615384619  1.7099048e-15 
  5917.899877899914  1.6848365e-15 
  5921.953601953637  1.6916221e-15 
  5926.007326007362  1.7003969e-15 
  5930.061050061086  1.7233882e-15 
  5934.114774114811   1.723439e-15 
  5938.168498168534  1.6923035e-15 
  5942.222222222258  1.6693061e-15 
  5946.275946275982  1.7000666e-15 
 5950.3296703297065   1.761307e-15 
  5954.383394383431  1.7725579e-15 
  5958.437118437155  1.7526211e-15 
  5962.490842490879  1.7426337e-15 
  5966.544566544603  1.7349785e-15 
  5970.598290598327  1.7223775e-15 
  5974.652014652051  1.7064217e-15 
  5978.705738705776  1.5450281e-15 
  5982.759462759499  1.5557805e-15 
  5986.813186813224  1.5562744e-15 
  5990.866910866947   1.553222e-15 
  5994.920634920672  1.5585812e-15 
  5998.974358974396  1.5522875e-15 
   6003.02808302812  1.5392413e-15 
  6007.081807081844  1.5404594e-15 
  6011.135531135568  1.5149348e-15 
  6015.189255189292   1.495493e-15 
  6019.242979243017  1.5370216e-15 
  6023.296703296741  1.5523517e-15 
  6027.350427350464  1.5239312e-15 
  6031.404151404189  1.5233337e-15 
  6035.457875457912   1.541814e-15 
 6039.5115995116375  1.5315813e-15 
  6043.565323565361  1.5276314e-15 
  6047.619047619085  1.5402406e-15 
  6051.672771672809    1.54001e-15 
  6055.726495726533  1.5334906e-15 
 6059.7802197802575  1.5226967e-15 
  6063.833943833982  1.5078188e-15 
  6067.887667887706  1.5124415e-15 
  6071.941391941429  1.5239623e-15 
  6075.995115995154  1.5221508e-15 
 6080.0488400488775  1.5218761e-15 
  6084.102564102603  1.5049312e-15 
  6088.156288156326  1.5118244e-15 
  6092.210012210051   1.508064e-15 
  6096.263736263774  1.5003183e-15 
  6100.317460317498  1.5069527e-15 
  6104.371184371223  1.4939891e-15 
  6108.424908424947  1.4858856e-15 
  6112.478632478671  1.4921373e-15 
  6116.532356532395  1.4822696e-15 
  6120.586080586119  1.4944057e-15 
  6124.639804639843  1.5007354e-15 
  6128.693528693568  1.4835555e-15 
  6132.747252747291  1.4769597e-15 
  6136.800976801016  1.4682907e-15 
  6140.854700854739  1.4528258e-15 
  6144.908424908464   1.457749e-15 
  6148.962148962188  1.4555897e-15 
  6153.015873015912  1.4394336e-15 
  6157.069597069636  1.4406057e-15 
   6161.12332112336  1.4458267e-15 
  6165.177045177084  1.4241516e-15 
  6169.230769230809  1.4080602e-15 
  6173.284493284533  1.4136896e-15 
  6177.338217338256  1.4156749e-15 
  6181.391941391981  1.4072765e-15 
  6185.445665445704  1.3926797e-15 
 6189.4993894994295  1.3861064e-15 
  6193.553113553153   1.390056e-15 
  6197.606837606878  1.3865812e-15 
  6201.660561660601  1.3831018e-15 
  6205.714285714325  1.3762627e-15 
 6209.7680097680495  1.3667625e-15 
  6213.821733821774  1.3788711e-15 
  6217.875457875498   1.393587e-15 
  6221.929181929222  1.3796262e-15 
  6225.982905982946   1.366588e-15 
 6230.0366300366695  1.3710808e-15 
  6234.090354090395  1.3788386e-15 
  6238.144078144118  1.3755341e-15 
  6242.197802197843  1.3657565e-15 
  6246.251526251566  1.3341349e-15 
  6250.305250305291  1.3291447e-15 
  6254.358974359015  1.3441033e-15 
  6258.412698412739  1.3489069e-15 
  6262.466422466463  1.3535257e-15 
  6266.520146520187    1.33185e-15 
  6270.573870573911  1.2822622e-15 
 6274.6275946276355  1.2379917e-15 
   6278.68131868136  1.2130104e-15 
  6282.735042735083   1.211445e-15 
  6286.788766788808  1.2108981e-15 
  6290.842490842531  1.2200723e-15 
  6294.896214896256  1.2487227e-15 
   6298.94993894998  1.2696843e-15 
  6303.003663003705  1.2654941e-15 
  6307.057387057428    1.27297e-15 
  6311.111111111152  1.2719032e-15 
  6315.164835164876   1.262629e-15 
  6319.218559218601  1.2575316e-15 
  6323.272283272325  1.2671131e-15 
  6327.326007326049  1.2712872e-15 
  6331.379731379773   1.277191e-15 
  6335.433455433496  1.2826736e-15 
 6339.4871794872215  1.2846969e-15 
  6343.540903540945  1.2884849e-15 
   6347.59462759467  1.2812576e-15 
  6351.648351648393  1.2705618e-15 
  6355.702075702118  1.2729338e-15 
 6359.7557997558415  1.2768216e-15 
  6363.809523809566  1.2681311e-15 
   6367.86324786329  1.2596045e-15 
  6371.916971917014   1.248265e-15 
  6375.970695970738      1.236e-15 
  6380.024420024462  1.2319457e-15 
  6384.078144078187  1.2523678e-15 
   6388.13186813191  1.2590022e-15 
  6392.185592185635  1.2489582e-15 
  6396.239316239358  1.2470176e-15 
  6400.293040293083  1.2461629e-15 
  6404.346764346807  1.2451557e-15 
  6408.400488400531  1.2499108e-15 
  6412.454212454255  1.2493518e-15 
  6416.507936507979   1.226052e-15 
  6420.561660561703  1.2149649e-15 
 6424.6153846154275  1.2325635e-15 
  6428.669108669152   1.230481e-15 
  6432.722832722876  1.2136456e-15 
    6436.7765567766  1.2095358e-15 
  6440.830280830323  1.2167192e-15 
  6444.884004884048  1.2237019e-15 
  6448.937728937772  1.2061237e-15 
  6452.991452991497  1.1818421e-15 
   6457.04517704522  1.1778505e-15 
  6461.098901098944  1.1881903e-15 
  6465.152625152668  1.1866903e-15 
  6469.206349206393  1.1733449e-15 
  6473.260073260117  1.1735831e-15 
  6477.313797313841  1.1712063e-15 
  6481.367521367565  1.1650219e-15 
  6485.421245421289  1.1686675e-15 
 6489.4749694750135  1.1534619e-15 
  6493.528693528737   1.144834e-15 
  6497.582417582462   1.147667e-15 
  6501.636141636185  1.1377936e-15 
   6505.68986568991  1.1432445e-15 
 6509.7435897436335  1.1684012e-15 
  6513.797313797358   1.151903e-15 
  6517.851037851082  1.1346682e-15 
  6521.904761904806   1.132722e-15 
   6525.95848595853  1.1087648e-15 
  6530.012210012254  1.1105524e-15 
  6534.065934065979  1.1168433e-15 
  6538.119658119703  1.1046403e-15 
  6542.173382173427  1.0941805e-15 
   6546.22710622715  1.0911707e-15 
  6550.280830280875  1.0838728e-15 
  6554.334554334599  1.0876098e-15 
  6558.388278388324  1.1032862e-15 
  6562.442002442047  1.1047391e-15 
  6566.495726495771  1.0908932e-15 
  6570.549450549495  1.0890392e-15 
 6574.6031746032195   1.107764e-15 
  6578.656898656944  1.0989938e-15 
  6582.710622710668  1.0953762e-15 
  6586.764346764392  1.1124448e-15 
  6590.818070818115  1.1218235e-15 
   6594.87179487184  1.1163803e-15 
  6598.925518925564  1.0944048e-15 
  6602.979242979289  1.1029716e-15 
  6607.032967033012  1.1156212e-15 
  6611.086691086737  1.1023172e-15 
   6615.14041514046  1.0923976e-15 
  6619.194139194185  1.1008548e-15 
  6623.247863247909  1.1161463e-15 
  6627.301587301633  1.1246522e-15 
  6631.355311355357  1.1156185e-15 
  6635.409035409081  1.1071898e-15 
 6639.4627594628055  1.0971195e-15 
  6643.516483516529   1.084873e-15 
  6647.570207570254  1.0863154e-15 
  6651.623931623977  1.0722106e-15 
  6655.677655677702  1.0697998e-15 
 6659.7313797314255  1.0916877e-15 
  6663.785103785151  1.0751338e-15 
  6667.838827838874  1.0629824e-15 
  6671.892551892598  1.0715647e-15 
  6675.946275946322  1.0744566e-15 
  6680.000000000046  1.0628993e-15 
  6684.053724053771   1.055297e-15 
  6688.107448107495  1.0686143e-15 
  6692.161172161219  1.0735191e-15 
  6696.214896214942  1.0672232e-15 
  6700.268620268667  1.0512464e-15 
  6704.322344322391  1.0395898e-15 
  6708.376068376116  1.0408792e-15 
  6712.429792429839  1.0431167e-15 
  6716.483516483564  1.0431498e-15 
  6720.537240537287  1.0354537e-15 
 6724.5909645910115  1.0177891e-15 
  6728.644688644736  1.0128404e-15 
   6732.69841269846   1.029337e-15 
  6736.752136752184  1.0265461e-15 
  6740.805860805908  1.0168519e-15 
  6744.859584859632  1.0246695e-15 
  6748.913308913356   1.010223e-15 
  6752.967032967081  1.0067106e-15 
  6757.020757020804  1.0261195e-15 
  6761.074481074529  1.0416453e-15 
  6765.128205128252  1.0457204e-15 
 6769.1819291819775  1.0452935e-15 
  6773.235653235701   1.080676e-15 
  6777.289377289425   1.087532e-15 
  6781.343101343149  1.0745425e-15 
  6785.396825396873  1.1044438e-15 
 6789.4505494505975  1.1053602e-15 
  6793.504273504322  1.0845023e-15 
  6797.557997558046  1.0971537e-15 
  6801.611721611769  1.1147278e-15 
  6805.665445665494  1.1036227e-15 
 6809.7191697192175  1.0952607e-15 
  6813.772893772943  1.1135349e-15 
  6817.826617826666  1.1334125e-15 
  6821.880341880391  1.1385184e-15 
  6825.934065934114  1.1235762e-15 
  6829.987789987838  1.0904576e-15 
  6834.041514041563  1.0949484e-15 
  6838.095238095287   1.111526e-15 
  6842.148962149011  1.1051621e-15 
  6846.202686202735    1.10985e-15 
  6850.256410256459    1.09971e-15 
  6854.310134310183  1.0929693e-15 
  6858.363858363908  1.0911061e-15 
  6862.417582417631  1.0673801e-15 
  6866.471306471356  1.0178908e-15 
  6870.525030525079   9.693223e-16 
  6874.578754578804   9.705994e-16 
  6878.632478632528  1.0453921e-15 
  6882.686202686252  1.1276219e-15 
  6886.739926739976   1.169875e-15 
    6890.7936507937  1.1372775e-15 
  6894.847374847424  1.1113841e-15 
 6898.9010989011485  1.1056422e-15 
  6902.954822954873  1.1075504e-15 
  6907.008547008596  1.1214689e-15 
  6911.062271062321  1.1526344e-15 
  6915.115995116044  1.1768993e-15 
  6919.169719169769  1.1423219e-15 
  6923.223443223493  1.0978122e-15 
  6927.277167277217  1.1020468e-15 
  6931.330891330941  1.1013008e-15 
  6935.384615384665  1.1102014e-15 
  6939.438339438389  1.1325053e-15 
  6943.492063492114   1.124389e-15 
  6947.545787545838  1.1222945e-15 
  6951.599511599562  1.1267528e-15 
  6955.653235653286  1.1713908e-15 
  6959.706959707009  1.2604414e-15 
 6963.7606837607345  1.3143431e-15 
  6967.814407814458  1.2920775e-15 
  6971.868131868183  1.2289435e-15 
  6975.921855921906  1.1604634e-15 
   6979.97557997563  1.1313667e-15 
 6984.0293040293545  1.1263304e-15 
  6988.083028083079  1.1215822e-15 
  6992.136752136803  1.1055559e-15 
  6996.190476190527  1.1011999e-15 
  7000.244200244251  1.1099685e-15 
  7004.297924297975  1.1043305e-15 
    7008.3516483517  1.0936228e-15 
  7012.405372405423  1.0980011e-15 
  7016.459096459148  1.1106477e-15 
  7020.512820512871  1.1086536e-15 
  7024.566544566596  1.1000225e-15 
   7028.62026862032    1.09908e-15 
  7032.673992674044   1.082113e-15 
  7036.727716727768  1.0877049e-15 
  7040.781440781492  1.1007715e-15 
  7044.835164835216  1.0851945e-15 
 7048.8888888889405  1.0736464e-15 
  7052.942612942665  1.0641437e-15 
  7056.996336996389  1.0578327e-15 
  7061.050061050113  1.0610521e-15 
  7065.103785103836  1.0616521e-15 
  7069.157509157561  1.0698902e-15 
  7073.211233211285  1.0562854e-15 
   7077.26495726501  1.0517872e-15 
  7081.318681318733  1.0559644e-15 
  7085.372405372457  1.0607312e-15 
  7089.426129426181  1.0651132e-15 
  7093.479853479906  1.0586769e-15 
   7097.53357753363  1.0459586e-15 
  7101.587301587354   1.044784e-15 
  7105.641025641078  1.0483663e-15 
  7109.694749694801  1.0458587e-15 
 7113.7484737485265  1.0566746e-15 
   7117.80219780225  1.0600677e-15 
  7121.855921855975  1.0324171e-15 
  7125.909645909698  1.0378827e-15 
  7129.963369963423  1.0555045e-15 
 7134.0170940171465  1.0461908e-15 
  7138.070818070871  1.0422445e-15 
  7142.124542124595  1.0406767e-15 
  7146.178266178319  1.0372931e-15 
  7150.231990232043  1.0513634e-15 
  7154.285714285767  1.0211161e-15 
  7158.339438339492   9.338936e-16 
  7162.393162393215   9.310347e-16 
   7166.44688644694   9.928512e-16 
  7170.500610500663  1.0019568e-15 
  7174.554334554388   9.940339e-16 
  7178.608058608112   9.712739e-16 
  7182.661782661837   9.813694e-16 
   7186.71550671556   9.950372e-16 
  7190.769230769284   9.871797e-16 
  7194.822954823008   9.803895e-16 
 7198.8766788767325   9.785654e-16 
  7202.930402930457   9.798273e-16 
  7206.984126984181   9.742676e-16 
  7211.037851037905   9.623637e-16 
  7215.091575091628   9.585492e-16 
  7219.145299145353   9.556273e-16 
  7223.199023199077   9.341409e-16 
  7227.252747252802   9.238292e-16 
  7231.306471306525   9.350566e-16 
   7235.36019536025   9.350776e-16 
  7239.413919413973   9.350363e-16 
  7243.467643467698   9.428171e-16 
  7247.521367521422   9.305513e-16 
  7251.575091575146   9.159065e-16 
   7255.62881562887   9.157098e-16 
  7259.682539682594   8.994868e-16 
 7263.7362637363185   9.031749e-16 
  7267.789987790042   9.145184e-16 
  7271.843711843767   9.080612e-16 
   7275.89743589749   9.377411e-16 
  7279.951159951215   9.640561e-16 
 7284.0048840049385    9.41969e-16 
  7288.058608058664    9.30202e-16 
  7292.112332112387   9.206468e-16 
  7296.166056166111   9.056849e-16 
  7300.219780219835   9.064835e-16 
  7304.273504273559    9.35203e-16 
  7308.327228327284   9.418297e-16 
  7312.380952381008   9.263071e-16 
  7316.434676434732   9.351851e-16 
  7320.488400488455   9.245439e-16 
   7324.54212454218   9.040032e-16 
  7328.595848595904   9.170166e-16 
  7332.649572649629   9.451374e-16 
  7336.703296703352   9.578316e-16 
  7340.757020757077   9.287863e-16 
    7344.8107448108   8.947142e-16 
 7348.8644688645245   8.891724e-16 
  7352.918192918249    9.02077e-16 
  7356.971916971973   9.119748e-16 
  7361.025641025697    9.07307e-16 
  7365.079365079421   8.942766e-16 
  7369.133089133145   8.992648e-16 
  7373.186813186869   9.150226e-16 
  7377.240537240594   9.021945e-16 
  7381.294261294317   8.855044e-16 
  7385.347985348042  8.8285206e-16 
  7389.401709401765   8.922522e-16 
 7393.4554334554905   9.082735e-16 
  7397.509157509214   8.969151e-16 
  7401.562881562938  8.7962794e-16 
  7405.616605616662   8.954476e-16 
  7409.670329670386   8.967705e-16 
 7413.7240537241105   8.780538e-16 
  7417.777777777835   8.646403e-16 
  7421.831501831559   8.619508e-16 
  7425.885225885282   8.694856e-16 
  7429.938949939007  8.6709376e-16 
 7433.9926739927305  8.5793146e-16 
  7438.046398046456   8.458383e-16 
  7442.100122100179   8.353116e-16 
  7446.153846153903  8.2358713e-16 
  7450.207570207627   8.229601e-16 
  7454.261294261351   8.326227e-16 
  7458.315018315076   8.381692e-16 
    7462.3687423688  8.4740194e-16 
  7466.422466422524   8.482809e-16 
  7470.476190476248  8.4202047e-16 
  7474.529914529972  8.3789717e-16 
 7478.5836385836965  8.2919994e-16 
  7482.637362637421  8.2881237e-16 
  7486.691086691144   8.302215e-16 
  7490.744810744868  8.2558147e-16 
  7494.798534798592   8.311672e-16 
 7498.8522588523165   8.361976e-16 
  7502.905982906041  8.3441284e-16 
  7506.959706959765   8.384984e-16 
  7511.013431013489   8.429042e-16 
  7515.067155067213   8.413832e-16 
  7519.120879120937   8.347101e-16 
  7523.174603174662  8.2848007e-16 
  7527.228327228386  8.2949153e-16 
   7531.28205128211  7.6416983e-16 
  7535.335775335834  7.7726157e-16 
  7539.389499389557   7.646914e-16 
  7543.443223443282  7.6766993e-16 
  7547.496947497006  7.5447496e-16 
   7551.55067155073   7.651074e-16 
  7555.604395604454   7.640994e-16 
  7559.658119658178   7.577481e-16 
 7563.7118437119025  7.5349933e-16 
  7567.765567765627  7.5365196e-16 
  7571.819291819351  7.5967653e-16 
  7575.873015873075  7.7053174e-16 
  7579.926739926799   7.624841e-16 
  7583.980463980523   7.498288e-16 
  7588.034188034248  7.3741614e-16 
  7592.087912087971   7.149255e-16 
  7596.141636141695  6.9790766e-16 
  7600.195360195419  7.0121337e-16 
  7604.249084249143    7.52967e-16 
  7608.302808302868  8.4594594e-16 
  7612.356532356592  8.7813383e-16 
  7616.410256410316  8.1451906e-16 
   7620.46398046404   7.552941e-16 
  7624.517704517764   7.500851e-16 
 7628.5714285714885  7.5320785e-16 
  7632.625152625213  7.3918585e-16 
  7636.678876678937   7.259427e-16 
  7640.732600732661   7.403999e-16 
  7644.786324786384  7.6138145e-16 
 7648.8400488401085  7.2473256e-16 
  7652.893772893833    7.22919e-16 
  7656.947496947557   7.322861e-16 
  7661.001221001281  7.4350456e-16 
  7665.054945055005  7.2684654e-16 
  7669.108669108729   7.069772e-16 
  7673.162393162454  7.3075417e-16 
  7677.216117216178   7.429586e-16 
  7681.269841269902  7.3806523e-16 
  7685.323565323626  6.9850233e-16 
   7689.37728937735  6.9260767e-16 
  7693.431013431074   7.061703e-16 
  7697.484737484798  7.0061843e-16 
  7701.538461538522   6.984518e-16 
  7705.592185592246   6.857394e-16 
   7709.64590964597  6.9399257e-16 
 7713.6996336996945   6.822431e-16 
  7717.753357753419  6.6538197e-16 
  7721.807081807143   6.794192e-16 
  7725.860805860867   6.868189e-16 
  7729.914529914591   6.910749e-16 
  7733.968253968315   7.013117e-16 
   7738.02197802204  7.1558916e-16 
  7742.075702075764    7.22365e-16 
  7746.129426129487   7.340232e-16 
  7750.183150183211   7.038502e-16 
  7754.236874236935  6.5930556e-16 
   7758.29059829066   6.753502e-16 
  7762.344322344384  6.9024445e-16 
  7766.398046398108  6.7794315e-16 
  7770.451770451832   6.617243e-16 
  7774.505494505556  6.6142934e-16 
   7778.55921855928   6.850294e-16 
  7782.612942613005   7.071071e-16 
  7786.666666666729  7.2023683e-16 
  7790.720390720453   7.039364e-16 
  7794.774114774177   6.926224e-16 
    7798.8278388279  6.9764847e-16 
  7802.881562881625  6.7315683e-16 
  7806.935286935349  6.6148953e-16 
  7810.989010989073  6.6357816e-16 
  7815.042735042797   6.620554e-16 
  7819.096459096521   6.439753e-16 
 7823.1501831502455  6.3931257e-16 
   7827.20390720397  6.3172453e-16 
  7831.257631257694   6.098089e-16 
  7835.311355311418   6.207951e-16 
  7839.365079365142  6.4358124e-16 
  7843.418803418866   6.540593e-16 
  7847.472527472591  6.5047366e-16 
  7851.526251526314   6.449255e-16 
  7855.579975580038   6.111912e-16 
  7859.633699633762  5.9026936e-16 
  7863.687423687486  5.9671597e-16 
  7867.741147741211  6.0818257e-16 
  7871.794871794935  6.0113526e-16 
  7875.848595848659   5.889274e-16 
  7879.902319902383  6.1056835e-16 
  7883.956043956107   6.212564e-16 
 7888.0097680098315   6.040385e-16 
  7892.063492063556  6.0934973e-16 
   7896.11721611728    6.12712e-16 
  7900.170940171003   6.069643e-16 
  7904.224664224727  6.1541285e-16 
 7908.2783882784515   6.129837e-16 
  7912.332112332176  6.0633424e-16 
    7916.3858363859   5.734879e-16 
  7920.439560439624   5.658971e-16 
  7924.493284493348  5.7778653e-16 
  7928.547008547072  5.5920607e-16 
  7932.600732600797  5.2971233e-16 
  7936.654456654521  5.2518886e-16 
  7940.708180708245   5.352899e-16 
  7944.761904761969   5.499676e-16 
  7948.815628815693   5.351671e-16 
  7952.869352869417  5.2590677e-16 
  7956.923076923141   4.968385e-16 
  7960.976800976865   4.962522e-16 
  7965.030525030589  4.9928156e-16 
  7969.084249084313   5.086065e-16 
 7973.1379731380375  5.2250996e-16 
  7977.191697191762   5.138567e-16 
  7981.245421245486   4.973952e-16 
   7985.29914529921   4.973942e-16 
  7989.352869352934   4.979622e-16 
  7993.406593406658  4.9762016e-16 
  7997.460317460383   5.036065e-16 
  8001.514041514107  4.9179945e-16 
   8005.56776556783  4.9110367e-16 
  8009.621489621554   5.013446e-16 
  8013.675213675278  5.0662025e-16 
  8017.728937729003   5.187596e-16 
  8021.782661782727   5.161575e-16 
  8025.836385836451   5.229966e-16 
  8029.890109890175  5.3634216e-16 
  8033.943833943899   5.341226e-16 
 8037.9975579976235   5.254282e-16 
  8042.051282051348   5.327307e-16 
  8046.105006105072  5.5244346e-16 
  8050.158730158796   5.553154e-16 
   8054.21245421252  5.5531057e-16 
 8058.2661782662435  5.4947827e-16 
  8062.319902319968   5.389301e-16 
  8066.373626373692  5.4223344e-16 
  8070.427350427416   5.441677e-16 
   8074.48107448114   5.458965e-16 
  8078.534798534864   5.577982e-16 
  8082.588522588589  5.6441024e-16 
  8086.642246642313  5.6115515e-16 
  8090.695970696037   5.577734e-16 
  8094.749694749761  5.4908286e-16 
  8098.803418803485   5.365073e-16 
 8102.8571428572095   5.389777e-16 
  8106.910866910934  5.4027335e-16 
  8110.964590964657  5.4628024e-16 
  8115.018315018381   5.790357e-16 
  8119.072039072105   5.925068e-16 
 8123.1257631258295  5.7630676e-16 
  8127.179487179554   5.710006e-16 
  8131.233211233278  5.6212145e-16 
  8135.286935287002   5.464509e-16 
  8139.340659340726  5.3313217e-16 
   8143.39438339445  5.2387156e-16 
  8147.448107448175  5.1725893e-16 
  8151.501831501899   5.056012e-16 
  8155.555555555623   5.040287e-16 
  8159.609279609347  5.1156375e-16 
   8163.66300366307  5.1074986e-16 
  8167.716727716795   5.034644e-16 
  8171.770451770519  5.0823306e-16 
  8175.824175824243  5.2094686e-16 
  8179.877899877967   5.290162e-16 
  8183.931623931691   5.432818e-16 
 8187.9853479854155   5.558945e-16 
   8192.03907203914  5.5215314e-16 
  8196.092796092864   5.565294e-16 
  8200.146520146587   5.729469e-16 
  8204.200244200312  5.8160866e-16 
  8208.253968254037   5.774797e-16 
   8212.30769230776   5.632882e-16 
  8216.361416361484  5.5047994e-16 
  8220.415140415207   5.442847e-16 
  8224.468864468932   5.266963e-16 
  8228.522588522657  5.3228805e-16 
   8232.57631257638     5.4981e-16 
  8236.630036630104   5.728433e-16 
  8240.683760683829  5.9880163e-16 
  8244.737484737554  5.8028496e-16 
  8248.791208791277   5.430727e-16 
     8252.844932845  5.2210026e-16 
  8256.898656898726  5.2248163e-16 
   8260.95238095245  5.2000994e-16 
  8265.006105006174  5.2587193e-16 
  8269.059829059897   5.380503e-16 
   8273.11355311362   5.336028e-16 
  8277.167277167346  5.4428235e-16 
   8281.22100122107   5.717115e-16 
  8285.274725274794  5.7603704e-16 
  8289.328449328517   5.720292e-16 
  8293.382173382242  5.5453855e-16 
  8297.435897435967  5.2031693e-16 
   8301.48962148969   5.199112e-16 
  8305.543345543414   5.215491e-16 
   8309.59706959714  5.2949417e-16 
  8313.650793650864  5.3454253e-16 
  8317.704517704587  5.2802546e-16 
   8321.75824175831  5.4095283e-16 
  8325.811965812034  5.6254047e-16 
   8329.86568986576  5.5779195e-16 
  8333.919413919484  5.5183567e-16 
  8337.973137973207   5.487554e-16 
   8342.02686202693   5.002839e-16 
  8346.080586080656   5.033748e-16 
  8350.134310134381  5.1952575e-16 
  8354.188034188104  5.1345247e-16 
  8358.241758241827  5.1639454e-16 
  8362.295482295553   5.305025e-16 
  8366.349206349278  5.3756395e-16 
  8370.402930403001  5.4354067e-16 
  8374.456654456724  5.5404166e-16 
  8378.510378510447   5.517335e-16 
  8382.564102564173  5.2362296e-16 
  8386.617826617898   4.956426e-16 
  8390.671550671621   5.047761e-16 
  8394.725274725344  4.9510966e-16 
   8398.77899877907   4.747154e-16 
  8402.832722832794   5.003316e-16 
  8406.886446886518  5.1026286e-16 
  8410.940170940241  5.0959085e-16 
  8414.993894993966   5.228279e-16 
   8419.04761904769  5.1831825e-16 
  8423.101343101414  4.9001534e-16 
  8427.155067155138   4.711759e-16 
  8431.208791208861  4.8438336e-16 
  8435.262515262586  4.7750477e-16 
  8439.316239316311  4.8014904e-16 
  8443.369963370034   4.936238e-16 
  8447.423687423758  4.9628174e-16 
  8451.477411477483    4.97472e-16 
  8455.531135531208   5.119449e-16 
  8459.584859584931  5.1287384e-16 
  8463.638583638654  4.9119795e-16 
   8467.69230769238  4.9166493e-16 
  8471.746031746103   5.006677e-16 
  8475.799755799828   4.880269e-16 
  8479.853479853551   4.874965e-16 
  8483.907203907274   4.863876e-16 
     8487.960927961   4.725747e-16 
  8492.014652014725  4.8577297e-16 
  8496.068376068448  5.0030123e-16 
  8500.122100122171   4.842908e-16 
  8504.175824175896   4.766104e-16 
  8508.229548229621  4.8298253e-16 
  8512.283272283345    4.71338e-16 
  8516.336996337068  4.6938934e-16 
  8520.390720390793   4.762055e-16 
  8524.444444444516  4.4265632e-16 
  8528.498168498241  4.4102697e-16 
  8532.551892551965   4.548271e-16 
  8536.605616605688  4.5569414e-16 
  8540.659340659413   4.764182e-16 
  8544.713064713138   4.879242e-16 
  8548.766788766861   4.944926e-16 
  8552.820512820585  4.9224054e-16 
   8556.87423687431   4.821369e-16 
  8560.927960928035  4.8879566e-16 
  8564.981684981758  4.8323187e-16 
  8569.035409035481   4.605725e-16 
  8573.089133089206   4.522747e-16 
   8577.14285714293  4.5222464e-16 
  8581.196581196655  4.5677745e-16 
  8585.250305250378  4.6156006e-16 
  8589.304029304101   4.658836e-16 
  8593.357753357826  4.7026666e-16 
  8597.411477411551   4.863819e-16 
  8601.465201465275  4.8288316e-16 
  8605.518925518998   4.776159e-16 
  8609.572649572723  4.7730725e-16 
  8613.626373626448   4.675131e-16 
  8617.680097680171   4.693301e-16 
  8621.733821733895   4.689015e-16 
   8625.78754578762   4.681858e-16 
  8629.841269841343  4.7031314e-16 
  8633.894993895068  4.6864327e-16 
  8637.948717948791   4.731643e-16 
  8642.002442002515   4.506847e-16 
   8646.05616605624  4.3561756e-16 
  8650.109890109965   4.606778e-16 
  8654.163614163688   4.762202e-16 
  8658.217338217411  4.6534217e-16 
  8662.271062271137  4.4765887e-16 
  8666.324786324862  4.4731434e-16 
  8670.378510378585  4.6196833e-16 
  8674.432234432308  4.6319504e-16 
  8678.485958486033   4.696492e-16 
  8682.539682539757   4.669674e-16 
  8686.593406593482  4.5539016e-16 
  8690.647130647205  4.6771984e-16 
  8694.700854700928  4.7619737e-16 
  8698.754578754653   4.733807e-16 
  8702.808302808378  4.7587624e-16 
  8706.862026862102  4.7173997e-16 
  8710.915750915825  4.5948996e-16 
   8714.96947496955   4.568015e-16 
  8719.023199023275  4.6147795e-16 
  8723.076923076998   4.599208e-16 
  8727.130647130722   4.542255e-16 
  8731.184371184445  4.6442806e-16 
   8735.23809523817  4.6964303e-16 
  8739.291819291895   4.671491e-16 
  8743.345543345618   4.766961e-16 
  8747.399267399342   4.892394e-16 
  8751.452991453067  4.8231845e-16 
  8755.506715506792   4.681959e-16 
  8759.560439560515   4.524833e-16 
  8763.614163614238  4.3257756e-16 
  8767.667887667963  4.3104218e-16 
  8771.721611721689  4.3851528e-16 
  8775.775335775412   4.475441e-16 
  8779.829059829135   4.698113e-16 
  8783.882783882858  4.7106107e-16 
  8787.936507936583  4.6276523e-16 
  8791.990231990309  4.8284997e-16 
  8796.043956044032  4.7169523e-16 
  8800.097680097755   4.605786e-16 
   8804.15140415148    4.60878e-16 
  8808.205128205205  4.4239626e-16 
  8812.258852258929    4.47778e-16 
  8816.312576312652  4.3248176e-16 
  8820.366300366377  4.1406449e-16 
  8824.420024420102  4.3297955e-16 
  8828.473748473825  4.1921535e-16 
  8832.527472527549   4.136367e-16 
  8836.581196581272  4.4645937e-16 
  8840.634920634997   4.535525e-16 
  8844.688644688722  4.5065186e-16 
  8848.742368742445  4.6345397e-16 
  8852.796092796169    4.58058e-16 
  8856.849816849894  4.3534513e-16 
  8860.903540903619  4.1777854e-16 
  8864.957264957342  4.1005376e-16 
  8869.010989011065  4.1670935e-16 
   8873.06471306479  4.4053352e-16 
  8877.118437118515   4.719525e-16 
  8881.172161172239   4.734393e-16 
  8885.225885225962  4.3655583e-16 
  8889.279609279685  4.1139003e-16 
   8893.33333333341   4.130532e-16 
  8897.387057387135  4.2360989e-16 
  8901.440781440859  4.4381535e-16 
  8905.494505494582   4.624993e-16 
  8909.548229548307  4.5787144e-16 
  8913.601953602032  4.3549752e-16 
  8917.655677655755  4.1251246e-16 
  8921.709401709479  4.0437287e-16 
  8925.763125763204  4.1958388e-16 
  8929.816849816929  4.2725684e-16 
  8933.870573870652  4.4861035e-16 
  8937.924297924375   4.677378e-16 
  8941.978021978099   4.619507e-16 
  8946.031746031824  4.4934796e-16 
  8950.085470085549  4.2439212e-16 
  8954.139194139272  3.8805626e-16 
  8958.192918192995  3.9447277e-16 
   8962.24664224672  4.3165506e-16 
  8966.300366300446  4.1893395e-16 
  8970.354090354169  3.9212022e-16 
  8974.407814407892  3.9135326e-16 
  8978.461538461617  4.0305862e-16 
  8982.515262515342   4.032517e-16 
  8986.568986569066  4.0250095e-16 
  8990.622710622789  4.1010784e-16 
  8994.676434676512  4.3561036e-16 
  8998.730158730237   4.370501e-16 
  9002.783882783962  4.2694283e-16 
  9006.837606837686  4.0387336e-16 
  9010.891330891409  4.0175588e-16 
  9014.945054945134  3.9983979e-16 
  9018.998778998859  3.8557932e-16 
  9023.052503052582  3.8634973e-16 
  9027.106227106306  4.0463063e-16 
   9031.15995116003  4.0854146e-16 
  9035.213675213756  4.0461512e-16 
  9039.267399267479  4.0693562e-16 
  9043.321123321202  4.0647753e-16 
  9047.374847374926  4.0150174e-16 
   9051.42857142865  3.9600127e-16 
  9055.482295482376  4.0241212e-16 
  9059.536019536099   4.090862e-16 
  9063.589743589822  3.9380018e-16 
  9067.643467643547  3.8375262e-16 
  9071.697191697273   3.720316e-16 
  9075.750915750996  3.6399727e-16 
  9079.804639804719  3.7254746e-16 
  9083.858363858444    3.80642e-16 
   9087.91208791217  3.9529765e-16 
  9091.965811965892  3.9450726e-16 
  9096.019536019616  3.9814688e-16 
  9100.073260073339  4.2056343e-16 
  9104.126984127064  4.1546106e-16 
   9108.18070818079   4.176159e-16 
  9112.234432234512  4.1946152e-16 
  9116.288156288236  3.9478768e-16 
   9120.34188034196  3.8525007e-16 
  9124.395604395686  3.8362567e-16 
   9128.44932844941  3.6339797e-16 
  9132.503052503132  3.4948018e-16 
  9136.556776556858  3.6994468e-16 
  9140.610500610583  3.9799069e-16 
  9144.664224664306  4.0355847e-16 
   9148.71794871803  4.0051966e-16 
  9152.771672771752  4.0117323e-16 
  9156.825396825478  3.9857307e-16 
  9160.879120879203   3.941057e-16 
  9164.932844932926   3.965464e-16 
   9168.98656898665   3.926468e-16 
  9173.040293040374   3.848031e-16 
    9177.0940170941  3.8753674e-16 
  9181.147741147823  3.9396704e-16 
  9185.201465201546  3.9373885e-16 
  9189.255189255271   4.220489e-16 
  9193.308913308996  4.3526024e-16 
   9197.36263736272  4.1459618e-16 
  9201.416361416443  4.2591495e-16 
  9205.470085470166  4.3122675e-16 
  9209.523809523891  4.1414016e-16 
  9213.577533577616  4.1129556e-16 
   9217.63125763134  4.0988708e-16 
  9221.684981685063  4.1998607e-16 
  9225.738705738788   4.274362e-16 
  9229.792429792513  4.3034028e-16 
  9233.846153846236  4.4532953e-16 
   9237.89987789996   4.485902e-16 
  9241.953601953684   4.299014e-16 
   9246.00732600741  4.1945633e-16 
  9250.061050061133   4.162976e-16 
  9254.114774114856  4.1791854e-16 
   9258.16849816858  4.5006667e-16 
  9262.222222222304     4.6071e-16 
   9266.27594627603  4.3928415e-16 
  9270.329670329753  4.3679835e-16 
  9274.383394383476  4.3655596e-16 
  9278.437118437201   4.160808e-16 
  9282.490842490926   3.884618e-16 
   9286.54456654465   3.943143e-16 
  9290.598290598373  3.7745747e-16 
  9294.652014652098  3.8734007e-16 
  9298.705738705823  4.1492486e-16 
  9302.759462759546  4.2284163e-16 
   9306.81318681327   3.714374e-16 
  9310.866910866993   3.524187e-16 
  9314.920634920718   3.533547e-16 
  9318.974358974443   3.385619e-16 
  9323.028083028166  3.3635062e-16 
   9327.08180708189   3.236541e-16 
  9331.135531135615  2.9995393e-16 
   9335.18925518934  2.9065213e-16 
  9339.242979243063  2.7609282e-16 
  9343.296703296786  2.5920481e-16 
  9347.350427350511   2.729372e-16 
  9351.404151404236   2.994566e-16 
   9355.45787545796  2.9347563e-16 
  9359.511599511683  2.9609268e-16 
  9363.565323565406  3.4243583e-16 
  9367.619047619131  3.4771092e-16 
  9371.672771672856  3.0406288e-16 
   9375.72649572658  3.0384716e-16 
  9379.780219780303  3.7403704e-16 
  9383.833943834028  3.8167066e-16 
  9387.887667887753  3.5554547e-16 
  9391.941391941476  3.7340577e-16 
    9395.9951159952  3.7564275e-16 
  9400.048840048925  3.7111129e-16 
   9404.10256410265  3.6836976e-16 
  9408.156288156373  3.7291176e-16 
  9412.210012210096  3.8209553e-16 
   9416.26373626382  3.9300344e-16 
  9420.317460317545  3.9142157e-16 
   9424.37118437127  3.4716003e-16 
  9428.424908424993   2.870659e-16 
  9432.478632478716  2.9147222e-16 
  9436.532356532442  3.1232958e-16 
  9440.586080586167   3.073812e-16 
   9444.63980463989  3.2441132e-16 
  9448.693528693613  3.2402467e-16 
  9452.747252747338   3.142504e-16 
  9456.800976801062   2.783787e-16 
  9460.854700854787  2.8795703e-16 
   9464.90842490851  3.4047895e-16 
  9468.962148962233  3.7495658e-16 
  9473.015873015958   3.601281e-16 
  9477.069597069683  3.5830349e-16 
  9481.123321123407  3.6676267e-16 
   9485.17704517713   3.428137e-16 
  9489.230769230855  3.5114214e-16 
   9493.28449328458   3.313673e-16 
  9497.338217338303  2.8703008e-16 
  9501.391941392027  3.2342598e-16 
  9505.445665445752  3.4286123e-16 
  9509.499389499475   3.316894e-16 
    9513.5531135532  3.6074914e-16 
  9517.606837606923  3.8098573e-16 
  9521.660561660647  3.4665234e-16 
  9525.714285714372  3.3470322e-16 
  9529.768009768097  3.5011564e-16 
   9533.82173382182  3.4231876e-16 
  9537.875457875543   3.321039e-16 
  9541.929181929268   3.298664e-16 
  9545.982905982994  3.2488454e-16 
  9550.036630036717  3.0037744e-16 
   9554.09035409044  3.1220946e-16 
  9558.144078144165  3.1449296e-16 
  9562.197802197888  3.2464772e-16 
  9566.251526251614   3.386704e-16 
  9570.305250305337  3.5240697e-16 
   9574.35897435906  3.4273957e-16 
  9578.412698412785  3.4614904e-16 
   9582.46642246651  3.3715066e-16 
  9586.520146520234  2.9221626e-16 
  9590.573870573957   2.965693e-16 
  9594.627594627682  3.3001582e-16 
  9598.681318681407  3.3491243e-16 
   9602.73504273513  3.4969472e-16 
  9606.788766788854  3.5829766e-16 
  9610.842490842579    3.53263e-16 
  9614.896214896302  3.7109225e-16 
  9618.949938950027  3.8363774e-16 
   9623.00366300375  3.8011151e-16 
  9627.057387057474  3.8293613e-16 
  9631.111111111199  3.7249237e-16 
  9635.164835164924  3.5229993e-16 
  9639.218559218647  3.4353515e-16 
   9643.27228327237  3.2677904e-16 
  9647.326007326095  3.1221208e-16 
   9651.37973137982   3.475999e-16 
  9655.433455433544   3.723467e-16 
  9659.487179487267  3.3297982e-16 
  9663.540903540992  3.4371252e-16 
  9667.594627594715  3.6931052e-16 
   9671.64835164844  4.0095694e-16 
  9675.702075702164  4.0832348e-16 
  9679.755799755887  3.8637172e-16 
  9683.809523809612  3.4478704e-16 
  9687.863247863337  3.5995917e-16 
   9691.91697191706  3.7362793e-16 
  9695.970695970784   3.220545e-16 
  9700.024420024509  3.4674577e-16 
  9704.078144078234  3.6233473e-16 
  9708.131868131957  3.5720658e-16 
   9712.18559218568   3.919771e-16 
  9716.239316239406  3.9526663e-16 
  9720.293040293129   3.415112e-16 
  9724.346764346854  3.5114068e-16 
  9728.400488400577  3.9049632e-16 
    9732.4542124543  3.4227654e-16 
  9736.507936508026  3.1529682e-16 
   9740.56166056175   3.098151e-16 
  9744.615384615474  3.1641652e-16 
  9748.669108669197  3.2301202e-16 
  9752.722832722922  2.8952462e-16 
  9756.776556776647   2.827414e-16 
   9760.83028083037  3.2082064e-16 
  9764.884004884094   3.302425e-16 
  9768.937728937817   3.348645e-16 
  9772.991452991542   3.748586e-16 
  9777.045177045267  3.7387484e-16 
   9781.09890109899  3.6496908e-16 
  9785.152625152714  3.8163834e-16 
  9789.206349206439  3.5788338e-16 
  9793.260073260164  3.6133271e-16 
  9797.313797313887  3.8031716e-16 
   9801.36752136761  3.7020176e-16 
  9805.421245421336  3.7446204e-16 
   9809.47496947506   3.549419e-16 
  9813.528693528784  3.6176637e-16 
  9817.582417582507  3.8525255e-16 
   9821.63614163623  3.6021492e-16 
  9825.689865689956  3.5603958e-16 
   9829.74358974368  3.4050425e-16 
  9833.797313797404  3.2523868e-16 
  9837.851037851127  3.6394377e-16 
  9841.904761904852  3.6624204e-16 
  9845.958485958578   3.178106e-16 
    9850.0122100123  3.1745085e-16 
  9854.065934066024   3.303202e-16 
   9858.11965811975   3.154927e-16 
  9862.173382173474   3.283638e-16 
  9866.227106227198   3.097803e-16 
   9870.28083028092  3.2833557e-16 
  9874.334554334644   3.987065e-16 
   9878.38827838837  3.6045087e-16 
  9882.442002442094  3.2772978e-16 
  9886.495726495818  3.8745047e-16 
   9890.54945054954  3.8667403e-16 
  9894.603174603266   3.143305e-16 
  9898.656898656991   3.051629e-16 
  9902.710622710714  3.4706712e-16 
  9906.764346764438  3.5583325e-16 
  9910.818070818163  3.6066393e-16 
  9914.871794871888  3.4002579e-16 
  9918.925518925611  2.9448355e-16 
  9922.979242979334  3.2031033e-16 
  9927.032967033058  3.4452594e-16 
  9931.086691086783  3.3331726e-16 
  9935.140415140508  3.6461303e-16 
  9939.194139194231  3.4519356e-16 
  9943.247863247954  2.8000493e-16 
   9947.30158730168  2.9835555e-16 
  9951.355311355404  3.8432336e-16 
  9955.409035409128   3.951676e-16 
  9959.462759462851  3.1123617e-16 
  9963.516483516576   2.394879e-16 
  9967.570207570301  2.9838353e-16 
  9971.623931624024  3.2128444e-16 
  9975.677655677748  3.0188916e-16 
  9979.731379731471  2.2838507e-16 
  9983.785103785196  2.6313393e-16 
  9987.838827838921  2.8941723e-16 
  9991.892551892644  2.7513457e-16 
  9995.946275946368  2.6377318e-16 
 10000.000000000093   2.853029e-16 
