# STATUS =
# OBJECT = LSQ14mo
# TELESCOPE = ESO-NTT
# INSTRUMENT = EFOSC2-NTT
# DATE-OBS = 2014-02-06 06:42:35.00
# MJD = 56694.27957180003
# EXPTIME = 1800
# AIRMASS = --
# SLIT = --
# DISPERSER = --
# SOURCE = --
# FILTER =
# RESOLUTION =
# FLUX_STANDARD =
# EXTINCTION_CORRECTED = --
# PHOTOMETRY_CALIBRATED =
# TELLURIC_CORRECTED =
# FLUX_UNITS = erg cm(-2) sec(-1) Ang(-1)
# WAVE_UNITS = Angstrom
# QUALITY = --
# MIN_WAVE = 6009.705
# MAX_WAVE = 10008.995
# COMMENT = Released as part of DR2
 Wavelength            Flux          Error 
   6009.705   4.4505576e-17  1.8964257e-18 
  6013.9194   4.6177877e-17    1.91589e-18 
   6018.134   4.1177507e-17  1.8726654e-18 
  6022.3477   4.1555982e-17  1.8856329e-18 
   6026.562   4.4542554e-17   1.898139e-18 
  6030.7764    4.059184e-17  1.8606119e-18 
    6034.99    4.279648e-17  1.8831705e-18 
  6039.2046    4.565006e-17  1.9135955e-18 
   6043.419   4.2304683e-17  1.8791513e-18 
  6047.6333    4.008905e-17  1.8546926e-18 
   6051.847   4.5713177e-17  1.9073786e-18 
  6056.0615   4.0341218e-17  1.8531733e-18 
   6060.276   3.9992254e-17  1.8506326e-18 
  6064.4897    4.327937e-17  1.8856777e-18 
   6068.704    4.323967e-17  1.8802136e-18 
  6072.9185   3.8185314e-17  1.8302558e-18 
   6077.133   4.0970828e-17   1.840714e-18 
  6081.3467   4.4960787e-17  1.8712153e-18 
   6085.561    4.439272e-17  1.8603703e-18 
  6089.7754    4.140355e-17  1.8303003e-18 
  6093.9893    4.562291e-17  1.8773739e-18 
  6098.2036   4.2789242e-17  1.8463492e-18 
   6102.418    4.739225e-17  1.8726935e-18 
  6106.6323   4.0717274e-17  1.8264743e-18 
   6110.846     4.51776e-17   1.861654e-18 
  6115.0605   4.1981752e-17  1.8370842e-18 
   6119.275     3.71724e-17  1.7845375e-18 
   6123.489    3.907223e-17  1.8029415e-18 
   6127.703    3.882384e-17  1.8010764e-18 
  6131.9175   3.7855282e-17  1.8024543e-18 
   6136.132   4.1785912e-17  1.8374918e-18 
  6140.3457   4.3136536e-17  1.8535608e-18 
    6144.56   4.1436587e-17  1.8356536e-18 
  6148.7744    3.857806e-17  1.8129303e-18 
  6152.9883   3.8091452e-17  1.7999398e-18 
  6157.2026   4.0167623e-17  1.8173696e-18 
   6161.417   3.7423792e-17  1.7804918e-18 
  6165.6313   3.9825818e-17  1.8088583e-18 
   6169.845   4.2595527e-17  1.8228616e-18 
  6174.0596   4.0041815e-17  1.7993703e-18 
   6178.274   3.9008643e-17  1.7818748e-18 
   6182.488   4.0097306e-17  1.7811633e-18 
   6186.702   4.1380332e-17   1.785538e-18 
  6190.9165   4.2757505e-17  1.8071543e-18 
   6195.131    3.697125e-17  1.7703584e-18 
  6199.3447   3.8805322e-17   1.786291e-18 
   6203.559    3.714265e-17  1.7538005e-18 
  6207.7734   4.0561923e-17  1.7593067e-18 
  6211.9873   3.9135764e-17  1.7634734e-18 
  6216.2017    4.069253e-17  1.7677762e-18 
   6220.416   4.0537657e-17  1.7830101e-18 
  6224.6304   4.4751834e-17  1.8800095e-18 
   6228.844   4.2350714e-17  1.8821922e-18 
  6233.0586   3.8610554e-17  1.8555704e-18 
   6237.273   3.8465917e-17  1.8297136e-18 
   6241.487   3.5996918e-17  1.7569428e-18 
   6245.701    3.984475e-17  1.7862459e-18 
  6249.9155    3.540184e-17   1.784239e-18 
    6254.13   3.9140082e-17  1.8230002e-18 
  6258.3438   3.7960046e-17   1.811367e-18 
   6262.558   4.0260545e-17  1.8002645e-18 
  6266.7725   4.0238294e-17  1.7652572e-18 
  6270.9863   3.9081164e-17  1.7453701e-18 
  6275.2007   4.0105567e-17  1.7667269e-18 
   6279.415    4.215951e-17   1.824679e-18 
  6283.6294   4.4275878e-17  1.9647589e-18 
  6287.8433   3.8524518e-17  2.8336139e-18 
  6292.0576   4.5453654e-17  3.5910863e-18 
   6296.272    3.251644e-17  3.5766467e-18 
   6300.486    3.852698e-17  3.3736185e-18 
     6304.7   3.5151394e-17   2.363777e-18 
  6308.9146   3.8227252e-17  1.7139436e-18 
   6313.129    3.952754e-17   1.749795e-18 
   6317.343   3.8604784e-17  1.7478616e-18 
   6321.557   3.5522355e-17  1.7552545e-18 
  6325.7715     3.47477e-17  1.7332852e-18 
  6329.9854    3.706803e-17   1.725445e-18 
  6334.1997    3.781021e-17  1.7081449e-18 
   6338.414   3.9713884e-17  1.7170083e-18 
  6342.6284    3.784506e-17  1.7066339e-18 
  6346.8423   3.6082098e-17  1.7638204e-18 
  6351.0566   4.2728375e-17  2.1296753e-18 
   6355.271   3.9723248e-17  2.4793256e-18 
   6359.485   4.0509566e-17  2.4800763e-18 
   6363.699   4.1466124e-17    2.41385e-18 
  6367.9136   3.8893616e-17  1.9696947e-18 
  6372.1274   3.7828948e-17  1.6901303e-18 
   6376.342   3.9916712e-17  1.7338855e-18 
   6380.556   3.8365252e-17  1.7148462e-18 
  6384.7705   3.6975767e-17   1.696949e-18 
  6388.9844   3.7988402e-17  1.6908641e-18 
  6393.1987   3.7205694e-17  1.6720184e-18 
   6397.413    3.951662e-17  1.6893877e-18 
   6401.627    3.726462e-17  1.6673636e-18 
  6405.8413    3.530898e-17  1.6496842e-18 
  6410.0557   3.9248562e-17  1.7027967e-18 
    6414.27   3.9345733e-17  1.7022472e-18 
   6418.484    3.624111e-17  1.6656367e-18 
   6422.698   4.1444965e-17   1.709828e-18 
  6426.9126   3.5857876e-17  1.6528614e-18 
  6431.1265   4.0163407e-17  1.6786335e-18 
   6435.341   3.8693795e-17  1.6746496e-18 
   6439.555    3.802351e-17  1.6658517e-18 
  6443.7695   3.9186153e-17  1.6882532e-18 
  6447.9834   3.8314033e-17  1.6984259e-18 
  6452.1978   3.8824215e-17  1.7124765e-18 
   6456.412   4.1179542e-17  1.7644803e-18 
   6460.626   4.2843237e-17  1.7942627e-18 
  6464.8403   3.6336866e-17  1.7329231e-18 
  6469.0547   3.6651427e-17  1.7209437e-18 
   6473.269    4.059487e-17  1.7184584e-18 
   6477.483   3.7831453e-17  1.6649104e-18 
  6481.6973   3.8318126e-17    1.65497e-18 
  6485.9116    3.855259e-17  1.6870363e-18 
  6490.1255   3.8147135e-17  1.7184208e-18 
    6494.34   3.7214654e-17  1.7308319e-18 
   6498.554   3.8543344e-17  1.7455978e-18 
  6502.7686   3.7093105e-17  1.6975901e-18 
  6506.9824    3.275236e-17  1.6374796e-18 
   6511.197   4.3045152e-17   1.689926e-18 
   6515.411   3.6038674e-17  1.6657169e-18 
   6519.625   3.5312225e-17  1.6547505e-18 
  6523.8394    4.026604e-17  1.7208448e-18 
  6528.0537   3.6944348e-17  1.6833413e-18 
   6532.268   3.4565376e-17  1.6775029e-18 
   6536.482   3.8146238e-17  1.7059097e-18 
  6540.6963   3.6011778e-17  1.6696095e-18 
  6544.9106   3.5270766e-17  1.7046157e-18 
  6549.1245    3.565354e-17  1.7127574e-18 
   6553.339   3.9645857e-17  1.7498663e-18 
   6557.553   3.7059194e-17  1.7246086e-18 
  6561.7676    3.502202e-17  1.6999773e-18 
  6565.9814   3.6911363e-17  1.7053264e-18 
   6570.196   3.7201846e-17  1.6935939e-18 
    6574.41   3.3506704e-17  1.6498594e-18 
   6578.624   3.7029676e-17  1.6709025e-18 
  6582.8384   3.6623117e-17   1.638713e-18 
  6587.0527   3.5954084e-17  1.6219778e-18 
   6591.267   3.5586005e-17  1.6172137e-18 
   6595.481    3.329285e-17  1.6166248e-18 
  6599.6953   3.8291703e-17  1.6528679e-18 
  6603.9097   3.5689263e-17  1.6287946e-18 
  6608.1235   3.7506324e-17   1.614961e-18 
   6612.338   3.6361695e-17  1.5941033e-18 
  6616.5522   3.4355736e-17  1.5857006e-18 
  6620.7666   3.2252053e-17  1.5537706e-18 
  6624.9805    3.494946e-17  1.6071344e-18 
   6629.195    3.393375e-17  1.5889619e-18 
   6633.409     3.60807e-17  1.6035067e-18 
   6637.623   3.7125355e-17  1.6092419e-18 
  6641.8374   3.4177958e-17  1.5592686e-18 
   6646.052    3.420529e-17  1.5659601e-18 
   6650.266      3.3756e-17  1.5678825e-18 
    6654.48   3.2808402e-17  1.5572831e-18 
  6658.6943    3.199629e-17  1.5567428e-18 
  6662.9087    3.066291e-17  1.5407822e-18 
  6667.1226   3.5406837e-17  1.5833906e-18 
   6671.337   3.2721435e-17  1.5394633e-18 
  6675.5513    3.275634e-17  1.5343467e-18 
  6679.7656    3.793831e-17  1.5852458e-18 
  6683.9795    3.586521e-17  1.5656381e-18 
   6688.194   3.3715766e-17  1.5382356e-18 
   6692.408   3.5435858e-17  1.5640514e-18 
   6696.622    3.474476e-17  1.5627782e-18 
  6700.8364   3.3946364e-17  1.5510966e-18 
   6705.051   3.3977784e-17  1.5466119e-18 
   6709.265    3.060339e-17  1.5078197e-18 
   6713.479    3.528732e-17  1.5604237e-18 
  6717.6934   3.1272122e-17  1.5193426e-18 
  6721.9077   3.3765648e-17   1.533405e-18 
  6726.1216   3.2452737e-17  1.5195864e-18 
   6730.336   3.2404298e-17  1.5293289e-18 
  6734.5503   3.3692062e-17  1.5384165e-18 
  6738.7646    3.405728e-17  1.5374642e-18 
  6742.9785    3.262622e-17  1.5268725e-18 
   6747.193   3.2817478e-17  1.5133842e-18 
   6751.407   3.4232694e-17  1.5216466e-18 
   6755.621   3.4803727e-17  1.5249963e-18 
  6759.8354   3.2719956e-17  1.5193219e-18 
    6764.05    3.173764e-17  1.4886441e-18 
   6768.264    3.401454e-17  1.5227902e-18 
   6772.478    3.031487e-17   1.472624e-18 
  6776.6924   3.1364148e-17  1.4900119e-18 
  6780.9067    3.214468e-17  1.4925767e-18 
  6785.1206    3.125654e-17  1.4965474e-18 
   6789.335    2.950304e-17  1.4796236e-18 
  6793.5493    3.082485e-17  1.4928333e-18 
   6797.763    3.112135e-17  1.4886362e-18 
  6801.9775   3.3724584e-17   1.498589e-18 
   6806.192   3.4145976e-17  1.5135024e-18 
  6810.4062    3.291528e-17   1.496826e-18 
    6814.62    3.149342e-17  1.5146137e-18 
  6818.8345   2.9879332e-17    1.57062e-18 
   6823.049   3.2534277e-17  1.6793631e-18 
  6827.2627   3.2642883e-17  1.7231473e-18 
   6831.477   3.1345692e-17  1.6805537e-18 
  6835.6914    3.161798e-17  1.6152785e-18 
   6839.906   3.2325034e-17  1.5541718e-18 
  6844.1196   2.9641458e-17  1.4954641e-18 
   6848.334   3.0893555e-17  1.4775521e-18 
  6852.5483   3.1415708e-17  1.5693396e-18 
   6856.762    2.959057e-17  1.6241062e-18 
  6860.9766    2.813216e-17  1.6087711e-18 
   6865.191   2.9501357e-17  1.5862606e-18 
  6869.4053   2.7855135e-17  1.4415776e-18 
   6873.619   3.2350842e-17   1.444823e-18 
  6877.8335   3.2800107e-17  1.4566172e-18 
   6882.048   3.3608782e-17  1.4940456e-18 
  6886.2617    2.847185e-17  1.4424627e-18 
   6890.476    2.979887e-17  1.4625457e-18 
  6894.6904   3.0470862e-17  1.4602659e-18 
   6898.905   2.8538337e-17  1.4376221e-18 
  6903.1187   2.9186542e-17  1.4771194e-18 
   6907.333   2.6297213e-17  1.4579088e-18 
  6911.5474   2.6972786e-17  1.4948192e-18 
   6915.761   3.0142696e-17  1.5594188e-18 
  6919.9756   3.0925914e-17  1.5378812e-18 
    6924.19   2.7852088e-17  1.5059541e-18 
  6928.4043   2.7151648e-17   1.478434e-18 
   6932.618   2.7199889e-17  1.4649376e-18 
  6936.8325   2.7036395e-17  1.5096972e-18 
   6941.047   2.9441962e-17  1.5812955e-18 
  6945.2607   3.0796837e-17  1.5777637e-18 
   6949.475   2.7859092e-17  1.5258106e-18 
  6953.6895    2.788643e-17    1.47249e-18 
   6957.904   3.0179268e-17  1.4640772e-18 
  6962.1177    2.905503e-17  1.4771271e-18 
   6966.332   2.9524078e-17  1.5014254e-18 
  6970.5464   2.8939794e-17  1.5340861e-18 
  6974.7603   2.9082317e-17  1.5235545e-18 
  6978.9746   2.8172458e-17  1.5009373e-18 
   6983.189   2.7235851e-17  1.4480193e-18 
  6987.4033   2.6501641e-17  1.4039611e-18 
   6991.617   3.0401912e-17  1.4560698e-18 
  6995.8315    2.827506e-17  1.4539096e-18 
   7000.046    3.032823e-17  1.4740035e-18 
    7004.26    2.648696e-17  1.4635455e-18 
   7008.474    2.677536e-17   1.449322e-18 
  7012.6885    3.009838e-17  1.4629135e-18 
   7016.903    3.012518e-17  1.4488459e-18 
  7021.1167   2.6930822e-17  1.4013067e-18 
   7025.331   2.6425641e-17  1.3858999e-18 
  7029.5454   2.9580657e-17  1.4297639e-18 
  7033.7593   2.8474842e-17  1.4151843e-18 
  7037.9736   2.9771858e-17  1.4590457e-18 
   7042.188   2.7743974e-17   1.469365e-18 
  7046.4023   2.7117485e-17  1.4657948e-18 
   7050.616   2.9180037e-17  1.4809439e-18 
  7054.8306    2.849202e-17  1.4470606e-18 
   7059.045    3.105791e-17  1.4685635e-18 
   7063.259   2.6167493e-17  1.4284684e-18 
   7067.473   2.7360016e-17  1.4272387e-18 
  7071.6875   2.9538745e-17  1.4655227e-18 
   7075.902   2.7889023e-17  1.4473293e-18 
  7080.1157     2.76149e-17  1.4611534e-18 
    7084.33    2.757025e-17  1.4500098e-18 
  7088.5444     3.03065e-17  1.4764148e-18 
  7092.7583   2.8147424e-17  1.4315242e-18 
  7096.9727   2.8727122e-17  1.4342369e-18 
   7101.187    2.805798e-17  1.4255602e-18 
  7105.4014    2.730034e-17  1.4128687e-18 
   7109.615    2.609067e-17  1.4035311e-18 
  7113.8296   2.6123487e-17  1.3974797e-18 
   7118.044   2.5716016e-17  1.4035991e-18 
   7122.258   2.6783726e-17  1.4306464e-18 
   7126.472   2.7753625e-17  1.4348753e-18 
  7130.6865   2.5497958e-17  1.4063228e-18 
   7134.901   2.6610083e-17  1.4300258e-18 
  7139.1147   2.8141654e-17  1.4598358e-18 
   7143.329   2.8326724e-17  1.4652278e-18 
  7147.5435   2.8662553e-17  1.4632775e-18 
  7151.7573   2.7059566e-17  1.4343046e-18 
  7155.9717   2.8771122e-17  1.4356093e-18 
   7160.186     2.95777e-17  1.4592528e-18 
  7164.4004   2.6426085e-17  1.4213357e-18 
  7168.6143   2.5666855e-17  1.4112637e-18 
  7172.8286   2.5689502e-17    1.40391e-18 
   7177.043   2.7009558e-17  1.3944032e-18 
   7181.257   2.7553158e-17   1.399748e-18 
   7185.471   2.5247839e-17  1.3720179e-18 
  7189.6855   2.7171358e-17   1.374938e-18 
     7193.9   2.8741366e-17  1.3877716e-18 
   7198.114     2.72023e-17  1.3842417e-18 
   7202.328   2.6913195e-17  1.3910046e-18 
  7206.5425    2.897787e-17  1.4052301e-18 
  7210.7563   2.6847811e-17   1.402938e-18 
  7214.9707    2.653158e-17   1.406475e-18 
   7219.185    2.838641e-17  1.4346682e-18 
   7223.399   2.5088386e-17  1.4108393e-18 
  7227.6133    2.847647e-17  1.5526012e-18 
  7231.8276   2.7866458e-17   1.748935e-18 
   7236.042    2.746722e-17  1.9054637e-18 
   7240.256   2.6343765e-17  1.9407462e-18 
    7244.47   2.7224684e-17  1.8615158e-18 
  7248.6846   2.4656904e-17  1.6599026e-18 
  7252.8984   2.7821194e-17  1.5473552e-18 
   7257.113   2.5436308e-17  1.4730716e-18 
   7261.327   2.6979123e-17  1.4845627e-18 
  7265.5415   2.7541534e-17  1.6747444e-18 
  7269.7554   2.9363926e-17  1.8199921e-18 
  7273.9697   2.7584669e-17  1.8801054e-18 
   7278.184   2.8235364e-17  1.8642887e-18 
   7282.398    2.559513e-17  1.6766178e-18 
  7286.6123   2.6643749e-17  1.6002681e-18 
  7290.8267   2.7118987e-17  1.5289085e-18 
   7295.041   2.4254262e-17  1.5194476e-18 
   7299.255   2.6671742e-17   1.560939e-18 
   7303.469   2.8323203e-17   1.616494e-18 
  7307.6836   2.5906073e-17  1.7085403e-18 
  7311.8975   2.4936084e-17  1.6988855e-18 
   7316.112   2.7668422e-17   1.733729e-18 
   7320.326     2.66215e-17  1.6868245e-18 
  7324.5405    3.120787e-17  1.6389462e-18 
  7328.7544   2.4444616e-17  1.6786346e-18 
  7332.9688   2.7260511e-17  1.8094708e-18 
   7337.183   2.7235368e-17    1.78417e-18 
   7341.397   2.9425107e-17   1.793684e-18 
  7345.6113    2.987246e-17  1.6721598e-18 
  7349.8257   2.9455667e-17   1.604769e-18 
    7354.04   1.8651479e-17  1.5042887e-18 
   7358.254   2.4960862e-17  1.6769586e-18 
  7362.4683   2.8633896e-17   1.778294e-18 
  7366.6826   2.7968528e-17  1.7335708e-18 
  7370.8965   2.5030949e-17  1.6682684e-18 
   7375.111   2.5752409e-17  1.5328991e-18 
   7379.325   2.6396341e-17  1.4689011e-18 
  7383.5396   2.4850428e-17  1.5004917e-18 
  7387.7534    2.274057e-17  1.5168914e-18 
   7391.968   2.7579732e-17  1.6562922e-18 
   7396.182   2.4100195e-17  1.6293345e-18 
   7400.396   2.6151087e-17  1.6172964e-18 
  7404.6104   2.6362124e-17   1.568155e-18 
  7408.8247   2.6676747e-17  1.4765208e-18 
   7413.039   2.3836453e-17  1.4081933e-18 
   7417.253   2.6145447e-17  1.4463112e-18 
  7421.4673   2.8713993e-17  1.4941502e-18 
  7425.6816    2.840983e-17  1.5278763e-18 
  7429.8955   2.4712234e-17  1.5468657e-18 
    7434.11   2.6411023e-17  1.5627622e-18 
   7438.324   2.5926517e-17  1.5159296e-18 
  7442.5386   2.4144482e-17   1.467396e-18 
  7446.7524   2.5584116e-17  1.4378904e-18 
   7450.967   2.6557247e-17  1.4444858e-18 
   7455.181   2.6283237e-17  1.4633001e-18 
   7459.395   2.5642061e-17  1.4733259e-18 
  7463.6094    2.626345e-17  1.5392553e-18 
  7467.8237   2.4306644e-17  1.5542438e-18 
   7472.038   2.5691762e-17  1.6078628e-18 
   7476.252   2.5893427e-17   1.603568e-18 
  7480.4663   2.2375037e-17  1.5292238e-18 
  7484.6807    2.679795e-17   1.540218e-18 
  7488.8945   2.5180265e-17  1.4724918e-18 
   7493.109   2.3768527e-17  1.4347382e-18 
   7497.323   2.5016521e-17  1.4285591e-18 
  7501.5376   2.6552891e-17  1.4235434e-18 
  7505.7515   2.4740147e-17  1.4220981e-18 
   7509.966   2.0940587e-17  1.4252187e-18 
    7514.18    2.582017e-17  1.5775202e-18 
   7518.394   2.0711949e-17  1.6072737e-18 
  7522.6084   2.5364354e-17  1.6634621e-18 
  7526.8228   2.1079475e-17  1.5777135e-18 
   7531.037   2.4923609e-17  1.5317346e-18 
   7535.251   2.4830258e-17  1.4643149e-18 
  7539.4653    2.261257e-17  1.4177158e-18 
  7543.6797   2.0946562e-17  1.4136855e-18 
  7547.8936   2.5239704e-17  1.4585709e-18 
   7552.108   2.1405916e-17   1.432103e-18 
  7556.3223    2.330036e-17  1.4594532e-18 
  7560.5366   2.5581755e-17  1.5399696e-18 
  7564.7505   2.2269729e-17  1.5506529e-18 
   7568.965   2.4525473e-17  1.5742067e-18 
   7573.179   2.3563004e-17   1.547727e-18 
   7577.393   2.5415619e-17  1.5291783e-18 
  7581.6074   2.2243509e-17  1.4381953e-18 
   7585.822    2.671264e-17  1.4732768e-18 
   7590.036   2.1849083e-17    1.39952e-18 
    7594.25   1.7136999e-17  1.2884916e-18 
  7598.4644   2.0914345e-17  1.2610414e-18 
  7602.6787   2.4744552e-17  1.2314662e-18 
  7606.8926   2.7728462e-17  1.2634277e-18 
   7611.107   2.9165333e-17  1.3081856e-18 
  7615.3213   2.7368096e-17  1.3396116e-18 
  7619.5356   3.0857013e-17  1.4154907e-18 
  7623.7495   2.5443732e-17  1.3882308e-18 
   7627.964   2.3409618e-17  1.3555377e-18 
   7632.178   2.5141045e-17  1.3397739e-18 
   7636.392   2.2232914e-17  1.3024714e-18 
  7640.6064   2.3494674e-17  1.3184352e-18 
   7644.821    2.477101e-17  1.3686864e-18 
   7649.035   2.1988714e-17  1.3676084e-18 
   7653.249   2.5972725e-17  1.4463519e-18 
  7657.4634   2.2452066e-17  1.4274223e-18 
  7661.6777   2.7113816e-17  1.4746121e-18 
  7665.8916   2.5234758e-17  1.4530262e-18 
   7670.106   2.0314166e-17  1.3930335e-18 
  7674.3203   2.3674429e-17  1.4432069e-18 
   7678.534   2.4569878e-17   1.477454e-18 
  7682.7485   2.1945525e-17  1.4828308e-18 
   7686.963   2.2514243e-17   1.504772e-18 
  7691.1772   2.3656684e-17  1.5247625e-18 
   7695.391   2.2293776e-17  1.5234448e-18 
  7699.6055   1.9441036e-17  1.5525068e-18 
    7703.82   2.1914109e-17  1.8510691e-18 
  7708.0337   1.8999141e-17  2.0745026e-18 
   7712.248    1.836119e-17  2.1408435e-18 
  7716.4624    1.790588e-17  2.1088986e-18 
   7720.677   1.6207286e-17  1.8700453e-18 
  7724.8906   2.1706501e-17  1.6862116e-18 
   7729.105    2.030985e-17  1.5826074e-18 
  7733.3193   2.1131052e-17  1.5394401e-18 
   7737.533   1.9894073e-17  1.6350982e-18 
  7741.7476   2.0820493e-17   1.910201e-18 
   7745.962   2.3533083e-17  2.0296194e-18 
  7750.1763   1.9211523e-17  2.0664595e-18 
    7754.39   1.5099603e-17  1.9228142e-18 
  7758.6045   1.9963025e-17   1.738804e-18 
   7762.819   2.2439557e-17  1.7699672e-18 
  7767.0327   2.0789651e-17  1.7657012e-18 
   7771.247   1.9125612e-17   1.773739e-18 
  7775.4614   1.5386516e-17  1.7439052e-18 
   7779.676   2.1913642e-17  1.7430232e-18 
  7783.8896   2.2891304e-17  1.8376068e-18 
   7788.104   2.6609835e-17  1.9248327e-18 
  7792.3184    2.316185e-17  1.8825787e-18 
   7796.532   2.0439835e-17   1.839939e-18 
  7800.7466   2.0666479e-17  1.7447723e-18 
   7804.961   2.1026435e-17  1.6959307e-18 
  7809.1753   2.0598622e-17  1.7995287e-18 
   7813.389   2.3346215e-17    1.98161e-18 
  7817.6035   1.8667792e-17   1.945373e-18 
   7821.818   2.0085654e-17  1.9303079e-18 
  7826.0317   2.2258393e-17  1.7960362e-18 
   7830.246   1.4602795e-17  1.5536998e-18 
  7834.4604    2.222334e-17  1.6700459e-18 
   7838.675   1.9933283e-17  1.7117986e-18 
  7842.8887    2.013863e-17  1.9348453e-18 
   7847.103   2.1427306e-17  2.0877757e-18 
  7851.3174   1.6993481e-17    2.10551e-18 
  7855.5312   1.4899372e-17   2.063822e-18 
  7859.7456   1.4274375e-17   1.902776e-18 
    7863.96   2.1442101e-17  1.8828577e-18 
  7868.1743   1.8907478e-17  1.8241396e-18 
   7872.388   2.3662143e-17    1.88464e-18 
  7876.6025   1.9586019e-17  1.8201162e-18 
   7880.817   2.1403277e-17  1.9265452e-18 
   7885.031   1.7965566e-17   1.873424e-18 
   7889.245   1.8984008e-17  1.8253138e-18 
  7893.4595    1.766845e-17   1.721814e-18 
   7897.674    1.690864e-17  1.5632637e-18 
  7901.8877   2.0452802e-17  1.7500776e-18 
   7906.102   1.8143045e-17  1.9688516e-18 
  7910.3164   1.8083566e-17  2.1192378e-18 
  7914.5303   2.2546503e-17  2.1921155e-18 
  7918.7446    1.915383e-17   2.024887e-18 
   7922.959   1.9543687e-17  1.8979914e-18 
  7927.1733   1.6170878e-17  1.7439618e-18 
   7931.387   2.2759421e-17  1.7505257e-18 
  7935.6016   2.1556148e-17  1.6671411e-18 
   7939.816   1.9518385e-17   1.632011e-18 
    7944.03   1.8394664e-17  1.6239112e-18 
   7948.244   1.7922617e-17  1.6082599e-18 
  7952.4585   1.6757433e-17  1.6672389e-18 
   7956.673   1.9296416e-17  1.8288192e-18 
  7960.8867   2.1926611e-17  1.9027818e-18 
   7965.101   2.1373096e-17   1.926609e-18 
  7969.3154   1.9094123e-17   1.857718e-18 
  7973.5293   1.6670361e-17   1.744825e-18 
  7977.7437   1.8874395e-17  1.7410156e-18 
   7981.958   1.8524609e-17  1.8476857e-18 
  7986.1724   2.1368034e-17  1.9572038e-18 
   7990.386   1.9045628e-17  1.9425528e-18 
  7994.6006   1.4735228e-17  1.8672328e-18 
   7998.815   1.7207638e-17  1.7226514e-18 
   8003.029   2.2053638e-17  1.6580752e-18 
   8007.243   2.0437338e-17  1.6721098e-18 
  8011.4575   1.9988924e-17    1.73603e-18 
   8015.672   2.2383302e-17  1.8759782e-18 
  8019.8857    1.782408e-17  1.9102404e-18 
     8024.1   2.3176618e-17  1.9312885e-18 
  8028.3145   2.1729123e-17  1.8615156e-18 
  8032.5283   2.1190182e-17   1.702329e-18 
  8036.7427   2.2729783e-17  1.6048925e-18 
   8040.957   2.1715784e-17  1.6128281e-18 
  8045.1714   2.0965263e-17   1.637027e-18 
  8049.3853   2.0181486e-17  1.6711747e-18 
  8053.5996   2.0895878e-17  1.7562316e-18 
   8057.814   1.9572349e-17  1.7522829e-18 
   8062.028   2.2873627e-17  1.7438196e-18 
   8066.242   1.9485196e-17  1.6674502e-18 
  8070.4565   1.9129238e-17  1.5776677e-18 
   8074.671   1.9550568e-17  1.5760683e-18 
   8078.885   1.8988252e-17  1.5765205e-18 
   8083.099   1.8940858e-17  1.5754579e-18 
  8087.3135   2.2764608e-17  1.6584054e-18 
  8091.5273   2.1794583e-17  1.6773199e-18 
  8095.7417   2.2209652e-17  1.6853423e-18 
   8099.956   2.3774767e-17  1.6995971e-18 
    8104.17   1.8573884e-17   1.648211e-18 
  8108.3843    2.044561e-17  1.6136285e-18 
  8112.5986   2.4245155e-17  1.6223645e-18 
   8116.813   2.1089363e-17  1.5768937e-18 
   8121.027   2.2712816e-17  1.6020987e-18 
   8125.241   2.2596803e-17  1.6047872e-18 
  8129.4556   2.2218156e-17  1.6230327e-18 
  8133.6694   2.4665264e-17  1.6649631e-18 
   8137.884   2.1901395e-17  1.6502964e-18 
   8142.098   1.8524912e-17  1.6278259e-18 
  8146.3125   2.1065514e-17  1.6297889e-18 
  8150.5264   2.1361013e-17  1.6227467e-18 
  8154.7407   1.9049247e-17  1.5668747e-18 
   8158.955   2.1012705e-17  1.5676571e-18 
   8163.169   1.7940502e-17  1.5308108e-18 
  8167.3833   2.0195026e-17  1.5780717e-18 
  8171.5977   1.9300648e-17  1.5559257e-18 
   8175.812   2.0833778e-17  1.6002963e-18 
   8180.026   1.8924777e-17  1.5904066e-18 
    8184.24   2.2007547e-17  1.6251732e-18 
  8188.4546    2.118665e-17  1.6348174e-18 
   8192.669   2.3763164e-17  1.6636705e-18 
   8196.883   1.8956265e-17  1.6137053e-18 
   8201.097   2.1311988e-17   1.628345e-18 
   8205.312    2.274909e-17  1.6648069e-18 
   8209.525    1.827309e-17     1.6006e-18 
    8213.74   2.2534739e-17  1.6619091e-18 
   8217.954    1.929921e-17  1.6106001e-18 
   8222.168    2.089865e-17  1.6145253e-18 
   8226.383    2.196978e-17  1.6331372e-18 
   8230.597   2.3741157e-17  1.6649395e-18 
   8234.811   2.5012312e-17  1.6858765e-18 
   8239.025   2.7504683e-17  1.7265489e-18 
   8243.239   2.4420425e-17  1.6994512e-18 
   8247.453   2.1793747e-17  1.6761467e-18 
   8251.668   2.2254474e-17  1.6804781e-18 
   8255.882   2.0615693e-17  1.6539325e-18 
   8260.096   2.0375796e-17  1.6583009e-18 
   8264.311    2.153374e-17  1.6807719e-18 
   8268.524   2.3709339e-17  1.8389553e-18 
   8272.739   2.1929152e-17   2.027584e-18 
   8276.953    2.086291e-17  2.2312531e-18 
   8281.167   2.2000108e-17  2.3829938e-18 
   8285.382   2.2178582e-17  2.4027473e-18 
   8289.596   1.7338516e-17  2.4199194e-18 
    8293.81   2.0648357e-17   2.377185e-18 
   8298.024   2.1901819e-17  2.2545614e-18 
   8302.238   1.6295696e-17  2.1204918e-18 
   8306.452   2.1978182e-17  1.9681747e-18 
   8310.667   2.0833235e-17  1.8660026e-18 
   8314.881    2.308523e-17  1.8577745e-18 
   8319.095   2.2793779e-17  1.7508576e-18 
    8323.31   1.9208912e-17  1.6839776e-18 
   8327.523   2.1975552e-17  1.7217326e-18 
   8331.737   2.2132718e-17  1.9250364e-18 
   8335.952   2.2639091e-17  2.4368385e-18 
   8340.166   2.1014029e-17  2.6687735e-18 
   8344.381   2.3611568e-17  2.8125553e-18 
   8348.595   1.8010023e-17  2.6268593e-18 
   8352.809   1.6455671e-17  2.2057338e-18 
   8357.023   1.8874543e-17  2.1078388e-18 
   8361.237   2.0306612e-17   1.995619e-18 
   8365.451   2.3920947e-17  1.9369396e-18 
   8369.666   2.3079132e-17  2.0695217e-18 
    8373.88    2.196695e-17  1.9676724e-18 
   8378.094   2.1598695e-17  2.0176825e-18 
   8382.309   2.0886084e-17  2.0158443e-18 
   8386.522   2.2392555e-17  2.0982117e-18 
   8390.736   2.1224497e-17  2.3981579e-18 
   8394.951   2.2466826e-17  2.4629526e-18 
   8399.165   2.1162283e-17  2.4207925e-18 
    8403.38   2.0075209e-17  2.2948046e-18 
   8407.594    1.871117e-17   2.076783e-18 
   8411.808   1.6403892e-17  2.0373289e-18 
   8416.022    2.240568e-17  2.1593238e-18 
   8420.236   2.1024713e-17  2.3946186e-18 
    8424.45   1.6202246e-17  2.5042843e-18 
   8428.665   1.8738783e-17  2.5512552e-18 
   8432.879   1.4559641e-17   2.408956e-18 
   8437.093   1.7945816e-17  2.0728912e-18 
   8441.308   2.0827544e-17  1.9940785e-18 
   8445.521   2.2446166e-17  2.1274579e-18 
   8449.735   2.6029433e-17  2.1703534e-18 
    8453.95   2.1219335e-17  2.2617544e-18 
   8458.164   1.5015944e-17  2.3516546e-18 
   8462.379    1.703333e-17  2.3717967e-18 
   8466.593   2.1192046e-17  2.3867352e-18 
   8470.807   1.7685335e-17  2.1153564e-18 
   8475.021   1.6947334e-17   1.799066e-18 
   8479.235   1.8762724e-17  1.7912755e-18 
   8483.449   1.8127028e-17  1.8533468e-18 
   8487.664   2.0079818e-17  1.9651884e-18 
   8491.878   2.3931771e-17  2.0953788e-18 
   8496.092   1.9317721e-17  2.1954842e-18 
   8500.307   1.5987576e-17  2.1806594e-18 
  8504.5205   1.8202511e-17  2.1419606e-18 
   8508.734   2.0053859e-17  2.0808123e-18 
   8512.949   1.8605656e-17  1.8513094e-18 
   8517.163   1.9973872e-17  1.7893375e-18 
   8521.378   2.0670426e-17  1.7828195e-18 
   8525.592   1.7746141e-17   1.778263e-18 
   8529.806   1.8859017e-17  1.8432767e-18 
  8534.0205   1.9472986e-17  1.8822166e-18 
   8538.234    2.189704e-17  1.9852384e-18 
   8542.448   1.7745037e-17  2.0223673e-18 
   8546.663    1.972334e-17   2.002987e-18 
   8550.877   1.7590811e-17  1.9486851e-18 
   8555.091   2.0366522e-17  1.8856583e-18 
   8559.306   1.7000658e-17  1.7643721e-18 
    8563.52   2.1226723e-17  1.8128395e-18 
   8567.733   1.6579618e-17  1.7708086e-18 
   8571.948   1.5787202e-17  1.7725953e-18 
   8576.162    1.339288e-17  1.7527624e-18 
   8580.377   2.0396934e-17  1.8852232e-18 
   8584.591   2.0209986e-17  1.8873013e-18 
   8588.805   1.7013606e-17  1.8981862e-18 
    8593.02   1.7024676e-17  1.8924275e-18 
   8597.233   1.3948704e-17  1.8614378e-18 
   8601.447   1.9368449e-17  1.9235204e-18 
   8605.662   2.0989912e-17  2.0006393e-18 
   8609.876   1.9677113e-17  2.1436202e-18 
    8614.09   2.2166632e-17  2.3704564e-18 
   8618.305   2.4995443e-17  2.6534974e-18 
   8622.519   2.3549958e-17  2.8181206e-18 
   8626.732   1.9227305e-17  2.8464652e-18 
   8630.947   1.7869672e-17  2.7669555e-18 
   8635.161   1.8027788e-17  2.5669102e-18 
   8639.376    1.915605e-17  2.4385719e-18 
    8643.59   1.6318646e-17  2.4353368e-18 
   8647.804   1.6439852e-17  2.5782845e-18 
   8652.019   1.0965422e-17  2.7204266e-18 
   8656.232   1.5412995e-17  2.8322226e-18 
   8660.446   2.6997304e-17  2.8886049e-18 
   8664.661   1.9282616e-17  2.7589886e-18 
   8668.875    1.292574e-17   2.590173e-18 
   8673.089  1.31907945e-17  2.4375484e-18 
   8677.304   1.5389666e-17  2.3150103e-18 
   8681.518   1.9311415e-17   2.213908e-18 
   8685.731   1.7215428e-17  2.1141661e-18 
   8689.946   1.5154607e-17  2.0204372e-18 
    8694.16    1.748581e-17  1.9757581e-18 
   8698.375   1.6430212e-17  1.9673476e-18 
   8702.589     1.51542e-17  1.9337373e-18 
   8706.803   1.5159054e-17  1.9078863e-18 
   8711.018   1.4996368e-17   1.868314e-18 
   8715.231   1.5652079e-17  1.8719058e-18 
   8719.445   1.8961724e-17  1.8939768e-18 
    8723.66   1.4147679e-17  1.8256499e-18 
   8727.874   1.7153954e-17  1.8683746e-18 
   8732.088   1.8967002e-17   1.917811e-18 
   8736.303   1.7201055e-17  1.8837605e-18 
   8740.517   1.4620566e-17  1.8715363e-18 
    8744.73   1.6985588e-17  1.9056496e-18 
   8748.945    2.297021e-17  2.1708925e-18 
   8753.159   2.6411756e-17  2.5996413e-18 
   8757.373   2.2734091e-17  2.9840292e-18 
   8761.588   1.6518855e-17  3.2024484e-18 
   8765.802   1.5150734e-17  3.2461911e-18 
   8770.017   1.4567752e-17   3.281556e-18 
    8774.23   1.9303444e-17  3.0753624e-18 
   8778.444   1.4180486e-17  2.8121037e-18 
   8782.659   1.1464286e-17  2.6091316e-18 
   8786.873    1.110923e-17   2.289963e-18 
   8791.087   1.6587532e-17  2.2309787e-18 
   8795.302   1.6916585e-17   2.161414e-18 
   8799.516   1.3338758e-17  1.9534065e-18 
  8803.7295   1.5784184e-17  1.9576578e-18 
   8807.944   1.6325599e-17  2.0035092e-18 
   8812.158  1.37743605e-17   1.947995e-18 
   8816.372  1.26611995e-17  2.6206633e-18 
   8820.587   8.1737596e-18   3.300009e-18 
   8824.801   6.3596508e-18   3.508871e-18 
   8829.016    9.491652e-18   3.660532e-18 
  8833.2295    1.293294e-17  3.2347963e-18 
   8837.443    9.410427e-18  2.6387504e-18 
   8841.658   1.4640203e-17  2.5472618e-18 
   8845.872   1.8657466e-17    2.28243e-18 
   8850.086   1.7750063e-17  2.2359668e-18 
   8854.301   1.5008423e-17  2.2330725e-18 
   8858.515   1.4371816e-17  2.3165152e-18 
   8862.729   1.7510982e-17   2.456348e-18 
   8866.943   1.6519846e-17  2.4357793e-18 
   8871.157   1.8725005e-17  2.4293294e-18 
   8875.371   1.9518668e-17  2.6192354e-18 
   8879.586   2.0600771e-17  3.1200874e-18 
     8883.8   2.0226899e-17   3.130233e-18 
   8888.015   1.7957206e-17   3.110526e-18 
   8892.229   1.4482219e-17  2.7083138e-18 
   8896.442    1.601576e-17  2.5807715e-18 
   8900.657   1.6519434e-17  2.5898287e-18 
   8904.871   1.9960805e-17  2.6423404e-18 
   8909.085   1.1472798e-17  2.8480213e-18 
     8913.3   9.9926594e-18  3.1561488e-18 
   8917.514   1.2728178e-17  3.2275795e-18 
   8921.728   1.1966304e-17  3.1901515e-18 
   8925.942  1.16847765e-17  2.6393354e-18 
   8930.156   1.6943764e-17  2.2152914e-18 
    8934.37   1.6748091e-17  2.4064582e-18 
   8938.585   2.0245513e-17  2.5840243e-18 
   8942.799   1.8890195e-17  2.5655433e-18 
   8947.014   1.7826907e-17  2.7874595e-18 
   8951.228   1.4138014e-17  2.9698015e-18 
   8955.441   1.5324863e-17  2.9900091e-18 
   8959.656   1.8587981e-17  3.0344982e-18 
    8963.87   1.2407306e-17  2.6564606e-18 
   8968.084   1.4341472e-17   2.146413e-18 
   8972.299   1.7301154e-17  2.1272265e-18 
   8976.513    1.634726e-17  2.1902394e-18 
   8980.727   1.9103046e-17   2.387162e-18 
   8984.941   1.8096899e-17  2.4476642e-18 
   8989.155   1.6550198e-17  2.5048371e-18 
   8993.369   1.2616182e-17  2.7096956e-18 
   8997.584   1.9436701e-17  2.7573865e-18 
   9001.798   2.2053398e-17  2.7246374e-18 
   9006.013   1.5140545e-17  2.5611712e-18 
   9010.227     1.13755e-17  2.1169467e-18 
    9014.44  1.20288125e-17  2.0215792e-18 
   9018.655   1.6115935e-17  2.0582001e-18 
   9022.869   1.4107172e-17  2.0795412e-18 
   9027.083  1.18974546e-17   2.108062e-18 
   9031.298   1.5139806e-17  2.2594682e-18 
   9035.512     1.52619e-17   2.293917e-18 
   9039.726   1.7488446e-17  2.4870544e-18 
    9043.94   1.6591688e-17  2.5374905e-18 
   9048.154    1.978303e-17   2.527344e-18 
   9052.368   1.9748957e-17  2.5025603e-18 
   9056.583   1.3876146e-17  2.2600886e-18 
   9060.797   1.6801302e-17  2.1992741e-18 
   9065.012    1.830855e-17  2.1848952e-18 
   9069.226   1.6577287e-17  2.1672562e-18 
   9073.439   2.0591962e-17  2.2112877e-18 
   9077.654   1.5305032e-17  2.1263435e-18 
   9081.868    1.680665e-17  2.1706355e-18 
   9086.082   1.7521729e-17  2.2316398e-18 
   9090.297   1.8852032e-17   2.308529e-18 
   9094.511   1.7738683e-17  2.3760157e-18 
   9098.725   1.6113402e-17  2.3908535e-18 
   9102.939   1.8484416e-17  2.3824692e-18 
   9107.153    1.588816e-17  2.2648571e-18 
   9111.367   1.5317047e-17   2.163275e-18 
   9115.582   1.5305009e-17  2.1455624e-18 
   9119.796   1.5355472e-17  2.1661352e-18 
   9124.011   1.1905211e-17   2.118415e-18 
   9128.225   1.2083497e-17   2.118407e-18 
   9132.438  1.36924505e-17  2.1214414e-18 
   9136.653    1.647852e-17   2.169932e-18 
   9140.867   1.4077583e-17   2.183189e-18 
   9145.081   2.0177557e-17  2.3215283e-18 
   9149.296   1.5845842e-17  2.2687393e-18 
    9153.51  1.31425136e-17  2.3488257e-18 
   9157.724    1.583249e-17  2.3696053e-18 
   9161.938   9.2325566e-18  2.2536128e-18 
   9166.152   2.0873552e-17  2.3472197e-18 
   9170.366  1.28369986e-17  2.2122948e-18 
   9174.581   1.6781723e-17  2.2396428e-18 
   9178.795    7.952313e-18   2.142886e-18 
   9183.009    8.210745e-18  2.1289875e-18 
   9187.224   1.8793165e-17  2.2438842e-18 
  9191.4375   1.4766451e-17  2.2224449e-18 
   9195.652   1.0942991e-17    2.19018e-18 
   9199.866   1.5092504e-17   2.245891e-18 
    9204.08   1.4570019e-17   2.272917e-18 
   9208.295    1.561394e-17  2.3280961e-18 
   9212.509   1.4288185e-17  2.3584563e-18 
   9216.723   9.1030465e-18  2.3446199e-18 
  9220.9375   1.5507742e-17  2.4317358e-18 
   9225.151   1.1779665e-17  2.3719931e-18 
   9229.365  1.14205874e-17   2.331314e-18 
    9233.58    1.436861e-17  2.3301237e-18 
   9237.794  1.03142615e-17  2.2547773e-18 
   9242.008   1.1120713e-17  2.3179303e-18 
   9246.223   1.1977482e-17  2.3291636e-18 
   9250.437   9.8489434e-18  2.3526353e-18 
   9254.651   1.4797998e-17  2.4547722e-18 
   9258.865   1.0205678e-17  2.4082605e-18 
   9263.079    9.191829e-18  2.3867984e-18 
   9267.294   1.6834667e-17  2.4869462e-18 
   9271.508   9.6825825e-18  2.3541808e-18 
   9275.722    9.068207e-18  2.3595348e-18 
   9279.937    9.157313e-18   2.381576e-18 
    9284.15   1.1840447e-17   2.503153e-18 
   9288.364  1.28163745e-17   2.555042e-18 
   9292.579    1.370784e-17  2.6042539e-18 
   9296.793    8.500643e-18   2.912712e-18 
   9301.007   2.7296833e-17   3.719088e-18 
   9305.222   3.2744656e-17  4.5423627e-18 
   9309.436   2.8137313e-17  4.7638477e-18 
    9313.65   1.8027273e-17  4.7190948e-18 
   9317.864   1.0900552e-17  4.4298814e-18 
   9322.078   4.4662645e-18   3.845062e-18 
   9326.293   1.0233525e-17   3.683249e-18 
   9330.507   9.8776276e-18  3.3223972e-18 
   9334.721   6.9105903e-18  2.9494405e-18 
   9338.936    1.502281e-17  2.9763729e-18 
   9343.149   1.6451866e-17   2.918795e-18 
   9347.363   1.2370754e-17  2.7457344e-18 
   9351.578   1.4250132e-17   2.711237e-18 
   9355.792    1.503307e-17  2.7719573e-18 
   9360.006   1.3540582e-17   2.654172e-18 
   9364.221  1.24236514e-17  3.4102103e-18 
   9368.435    8.246291e-18   4.624117e-18 
   9372.649  1.02918275e-17  5.0475107e-18 
   9376.863    1.412262e-17  5.1392173e-18 
   9381.077    2.037936e-17  4.6905264e-18 
   9385.292   1.9607966e-17  3.3347307e-18 
   9389.506    8.562807e-18  3.0307217e-18 
    9393.72     2.45082e-17  3.2531392e-18 
   9397.935     1.15943e-17  3.2728836e-18 
   9402.148   4.6385083e-18  3.1465076e-18 
   9406.362    7.124293e-18   3.178603e-18 
   9410.577   1.1143957e-17  3.3459474e-18 
   9414.791   1.0932018e-17  3.5816242e-18 
   9419.005    1.697753e-17   3.671749e-18 
    9423.22   1.3120285e-17  3.6082863e-18 
   9427.434   1.6973768e-17  3.4181487e-18 
   9431.648   1.9463378e-18  4.1573043e-18 
   9435.862   2.9344857e-18  4.5362643e-18 
   9440.076   4.9141274e-18  4.6160603e-18 
   9444.291   1.4783617e-17  4.4497313e-18 
   9448.505   2.4682719e-17  4.0991957e-18 
   9452.719   6.5297588e-18  3.9356732e-18 
   9456.934    3.552002e-18  4.0047358e-18 
   9461.147   1.3296733e-17   4.026659e-18 
   9465.361   1.3051933e-17  3.9576254e-18 
   9469.576    8.169844e-18   4.518541e-18 
    9473.79   1.0492402e-17   4.848881e-18 
   9478.004   2.1971699e-17   4.951872e-18 
   9482.219    2.223128e-17  4.5256863e-18 
   9486.433    1.768625e-17  3.5942557e-18 
   9490.647    1.585017e-17  3.4800882e-18 
   9494.861   1.2750576e-17  3.8710713e-18 
   9499.075   1.4928734e-17  4.0938616e-18 
    9503.29     6.20072e-18   4.056059e-18 
   9507.504    7.415205e-18  4.0771555e-18 
   9511.718   1.0664476e-17  4.1768994e-18 
   9515.933   2.2149132e-18  4.2143533e-18 
   9520.146   1.7438511e-17   4.423414e-18 
    9524.36   1.4914148e-17  4.2640768e-18 
   9528.575   1.1942281e-17   3.684909e-18 
   9532.789    9.960613e-18  3.5388983e-18 
   9537.003    8.353632e-18  3.5182117e-18 
   9541.218   1.3580785e-17  3.6353434e-18 
   9545.432    1.315328e-18  3.8621485e-18 
   9549.646   1.7919832e-17   4.180531e-18 
    9553.86    1.064441e-17   4.112772e-18 
   9558.074   1.9264044e-17  4.6750656e-18 
   9562.289   2.5176185e-17  4.8899377e-18 
   9566.503   1.5543296e-17  4.8125682e-18 
   9570.717  1.30457425e-17  4.7382957e-18 
   9574.932   1.3228762e-17   4.102272e-18 
  9579.1455   2.1082053e-17   3.779595e-18 
   9583.359   1.5458111e-17   3.641334e-18 
   9587.574    1.415754e-17  3.6174937e-18 
   9591.788   6.0472515e-18  3.5391762e-18 
   9596.002     9.81114e-18  3.6803226e-18 
   9600.217   2.3615937e-17     4.0552e-18 
   9604.431    7.787872e-18  4.0101063e-18 
   9608.645    4.254171e-18  4.0639764e-18 
   9612.859    9.791893e-18   4.302356e-18 
   9617.073   1.3385504e-17  4.3413855e-18 
   9621.288   1.8666824e-17   4.361629e-18 
   9625.502   1.5308271e-17  4.2856625e-18 
   9629.716   1.6721794e-17  4.0570194e-18 
   9633.931   1.5737452e-17   3.897361e-18 
   9638.145   1.9758716e-17   3.967309e-18 
   9642.358   1.6905002e-19   3.745005e-18 
   9646.573   1.4923437e-17   4.009017e-18 
   9650.787     6.38646e-18  3.9448367e-18 
   9655.001   1.4681465e-17    4.09789e-18 
   9659.216   1.6447421e-17   4.308735e-18 
    9663.43     1.63032e-17   4.461875e-18 
   9667.644   6.6150283e-18  4.4578327e-18 
   9671.858   1.7628387e-17      4.816e-18 
   9676.072   1.8407151e-17   4.924115e-18 
   9680.287    8.207835e-18  4.8462763e-18 
   9684.501   1.2232795e-17    4.92195e-18 
   9688.715   1.4980946e-17  4.7996655e-18 
    9692.93   2.3034924e-17  4.9690365e-18 
   9697.144   1.3030818e-17   4.898374e-18 
   9701.357    7.432036e-18   4.926934e-18 
   9705.572   1.4601592e-17  4.8576856e-18 
   9709.786   2.4055195e-17   5.005263e-18 
     9714.0  1.36175584e-17   5.188087e-18 
   9718.215    5.398402e-18  5.1356997e-18 
   9722.429   1.3682757e-17   5.180435e-18 
   9726.643  1.23263866e-17  5.0388654e-18 
   9730.857   1.6322469e-17  4.9379014e-18 
   9735.071   1.1835981e-17   5.022952e-18 
   9739.286    8.685983e-18   5.032933e-18 
     9743.5   2.0671224e-17   5.005089e-18 
   9747.714    7.871831e-18   4.739936e-18 
   9751.929   7.7221305e-18   4.671411e-18 
   9756.143   1.5510561e-17  4.6706964e-18 
   9760.356   1.6093735e-17   4.658424e-18 
   9764.571  1.35602125e-17   4.637837e-18 
   9768.785    7.939516e-18  4.6362336e-18 
   9772.999   1.9270423e-17   4.808232e-18 
   9777.214   1.4324755e-17   4.872251e-18 
   9781.428    6.645986e-18  5.4810704e-18 
   9785.642    1.225205e-17  6.2531393e-18 
   9789.856    9.198975e-18   6.507548e-18 
    9794.07      1.7683e-17  6.7396108e-18 
   9798.285   1.6318523e-17  6.1265397e-18 
   9802.499  1.37938215e-17  5.9148216e-18 
   9806.713   2.2149844e-17  5.8313524e-18 
   9810.928   -7.299071e-18   5.545197e-18 
   9815.142    4.427427e-19  5.4828124e-18 
   9819.355  -5.6938626e-18  5.5115334e-18 
    9823.57  1.36440224e-17  5.5238236e-18 
   9827.784   1.6545285e-17  5.4752127e-18 
   9831.998   1.2787578e-17  5.5168157e-18 
   9836.213    1.534056e-17   5.659107e-18 
   9840.427   8.1223255e-18  5.7716668e-18 
   9844.641   5.8269473e-18  5.8362034e-18 
   9848.855   2.0157273e-17   6.163578e-18 
   9853.069   2.3846264e-17    6.18194e-18 
   9857.284    7.296878e-18   5.743082e-18 
   9861.498  -5.1643822e-18   6.162133e-18 
   9865.712   2.1358943e-18  6.8466616e-18 
   9869.927  1.04892036e-17   7.249882e-18 
   9874.141    7.002198e-18   7.273156e-18 
  9878.3545    4.047992e-18   6.820748e-18 
   9882.569    8.269555e-18  6.4349523e-18 
   9886.783    4.325276e-18   6.709825e-18 
   9890.997   1.5177608e-17  6.9314774e-18 
   9895.212   1.0474366e-17  6.8646412e-18 
   9899.426    5.134513e-18  6.7619145e-18 
    9903.64  -5.0093347e-18   6.915689e-18 
  9907.8545   2.3849283e-17  7.7825544e-18 
   9912.068   1.3167313e-17   7.976098e-18 
   9916.283   1.6809761e-17   7.985828e-18 
   9920.497   1.1541787e-17   7.467983e-18 
   9924.711     2.55442e-17  7.0903614e-18 
   9928.926   1.5717115e-17   6.955693e-18 
    9933.14   1.2316011e-17   7.799496e-18 
   9937.354    6.088719e-18   9.154573e-18 
   9941.568    4.032335e-18   9.922999e-18 
   9945.782   3.1686394e-17  1.0745254e-17 
   9949.996  -9.1895754e-18   1.047392e-17 
   9954.211   6.3283403e-18   9.904536e-18 
   9958.425  1.24047835e-17   9.583203e-18 
   9962.639   6.8786673e-18   9.010633e-18 
   9966.854    7.144395e-18   8.337198e-18 
   9971.067    7.541384e-18     7.8257e-18 
   9975.282   1.1108324e-17   7.668584e-18 
   9979.496   1.8976633e-17   7.593089e-18 
    9983.71   1.5932971e-17   7.239041e-18 
   9987.925    7.238999e-18   6.988857e-18 
   9992.139   1.7782782e-17   7.362354e-18 
   9996.353   2.5477792e-17   7.645752e-18 
  10000.567    3.502743e-17  8.1615884e-18 
  10004.781   1.8100422e-17    9.03015e-18 
  10008.995   1.8107288e-17   9.024844e-18 
