# STATUS =
# OBJECT = 2020wnt
# TELESCOPE = TILLINGHAST
# INSTRUMENT = FAST
# DATE-OBS = 2020-11-13
# MJD = 59166.196366
# EXPTIME = 5400.0
# AIRMASS = 1.213
# SLIT = 3.0
# DISPERSER = 300
# SOURCE = FLEET
# FILTER =
# RESOLUTION =
# FLUX_STANDARD =
# EXTINCTION_CORRECTED = False
# PHOTOMETRY_CALIBRATED = False
# TELLURIC_CORRECTED = False
# FLUX_UNITS = erg / (s cm2 AA)
# WAVE_UNITS = AA
# QUALITY =
# MIN_WAVE =
# MAX_WAVE =
# COMMENT =
  Wavelength           Flux 
 3423.822781   2.216935e-16 
 3425.261885   3.625581e-16 
 3426.701032    1.88119e-16 
 3428.140223  -1.285882e-16 
 3429.579457   5.979212e-16 
 3431.018735   2.840094e-16 
 3432.458056   8.243859e-16 
  3433.89742   8.045029e-17 
 3435.336828   9.561878e-17 
 3436.776279   1.426305e-16 
 3438.215773  -1.944778e-16 
  3439.65531   2.007455e-16 
 3441.094891   1.762772e-16 
 3442.534515   2.678222e-17 
 3443.974182   2.069842e-16 
 3445.413892   2.154641e-16 
 3446.853645    1.17877e-16 
 3448.293442   3.222435e-16 
 3449.733281  -3.139126e-17 
 3451.173164   1.915168e-16 
  3452.61309  -5.222685e-17 
 3454.053058   -3.89358e-16 
  3455.49307   6.956134e-17 
 3456.933125     3.4651e-16 
 3458.373222    3.34688e-16 
 3459.813363   1.489129e-17 
 3461.253546   2.735948e-16 
 3462.693772  -2.941884e-16 
 3464.134042   8.698618e-17 
 3465.574354   2.383254e-16 
 3467.014708  -2.663471e-16 
 3468.455106   2.759065e-15 
 3469.895546  -9.320134e-18 
  3471.33603    3.30009e-16 
 3472.776555   4.648869e-16 
 3474.217124   8.416742e-16 
 3475.657735   1.024118e-15 
 3477.098389  -2.195736e-16 
 3478.539086   3.696265e-16 
 3479.979825   9.270307e-16 
 3481.420607   5.502002e-16 
 3482.861431   5.596485e-16 
 3484.302298  -4.674617e-16 
 3485.743207   3.164165e-17 
 3487.184159   2.759403e-16 
 3488.625154   3.128178e-16 
  3490.06619   1.232841e-15 
  3491.50727   6.981377e-16 
 3492.948391   1.012647e-15 
 3494.389555  -4.080323e-17 
 3495.830762   4.146666e-16 
 3497.272011   1.435901e-15 
 3498.713302   5.577224e-16 
 3500.154635   2.849087e-16 
 3501.596011   5.166511e-16 
 3503.037429   2.443534e-16 
 3504.478889   1.500619e-15 
 3505.920391  -4.973975e-16 
 3507.361936   1.210295e-15 
 3508.803522   -2.46665e-16 
 3510.245151    6.52451e-16 
 3511.686822   2.375194e-16 
 3513.128535    6.72313e-16 
  3514.57029   7.998802e-16 
 3516.012087   4.021032e-17 
 3517.453926   2.536774e-16 
 3518.895808  -2.628781e-16 
 3520.337731   5.083574e-17 
 3521.779696   3.399396e-16 
 3523.221703  -4.603679e-16 
 3524.663752   4.949241e-16 
 3526.105843   8.551454e-16 
 3527.547975   8.807344e-16 
  3528.99015   1.354552e-16 
 3530.432366  -1.928711e-16 
 3531.874625   3.318873e-16 
 3533.316925   3.872321e-16 
 3534.759266   5.332735e-16 
  3536.20165   4.157283e-16 
 3537.644075   5.893618e-16 
 3539.086542   4.010992e-17 
  3540.52905   5.456431e-16 
   3541.9716  -2.412257e-16 
 3543.414192    3.76671e-16 
 3544.856826   2.183602e-16 
   3546.2995   2.802653e-16 
 3547.742217   7.697861e-16 
 3549.184975   4.969767e-16 
 3550.627774   4.294993e-16 
 3552.070615   5.959955e-16 
 3553.513498    5.37889e-16 
 3554.956422   5.448239e-16 
 3556.399387   9.015785e-16 
 3557.842394  -2.516771e-16 
 3559.285442   5.203893e-16 
 3560.728531   4.730672e-16 
 3562.171662     1.7593e-16 
 3563.614834   6.983419e-16 
 3565.058047  -1.250733e-16 
 3566.501302    7.40205e-16 
 3567.944598  -7.110089e-17 
 3569.387935   1.266462e-15 
 3570.831313  -1.605175e-17 
 3572.274732   7.433482e-16 
 3573.718193  -1.824091e-16 
 3575.161695   5.600504e-17 
 3576.605237   2.666188e-16 
 3578.048821   2.813998e-16 
 3579.492446   5.380282e-16 
 3580.936112  -3.199446e-17 
 3582.379819   1.497699e-16 
 3583.823567   3.224583e-16 
 3585.267355   3.718797e-16 
 3586.711185   2.600602e-16 
 3588.155056    6.20055e-16 
 3589.598968   3.333083e-16 
  3591.04292   3.654555e-16 
 3592.486913   6.705344e-16 
 3593.930947   -8.52877e-18 
 3595.375022   3.018243e-16 
 3596.819138   1.972539e-16 
 3598.263295  -1.160633e-16 
 3599.707492   5.327832e-16 
  3601.15173   7.208152e-16 
 3602.596008   2.873892e-16 
 3604.040328   3.103359e-16 
 3605.484688   4.229782e-16 
 3606.929088    4.49357e-16 
 3608.373529   3.883752e-16 
 3609.818011   3.404784e-16 
 3611.262533   2.607087e-16 
 3612.707096   7.590014e-16 
   3614.1517   2.699943e-16 
 3615.596343   3.979664e-16 
 3617.041028   2.351384e-16 
 3618.485752   4.328078e-16 
 3619.930518   4.898418e-16 
 3621.375323   3.884961e-16 
 3622.820169   2.317303e-16 
 3624.265055   2.541671e-16 
 3625.709982   3.153677e-16 
 3627.154949   1.435602e-16 
 3628.599956   7.014335e-16 
 3630.045003   3.342707e-16 
 3631.490091   2.004632e-16 
 3632.935219   2.221803e-17 
 3634.380387    4.87802e-16 
 3635.825595    3.95654e-16 
 3637.270844  -8.770851e-18 
 3638.716132  -5.839671e-17 
 3640.161461   2.729224e-17 
  3641.60683   5.522462e-17 
 3643.052238   3.635189e-17 
 3644.497687    1.96873e-16 
 3645.943176   2.707499e-16 
 3647.388705   3.524961e-16 
 3648.834274   6.892128e-17 
 3650.279882   5.897432e-16 
 3651.725531   4.704044e-16 
  3653.17122   7.707658e-17 
 3654.616948   1.060017e-16 
 3656.062716   3.873477e-16 
 3657.508524   3.439366e-16 
 3658.954372   3.510899e-16 
  3660.40026   5.881504e-16 
 3661.846187   3.298286e-16 
 3663.292155   9.435496e-17 
 3664.738161   1.780817e-16 
 3666.184208   2.799326e-16 
 3667.630294   2.169453e-16 
  3669.07642   1.184832e-16 
 3670.522586   2.857707e-16 
 3671.968791   6.419886e-16 
 3673.415036    2.94546e-16 
  3674.86132  -7.258049e-17 
 3676.307644   3.734524e-16 
 3677.754007   4.902521e-16 
  3679.20041   4.245899e-16 
 3680.646852   5.911554e-16 
 3682.093334   2.059995e-16 
 3683.539855   6.937176e-17 
 3684.986416    4.54168e-16 
 3686.433016   3.066297e-16 
 3687.879655   8.965945e-17 
 3689.326334   3.114063e-16 
 3690.773052   2.805073e-16 
 3692.219809   2.883519e-16 
 3693.666606   2.316085e-16 
 3695.113441   3.214254e-16 
 3696.560316   1.731588e-16 
  3698.00723   1.313299e-16 
 3699.454184   4.122884e-16 
 3700.901176   3.006938e-16 
 3702.348208   1.689484e-16 
 3703.795279   6.001054e-16 
 3705.242388   1.669452e-16 
 3706.689537   3.212381e-16 
 3708.136725   4.544004e-16 
 3709.583952   7.447482e-17 
 3711.031218    2.99807e-16 
 3712.478523   5.998505e-16 
 3713.925867  -1.119641e-16 
  3715.37325   5.127164e-16 
 3716.820671   4.140814e-16 
 3718.268132   3.848193e-16 
 3719.715631   5.396777e-16 
  3721.16317    2.26085e-16 
 3722.610747   3.604713e-16 
 3724.058363   1.834152e-16 
 3725.506017   3.477518e-16 
 3726.953711   2.855664e-16 
 3728.401443   3.712896e-16 
 3729.849213   3.012314e-16 
 3731.297023   3.397584e-16 
 3732.744871   4.141705e-16 
 3734.192758   4.311341e-16 
 3735.640683   1.747129e-16 
 3737.088647    1.66108e-16 
  3738.53665   2.691526e-16 
 3739.984691   2.348688e-16 
  3741.43277   3.708264e-16 
 3742.880888   8.848748e-17 
 3744.329045   4.223474e-16 
  3745.77724   4.658162e-16 
 3747.225473   3.957552e-16 
 3748.673745  -2.286925e-17 
 3750.122055     2.5447e-16 
 3751.570404   2.629841e-16 
 3753.018791   2.889082e-16 
 3754.467216   6.265306e-16 
 3755.915679  -1.376762e-16 
 3757.364181   3.325609e-16 
 3758.812721   3.636092e-16 
 3760.261299   4.857268e-16 
 3761.709916   3.733501e-16 
 3763.158571    4.88439e-16 
 3764.607263   2.992063e-16 
 3766.055994   5.654107e-16 
 3767.504763   5.555118e-16 
  3768.95357   3.483424e-16 
 3770.402416   2.942779e-16 
 3771.851299    1.75239e-16 
  3773.30022   4.802109e-16 
 3774.749179   4.024197e-16 
 3776.198177   2.535915e-16 
 3777.647212   3.061669e-16 
 3779.096285   3.699176e-16 
 3780.545396   4.642375e-16 
 3781.994545   5.940726e-16 
 3783.443732   2.310015e-16 
 3784.892956   4.388377e-16 
 3786.342219   1.807453e-16 
 3787.791519   4.329452e-16 
 3789.240857    4.68621e-16 
 3790.690232   5.917996e-16 
 3792.139646   4.768092e-16 
 3793.589097   5.036208e-16 
 3795.038586   3.860307e-16 
 3796.488112   4.563311e-16 
 3797.937677   4.243807e-16 
 3799.387278   2.741724e-16 
 3800.836918   4.408703e-16 
 3802.286595   6.449114e-16 
 3803.736309   4.865356e-16 
 3805.186061   4.516379e-16 
 3806.635851   5.250367e-16 
 3808.085678   5.166132e-16 
 3809.535542   2.551785e-16 
 3810.985444   1.470824e-16 
 3812.435383   3.322435e-16 
  3813.88536   3.686185e-16 
 3815.335374   1.908837e-16 
 3816.785425   2.257943e-16 
 3818.235514   5.112094e-16 
  3819.68564   4.276371e-16 
 3821.135803   2.585045e-16 
 3822.586003    5.72145e-16 
 3824.036241   4.679416e-16 
 3825.486516   4.244542e-16 
 3826.936828   3.582811e-16 
 3828.387177   2.199243e-16 
 3829.837564   2.690563e-16 
 3831.287987   5.576284e-16 
 3832.738448    2.25046e-16 
 3834.188946   5.583569e-16 
  3835.63948   2.019526e-16 
 3837.090052   4.861139e-16 
 3838.540661   2.480994e-16 
 3839.991307   4.450884e-16 
 3841.441989   4.016811e-16 
 3842.892709   5.022118e-16 
 3844.343466   6.590309e-16 
 3845.794259    5.52616e-16 
 3847.245089   2.632071e-16 
 3848.695957   6.144771e-16 
 3850.146861   3.534749e-16 
 3851.597801   4.953012e-16 
 3853.048779   3.377602e-16 
 3854.499793   7.735117e-17 
 3855.950844    2.33834e-16 
 3857.401932   4.946508e-16 
 3858.853056   2.901548e-16 
 3860.304217   2.308523e-16 
 3861.755415   2.170837e-16 
  3863.20665   2.685578e-16 
 3864.657921    2.75206e-16 
 3866.109228   5.940936e-17 
 3867.560572   2.145646e-16 
 3869.011953   2.679768e-16 
  3870.46337   2.471107e-16 
 3871.914823   2.653849e-16 
 3873.366313   3.692583e-16 
  3874.81784   3.774402e-16 
 3876.269403   3.625522e-16 
 3877.721002   2.456232e-16 
 3879.172638   2.800067e-16 
  3880.62431   2.648042e-16 
 3882.076018   2.498906e-16 
 3883.527763   2.229786e-17 
 3884.979544   4.423651e-16 
 3886.431361   1.489084e-16 
 3887.883214   4.167268e-16 
 3889.335104   2.462434e-16 
  3890.78703   1.695232e-16 
 3892.238992   1.015839e-16 
  3893.69099   2.470717e-16 
 3895.143024   3.801373e-16 
 3896.595094    3.52794e-16 
 3898.047201   2.853667e-16 
 3899.499343   4.173643e-16 
 3900.951522   3.981072e-16 
 3902.403736   3.873554e-16 
 3903.855987    2.93261e-16 
 3905.308273   1.963211e-16 
 3906.760595   3.727924e-16 
 3908.212954   3.350305e-16 
 3909.665348   2.466276e-16 
 3911.117778   2.738687e-16 
 3912.570244   5.040978e-16 
 3914.022745   2.951499e-16 
 3915.475283   3.455608e-16 
 3916.927856    1.81257e-17 
 3918.380465   5.304163e-16 
  3919.83311   2.421359e-16 
 3921.285791   2.154707e-16 
 3922.738507   2.998816e-16 
 3924.191259   3.324556e-16 
 3925.644046   2.045602e-16 
 3927.096869   2.393057e-16 
 3928.549728   2.829398e-16 
 3930.002623   2.739064e-16 
 3931.455552   2.945594e-16 
 3932.908518   1.647749e-16 
 3934.361519   2.016867e-16 
 3935.814555   3.389118e-16 
 3937.267627   1.956634e-16 
 3938.720734   3.678695e-16 
 3940.173877   1.334989e-16 
 3941.627055   2.780385e-16 
 3943.080269   1.082895e-16 
 3944.533518   1.325189e-16 
 3945.986802   1.851459e-16 
 3947.440121   2.301655e-16 
 3948.893476   1.463138e-16 
 3950.346866   3.662177e-16 
 3951.800291   2.033431e-16 
 3953.253752   1.810244e-16 
 3954.707247   2.118138e-16 
 3956.160778   2.620231e-16 
 3957.614344   2.749297e-16 
 3959.067945   2.674624e-16 
 3960.521582   1.792896e-18 
 3961.975253   2.187216e-16 
 3963.428959   1.705742e-16 
 3964.882701    1.78143e-16 
 3966.336477   1.430303e-16 
 3967.790288   1.807977e-16 
 3969.244135   3.608765e-16 
 3970.698016   2.710563e-16 
 3972.151932    2.97737e-16 
 3973.605883   2.803562e-16 
 3975.059869   1.951309e-16 
  3976.51389   3.348894e-16 
 3977.967946   3.230088e-16 
 3979.422036   3.158578e-16 
 3980.876162    2.95205e-16 
 3982.330322    3.50069e-16 
 3983.784517   3.879996e-16 
 3985.238746   5.086797e-16 
  3986.69301   3.742094e-16 
 3988.147309   3.246984e-16 
 3989.601643   2.698743e-16 
 3991.056011   2.425148e-16 
 3992.510413   3.409536e-16 
 3993.964851   3.615211e-16 
 3995.419323    2.61344e-16 
 3996.873829   2.465064e-16 
  3998.32837   4.005854e-16 
 3999.782945   3.664183e-16 
 4001.237555   3.620583e-16 
   4002.6922   2.037071e-16 
 4004.146878   3.898108e-16 
 4005.601592   3.867747e-16 
 4007.056339   2.532548e-16 
 4008.511121   2.083373e-16 
 4009.965937    3.21742e-16 
 4011.420788   4.130013e-16 
 4012.875673   3.467214e-16 
 4014.330592   3.432353e-16 
 4015.785545   3.257678e-16 
 4017.240533   2.642279e-16 
 4018.695554   2.945264e-16 
  4020.15061   3.417839e-16 
   4021.6057   3.535028e-16 
 4023.060825   4.234122e-16 
 4024.515983   3.040255e-16 
 4025.971175     3.5505e-16 
 4027.426402   3.607962e-16 
 4028.881662   3.282259e-16 
 4030.336957   3.612689e-16 
 4031.792285   3.283224e-16 
 4033.247648   3.899923e-16 
 4034.703044   3.283626e-16 
 4036.158475   2.329523e-16 
 4037.613939   4.583628e-16 
 4039.069437   4.463714e-16 
 4040.524969   2.212699e-16 
 4041.980535   2.813672e-16 
 4043.436134   3.815609e-16 
 4044.891768   4.120737e-16 
 4046.347435    2.79794e-16 
 4047.803136   3.097291e-16 
 4049.258871   2.675871e-16 
 4050.714639   3.372792e-16 
 4052.170441   3.465385e-16 
 4053.626277   3.749142e-16 
 4055.082146   4.124733e-16 
 4056.538049   3.041121e-16 
 4057.993986   3.488935e-16 
 4059.449956   1.949276e-16 
 4060.905959   3.562717e-16 
 4062.361996    3.56544e-16 
 4063.818067   2.968396e-16 
 4065.274171   2.128722e-16 
 4066.730309   2.276331e-16 
  4068.18648   4.332742e-16 
 4069.642684   3.131499e-16 
 4071.098922   3.736354e-16 
 4072.555193   3.478263e-16 
 4074.011498   3.721505e-16 
 4075.467835   2.279979e-16 
 4076.924206   3.386097e-16 
 4078.380611   3.429119e-16 
 4079.837048   3.426491e-16 
 4081.293519   4.195884e-16 
 4082.750023   2.076614e-16 
  4084.20656   3.937532e-16 
 4085.663131   2.893344e-16 
 4087.119734   3.341263e-16 
 4088.576371   3.722233e-16 
 4090.033041   4.187066e-16 
 4091.489743   2.579346e-16 
 4092.946479    3.13377e-16 
 4094.403248   3.085051e-16 
  4095.86005   3.216255e-16 
 4097.316885   3.335545e-16 
 4098.773752   3.599514e-16 
 4100.230653   2.916688e-16 
 4101.687587   2.715091e-16 
 4103.144553    3.18917e-16 
 4104.601553     2.6137e-16 
 4106.058585    1.71436e-16 
  4107.51565   3.142841e-16 
 4108.972747    3.38165e-16 
 4110.429878   3.508258e-16 
 4111.887041   2.566958e-16 
 4113.344237   3.438084e-16 
 4114.801466   2.250276e-16 
 4116.258728   2.448137e-16 
 4117.716022   1.757316e-16 
 4119.173348   2.542192e-16 
 4120.630708   3.398454e-16 
   4122.0881   2.182129e-16 
 4123.545524   1.612675e-16 
 4125.002981   3.516399e-16 
 4126.460471   3.426966e-16 
 4127.917993   3.299321e-16 
 4129.375547   3.422914e-16 
 4130.833134   3.559431e-16 
 4132.290754   2.776741e-16 
 4133.748406   2.834726e-16 
  4135.20609   1.447126e-16 
 4136.663806   2.840951e-16 
 4138.121555     3.3858e-16 
 4139.579337   2.977476e-16 
  4141.03715    2.41069e-16 
 4142.494996   2.792629e-16 
 4143.952874    2.64346e-16 
 4145.410784   2.645793e-16 
 4146.868727   4.267179e-16 
 4148.326701   2.540304e-16 
 4149.784708    2.19691e-16 
 4151.242747   3.675352e-16 
 4152.700818   2.834164e-16 
 4154.158922   3.063925e-16 
 4155.617057   2.954654e-16 
 4157.075224   2.531328e-16 
 4158.533424   1.684648e-16 
 4159.991655   2.432995e-16 
 4161.449918   2.667846e-16 
 4162.908213   1.638224e-16 
 4164.366541   2.381655e-16 
   4165.8249   2.208608e-16 
 4167.283291   9.056855e-17 
 4168.741714   2.807338e-16 
 4170.200168   3.158638e-16 
 4171.658655   3.460397e-16 
 4173.117173   2.152386e-16 
 4174.575723   2.789204e-16 
 4176.034305   2.821518e-16 
 4177.492919   2.882908e-16 
 4178.951564   2.249347e-16 
 4180.410241   2.613662e-16 
  4181.86895   2.683081e-16 
  4183.32769   2.500185e-16 
 4184.786462   3.197263e-16 
 4186.245266   2.773782e-16 
 4187.704101   3.238805e-16 
 4189.162967   3.322505e-16 
 4190.621866   3.080372e-16 
 4192.080795   2.678516e-16 
 4193.539756   2.277938e-16 
 4194.998749   3.514868e-16 
 4196.457773   2.153578e-16 
 4197.916828  -3.736703e-17 
 4199.375915   2.593359e-16 
 4200.835034   3.292468e-16 
 4202.294183   2.710009e-16 
 4203.753364   2.172991e-16 
 4205.212576   2.953051e-16 
  4206.67182   3.272136e-16 
 4208.131094   3.194241e-16 
   4209.5904   3.206075e-16 
 4211.049738   3.100872e-16 
 4212.509106   2.786843e-16 
 4213.968506   2.959358e-16 
 4215.427936   2.387462e-16 
 4216.887398   2.621051e-16 
 4218.346891   3.140045e-16 
 4219.806415   2.674391e-16 
  4221.26597   3.113867e-16 
 4222.725556   2.703858e-16 
 4224.185173   2.197349e-16 
 4225.644821   2.876986e-16 
   4227.1045     2.1704e-16 
  4228.56421   2.395237e-16 
 4230.023951   2.756561e-16 
 4231.483723   2.531564e-16 
 4232.943525   1.975027e-16 
 4234.403359   2.734071e-16 
 4235.863223   3.072752e-16 
 4237.323118   2.583125e-16 
 4238.783044    2.39663e-16 
 4240.243001    2.94493e-16 
 4241.702988   1.877724e-16 
 4243.163006   2.171717e-16 
 4244.623055   2.119555e-16 
 4246.083134    2.51451e-16 
 4247.543244   1.787577e-16 
 4249.003385   2.785965e-16 
 4250.463556   3.316289e-16 
 4251.923758   3.001279e-16 
 4253.383991   2.826921e-16 
 4254.844254   2.784556e-16 
 4256.304547   3.169956e-16 
 4257.764871   2.217619e-16 
 4259.225226   2.394383e-16 
  4260.68561   2.312701e-16 
 4262.146026   2.280165e-16 
 4263.606471   2.647811e-16 
 4265.066947   3.029213e-16 
 4266.527454    2.89648e-16 
 4267.987991   3.410138e-16 
 4269.448558   1.965953e-16 
 4270.909155   2.556793e-16 
 4272.369783   3.368421e-16 
  4273.83044   3.526829e-16 
 4275.291129   2.423401e-16 
 4276.751847   3.238309e-16 
 4278.212595   3.465647e-16 
 4279.673374   2.047837e-16 
 4281.134182   2.277489e-16 
 4282.595021   2.200971e-16 
  4284.05589   2.072188e-16 
 4285.516789    2.25356e-16 
 4286.977718     2.2303e-16 
 4288.438677   3.039298e-16 
 4289.899666   2.394205e-16 
 4291.360685   2.580746e-16 
 4292.821734   2.218514e-16 
 4294.282812   1.689146e-16 
 4295.743921   2.243708e-16 
  4297.20506   1.987081e-16 
 4298.666228   2.323752e-16 
 4300.127426   2.747042e-16 
 4301.588654   2.509612e-16 
 4303.049912   2.751591e-16 
   4304.5112   2.565485e-16 
 4305.972517   2.691227e-16 
 4307.433864   3.528541e-16 
 4308.895241   1.828082e-16 
 4310.356647   3.203631e-16 
 4311.818083   2.888266e-16 
 4313.279549   2.419006e-16 
 4314.741044   3.133015e-16 
 4316.202569   2.348913e-16 
 4317.664124   2.626618e-16 
 4319.125708   2.371984e-16 
 4320.587321   2.243311e-16 
 4322.048964   2.959107e-16 
 4323.510637   2.075045e-16 
 4324.972339   2.906958e-16 
  4326.43407   2.397229e-16 
 4327.895831   3.092299e-16 
 4329.357621   3.780624e-16 
  4330.81944   2.958492e-16 
 4332.281289    2.63782e-16 
 4333.743167   3.687731e-16 
 4335.205075   2.659132e-16 
 4336.667011   2.902217e-16 
 4338.128977   3.282919e-16 
 4339.590972     2.7125e-16 
 4341.052997   2.696771e-16 
  4342.51505    2.52311e-16 
 4343.977133   3.193294e-16 
 4345.439244   2.852601e-16 
 4346.901385   3.484199e-16 
 4348.363555   2.647796e-16 
 4349.825754   2.660595e-16 
 4351.287982   2.015825e-16 
 4352.750239   1.907062e-16 
 4354.212526   2.449751e-16 
 4355.674841   3.017342e-16 
 4357.137185   2.368193e-16 
 4358.599557   2.063514e-16 
 4360.061959    2.87289e-16 
  4361.52439   3.240349e-16 
  4362.98685   3.071162e-16 
 4364.449338   2.469171e-16 
 4365.911855   2.419804e-16 
 4367.374401   1.734093e-16 
 4368.836976   2.223545e-16 
 4370.299579   2.658041e-16 
 4371.762212   3.882777e-16 
 4373.224873   3.033914e-16 
 4374.687562   2.320734e-16 
  4376.15028   2.625294e-16 
 4377.613027   2.317865e-16 
 4379.075803   2.752864e-16 
 4380.538607   2.779116e-16 
  4382.00144   2.459542e-16 
 4383.464301   2.758351e-16 
  4384.92719    1.96765e-16 
 4386.390109   3.292597e-16 
 4387.853055   2.227641e-16 
  4389.31603   2.431938e-16 
 4390.779034   2.867503e-16 
 4392.242066   2.058701e-16 
 4393.705126   2.450658e-16 
 4395.168215    2.04985e-16 
 4396.631332    2.39406e-16 
 4398.094477     2.4578e-16 
 4399.557651   2.720338e-16 
 4401.020853   2.755973e-16 
 4402.484083   2.889014e-16 
 4403.947341   2.349334e-16 
 4405.410628   2.422566e-16 
 4406.873943   2.310392e-16 
 4408.337286   3.168888e-16 
 4409.800657   2.457976e-16 
 4411.264056   1.877683e-16 
 4412.727483   1.874382e-16 
 4414.190939   2.897511e-16 
 4415.654422   2.404749e-16 
 4417.117933    2.26446e-16 
 4418.581473   1.925137e-16 
  4420.04504   2.825589e-16 
 4421.508635   3.037709e-16 
 4422.972259   2.529765e-16 
  4424.43591   2.470204e-16 
 4425.899589   1.759586e-16 
 4427.363296   2.395465e-16 
  4428.82703   2.448476e-16 
 4430.290793   2.298273e-16 
 4431.754583   2.347072e-16 
 4433.218401   3.314125e-16 
 4434.682247   2.890851e-16 
 4436.146121   2.415779e-16 
 4437.610022   2.364432e-16 
 4439.073951   2.507633e-16 
 4440.537908   2.453764e-16 
 4442.001892   3.045907e-16 
 4443.465904   2.612318e-16 
 4444.929943   2.229517e-16 
 4446.394011   2.210501e-16 
 4447.858105   2.768478e-16 
 4449.322227   2.436169e-16 
 4450.786377   1.907471e-16 
 4452.250554   2.006909e-16 
 4453.714758   2.970851e-16 
  4455.17899   2.116075e-16 
  4456.64325   2.662688e-16 
 4458.107537   1.995894e-16 
 4459.571851   2.659289e-16 
 4461.036192   1.665913e-16 
 4462.500561   2.041861e-16 
 4463.964957   2.604523e-16 
 4465.429381    2.19129e-16 
 4466.893831   2.921562e-16 
 4468.358309   3.032069e-16 
 4469.822814   1.820238e-16 
 4471.287346   2.704711e-16 
 4472.751906   2.359472e-16 
 4474.216492   2.103832e-16 
 4475.681106   2.051199e-16 
 4477.145747   2.502496e-16 
 4478.610414   2.882901e-16 
 4480.075109   2.803117e-16 
 4481.539831   2.820433e-16 
  4483.00458   2.679902e-16 
 4484.469356   2.761433e-16 
 4485.934159   2.265766e-16 
 4487.398989   1.691866e-16 
 4488.863845   2.196049e-16 
 4490.328729   2.704667e-16 
 4491.793639   3.092407e-16 
 4493.258577   1.631707e-16 
 4494.723541   1.965646e-16 
 4496.188532   1.663381e-16 
 4497.653549   1.808658e-16 
 4499.118594    2.39947e-16 
 4500.583665   2.667307e-16 
 4502.048763   2.134629e-16 
 4503.513887   1.808867e-16 
 4504.979038   2.460131e-16 
 4506.444216   2.213861e-16 
 4507.909421   1.934042e-16 
 4509.374652   2.291053e-16 
  4510.83991   2.289998e-16 
 4512.305194    2.56752e-16 
 4513.770504   2.772353e-16 
 4515.235842   2.345588e-16 
 4516.701205   2.589097e-16 
 4518.166596   1.802464e-16 
 4519.632012   2.441121e-16 
 4521.097455   2.699284e-16 
 4522.562925   2.303198e-16 
  4524.02842   2.577833e-16 
 4525.493942   2.849882e-16 
 4526.959491   3.101977e-16 
 4528.425066   1.952488e-16 
 4529.890667   2.440068e-16 
 4531.356294   2.179028e-16 
 4532.821948    2.82778e-16 
 4534.287627   2.292316e-16 
 4535.753333    2.67445e-16 
 4537.219065   2.275673e-16 
 4538.684823   2.665004e-16 
 4540.150608   2.206577e-16 
 4541.616418   2.346464e-16 
 4543.082255   2.764214e-16 
 4544.548117   1.482756e-16 
 4546.014006   2.689631e-16 
 4547.479921   2.281747e-16 
 4548.945861   2.532768e-16 
 4550.411828   2.189929e-16 
  4551.87782   2.853619e-16 
 4553.343839   2.283171e-16 
 4554.809883   1.973504e-16 
 4556.275953   2.405196e-16 
 4557.742049   2.644631e-16 
 4559.208171   2.967845e-16 
 4560.674319     2.4448e-16 
 4562.140492   2.253588e-16 
 4563.606691   2.081091e-16 
 4565.072916   2.820037e-16 
 4566.539167   2.298972e-16 
 4568.005443   2.473655e-16 
 4569.471745    2.25096e-16 
 4570.938073   2.491024e-16 
 4572.404426   2.441614e-16 
 4573.870805   2.450157e-16 
 4575.337209    2.49501e-16 
 4576.803639   2.993706e-16 
 4578.270095   2.491613e-16 
 4579.736576    2.34845e-16 
 4581.203082   3.020455e-16 
 4582.669614    2.39333e-16 
 4584.136172   2.358624e-16 
 4585.602755   2.324489e-16 
 4587.069363    3.16295e-16 
 4588.535996   2.710275e-16 
 4590.002655   3.357652e-16 
  4591.46934   3.173538e-16 
 4592.936049   3.346749e-16 
 4594.402784   2.544873e-16 
 4595.869544   2.022743e-16 
  4597.33633   2.343753e-16 
  4598.80314   3.148684e-16 
 4600.269976     2.2624e-16 
 4601.736837   2.662596e-16 
 4603.203723   3.366665e-16 
 4604.670634   2.621938e-16 
 4606.137571   2.030965e-16 
 4607.604532   2.567585e-16 
 4609.071519   2.069331e-16 
  4610.53853   2.740053e-16 
 4612.005567   2.673605e-16 
 4613.472628    2.84113e-16 
 4614.939715   1.982248e-16 
 4616.406826   2.899843e-16 
 4617.873962   3.238198e-16 
 4619.341124   2.787994e-16 
  4620.80831   3.534643e-16 
 4622.275521   3.459968e-16 
 4623.742756   2.213705e-16 
 4625.210017   2.225212e-16 
 4626.677302   3.311858e-16 
 4628.144613   2.863558e-16 
 4629.611947   2.570368e-16 
 4631.079307   2.377553e-16 
 4632.546691   2.695102e-16 
   4634.0141   3.409296e-16 
 4635.481534   2.282551e-16 
 4636.948992   3.022729e-16 
 4638.416475   2.612007e-16 
 4639.883983   2.072697e-16 
 4641.351515   2.596635e-16 
 4642.819071   2.497419e-16 
 4644.286652   2.552503e-16 
 4645.754258   3.272681e-16 
 4647.221888   3.492528e-16 
 4648.689542   3.006548e-16 
 4650.157221   2.260981e-16 
 4651.624924   2.861084e-16 
 4653.092652    3.01933e-16 
 4654.560404   2.652078e-16 
  4656.02818   2.470222e-16 
 4657.495981   2.660526e-16 
 4658.963806   3.115818e-16 
 4660.431655   3.175222e-16 
 4661.899528   3.093737e-16 
 4663.367426   3.951459e-16 
 4664.835348   3.099264e-16 
 4666.303294   3.132267e-16 
 4667.771264   2.793607e-16 
 4669.239258   4.101453e-16 
 4670.707277   2.593476e-16 
 4672.175319   3.698537e-16 
 4673.643386   3.143221e-16 
 4675.111477   3.164375e-16 
 4676.579591   3.087068e-16 
  4678.04773   2.984701e-16 
 4679.515892   2.930573e-16 
 4680.984079   3.063253e-16 
 4682.452289   3.335764e-16 
 4683.920524   3.370931e-16 
 4685.388782   2.770727e-16 
 4686.857064   3.317363e-16 
  4688.32537   2.811604e-16 
   4689.7937   3.500014e-16 
 4691.262053    3.41032e-16 
 4692.730431    3.88978e-16 
 4694.198832   2.744359e-16 
 4695.667256   2.979472e-16 
 4697.135705   3.135433e-16 
 4698.604177   3.490865e-16 
 4700.072673   2.959883e-16 
 4701.541192   3.401891e-16 
 4703.009735   3.284894e-16 
 4704.478302   3.716707e-16 
 4705.946892   3.271387e-16 
 4707.415506   3.234688e-16 
 4708.884143   2.884086e-16 
 4710.352804   3.232686e-16 
 4711.821488   3.162801e-16 
 4713.290196   3.761252e-16 
 4714.758927   3.155958e-16 
 4716.227681   3.156688e-16 
 4717.696459   3.361111e-16 
  4719.16526   2.915639e-16 
 4720.634085   3.077171e-16 
 4722.102933   3.974926e-16 
 4723.571804   3.620586e-16 
 4725.040699   3.475459e-16 
 4726.509616   2.876864e-16 
 4727.978557   3.133184e-16 
 4729.447521   3.351867e-16 
 4730.916509   3.808856e-16 
 4732.385519   3.082327e-16 
 4733.854553   3.691404e-16 
 4735.323609    3.15546e-16 
 4736.792689   3.375252e-16 
 4738.261792   2.921544e-16 
 4739.730918   3.572237e-16 
 4741.200067   3.153629e-16 
 4742.669239   3.288516e-16 
 4744.138434   3.261601e-16 
 4745.607652   3.574452e-16 
 4747.076892   3.265497e-16 
 4748.546156   3.550547e-16 
 4750.015443   3.411324e-16 
 4751.484752   2.812591e-16 
 4752.954084   2.936721e-16 
 4754.423439   3.459865e-16 
 4755.892817   3.315286e-16 
 4757.362218   3.303952e-16 
 4758.831641   3.434347e-16 
 4760.301088   3.381897e-16 
 4761.770556   3.592149e-16 
 4763.240048    3.37012e-16 
 4764.709562   3.428351e-16 
 4766.179099   2.789442e-16 
 4767.648658   3.899271e-16 
  4769.11824   2.876291e-16 
 4770.587845    3.07228e-16 
 4772.057472   3.137275e-16 
 4773.527122   3.664786e-16 
 4774.996794   2.583798e-16 
 4776.466488   2.700492e-16 
 4777.936206   3.344521e-16 
 4779.405945   2.723031e-16 
 4780.875707   3.718547e-16 
 4782.345491    2.74322e-16 
 4783.815298   3.470236e-16 
 4785.285127   2.934678e-16 
 4786.754978   3.107065e-16 
 4788.224852   2.986954e-16 
 4789.694748   3.240908e-16 
 4791.164666   3.129746e-16 
 4792.634606   3.385296e-16 
 4794.104569   2.906654e-16 
 4795.574554   2.840754e-16 
 4797.044561   2.935449e-16 
  4798.51459   2.797103e-16 
 4799.984641   3.015286e-16 
 4801.454714   2.495875e-16 
  4802.92481   2.879198e-16 
 4804.394927    2.50898e-16 
 4805.865067   3.240803e-16 
 4807.335228   2.974499e-16 
 4808.805411   3.781682e-16 
 4810.275617   2.749826e-16 
 4811.745844   2.678808e-16 
 4813.216093   2.850514e-16 
 4814.686364   3.618764e-16 
 4816.156657   3.007611e-16 
 4817.626972   2.891263e-16 
 4819.097309   2.959493e-16 
 4820.567667   2.543056e-16 
 4822.038047   2.878932e-16 
 4823.508449   2.854533e-16 
 4824.978873   3.236878e-16 
 4826.449318   3.285918e-16 
 4827.919786   3.208809e-16 
 4829.390274   2.730104e-16 
 4830.860785   3.074262e-16 
 4832.331317   3.105717e-16 
  4833.80187   2.751382e-16 
 4835.272446   3.055011e-16 
 4836.743042   3.137619e-16 
  4838.21366   2.976201e-16 
   4839.6843   2.514508e-16 
 4841.154961   2.443818e-16 
 4842.625644   3.152524e-16 
 4844.096348   2.659124e-16 
 4845.567074   3.273198e-16 
 4847.037821   2.925066e-16 
 4848.508589   2.871461e-16 
 4849.979379   1.991579e-16 
  4851.45019   2.083818e-16 
 4852.921022   3.248049e-16 
 4854.391876   2.807944e-16 
  4855.86275    2.95012e-16 
 4857.333647   3.055054e-16 
 4858.804564   2.881369e-16 
 4860.275502   2.997667e-16 
 4861.746462   3.320107e-16 
 4863.217443   2.867625e-16 
 4864.688444   2.704265e-16 
 4866.159467   3.722672e-16 
 4867.630511   3.131272e-16 
 4869.101577   2.916033e-16 
 4870.572663   2.854833e-16 
  4872.04377   2.246987e-16 
 4873.514898   2.878958e-16 
 4874.986047   3.055502e-16 
 4876.457217   2.826403e-16 
 4877.928408   3.105497e-16 
  4879.39962   3.038972e-16 
 4880.870853   3.149348e-16 
 4882.342106   2.726798e-16 
 4883.813381   3.056798e-16 
 4885.284676   2.611927e-16 
 4886.755992   3.312381e-16 
 4888.227328   2.915993e-16 
 4889.698686   2.626169e-16 
 4891.170064   2.685542e-16 
 4892.641463   2.739386e-16 
 4894.112882   2.433918e-16 
 4895.584323   2.839224e-16 
 4897.055783   2.933723e-16 
 4898.527265   3.057107e-16 
 4899.998767   3.075679e-16 
 4901.470289   2.974085e-16 
 4902.941832   2.213425e-16 
 4904.413396   2.218469e-16 
  4905.88498    2.94639e-16 
 4907.356584   2.946455e-16 
 4908.828209   2.911614e-16 
 4910.299855   3.117227e-16 
 4911.771521   3.041184e-16 
 4913.243207   2.174566e-16 
 4914.714913   2.143735e-16 
  4916.18664   2.514509e-16 
 4917.658387   2.570925e-16 
 4919.130155   2.689413e-16 
 4920.601942   2.759625e-16 
  4922.07375   3.395302e-16 
 4923.545578   3.392896e-16 
 4925.017427   3.045661e-16 
 4926.489295   2.570814e-16 
 4927.961184   2.740404e-16 
 4929.433092   2.659821e-16 
 4930.905021   2.583165e-16 
  4932.37697   3.232162e-16 
 4933.848939    3.10476e-16 
 4935.320928   2.326073e-16 
 4936.792937   3.110577e-16 
 4938.264966    2.43797e-16 
 4939.737015   2.882085e-16 
 4941.209084   2.997381e-16 
 4942.681173   2.787339e-16 
 4944.153282   2.998201e-16 
 4945.625411   3.058489e-16 
 4947.097559   2.759448e-16 
 4948.569727   2.791343e-16 
 4950.041916   2.481227e-16 
 4951.514123   2.251366e-16 
 4952.986351   3.154332e-16 
 4954.458599   3.099911e-16 
 4955.930866    2.94063e-16 
 4957.403152   2.838826e-16 
 4958.875459   3.428577e-16 
 4960.347785   2.375917e-16 
 4961.820131   2.938386e-16 
 4963.292496   2.567425e-16 
 4964.764881   3.448666e-16 
 4966.237286    3.28372e-16 
  4967.70971   2.658591e-16 
 4969.182153    3.07765e-16 
 4970.654616   2.572334e-16 
 4972.127099   3.210463e-16 
 4973.599601   2.919588e-16 
 4975.072122   3.102613e-16 
 4976.544663    2.60738e-16 
 4978.017223   2.042554e-16 
 4979.489803   3.140269e-16 
 4980.962402   2.735288e-16 
  4982.43502    2.32493e-16 
 4983.907657    2.88878e-16 
 4985.380314   2.994786e-16 
  4986.85299   2.444087e-16 
 4988.325685   2.945568e-16 
   4989.7984   2.786267e-16 
 4991.271133   2.723868e-16 
 4992.743886   2.577758e-16 
 4994.216658   2.468161e-16 
 4995.689449   3.058572e-16 
 4997.162259   2.263991e-16 
 4998.635088   2.184723e-16 
 5000.107936   2.901845e-16 
 5001.580803   2.594576e-16 
 5003.053689   2.707545e-16 
 5004.526594   3.242408e-16 
 5005.999518   2.575389e-16 
 5007.472461   2.592009e-16 
 5008.945423   2.508746e-16 
 5010.418404   2.917931e-16 
 5011.891404   2.475599e-16 
 5013.364422   2.813537e-16 
 5014.837459   3.479383e-16 
 5016.310515   3.939094e-16 
  5017.78359   3.012282e-16 
 5019.256684   3.166685e-16 
 5020.729796   3.144896e-16 
 5022.202927     3.2219e-16 
 5023.676077   2.576655e-16 
 5025.149245    2.51558e-16 
 5026.622432   3.027379e-16 
 5028.095638   2.745845e-16 
 5029.568862   2.463868e-16 
 5031.042105   2.866447e-16 
 5032.515366    2.52148e-16 
 5033.988646    2.80185e-16 
 5035.461944   3.002532e-16 
 5036.935261   2.487144e-16 
 5038.408596   2.817964e-16 
 5039.881949   2.698163e-16 
 5041.355321   2.822113e-16 
 5042.828712   2.955091e-16 
 5044.302121   3.185516e-16 
 5045.775548   3.010392e-16 
 5047.248993   2.773528e-16 
 5048.722457   2.872115e-16 
 5050.195939   2.800168e-16 
 5051.669439   3.258703e-16 
 5053.142957   3.101761e-16 
 5054.616494   2.901055e-16 
 5056.090049   3.318585e-16 
 5057.563622   2.911337e-16 
 5059.037213   3.012023e-16 
 5060.510822   2.857566e-16 
  5061.98445   3.138923e-16 
 5063.458095   2.223859e-16 
 5064.931758   2.829264e-16 
  5066.40544   2.990558e-16 
 5067.879139   2.659797e-16 
 5069.352857    2.85136e-16 
 5070.826592   2.761507e-16 
 5072.300345   3.007387e-16 
 5073.774117   3.099736e-16 
 5075.247906   2.990308e-16 
 5076.721713   2.674925e-16 
 5078.195537   2.755524e-16 
  5079.66938   2.414148e-16 
  5081.14324   2.803494e-16 
 5082.617119   3.115785e-16 
 5084.091015   2.799934e-16 
 5085.564928   2.793964e-16 
  5087.03886   2.654423e-16 
 5088.512809   2.755493e-16 
 5089.986775    2.57411e-16 
  5091.46076   2.571305e-16 
 5092.934762   3.053857e-16 
 5094.408781   3.038954e-16 
 5095.882818   2.630715e-16 
 5097.356873   2.651882e-16 
 5098.830945   2.771536e-16 
 5100.305035   2.899099e-16 
 5101.779142    2.12682e-16 
 5103.253267   2.910579e-16 
 5104.727409   2.618559e-16 
 5106.201568   2.567808e-16 
 5107.675745   2.557799e-16 
 5109.149939   2.618568e-16 
 5110.624151   2.344566e-16 
 5112.098379   2.562313e-16 
 5113.572626   2.239559e-16 
 5115.046889    3.31738e-16 
  5116.52117   3.138228e-16 
 5117.995468   3.355201e-16 
 5119.469783   3.632868e-16 
 5120.944115   3.763576e-16 
 5122.418465   2.737081e-16 
 5123.892831   2.439023e-16 
 5125.367215   2.821157e-16 
 5126.841616   2.301818e-16 
 5128.316033   2.443582e-16 
 5129.790468   2.715737e-16 
  5131.26492   2.571868e-16 
 5132.739389   2.565436e-16 
 5134.213875    2.75596e-16 
 5135.688378    2.78554e-16 
 5137.162898   2.500321e-16 
 5138.637435    2.47068e-16 
 5140.111988   2.693566e-16 
 5141.586559   2.399019e-16 
 5143.061146   3.150499e-16 
  5144.53575   2.287182e-16 
 5146.010371   2.785845e-16 
 5147.485009   2.969109e-16 
 5148.959663   1.957453e-16 
 5150.434335   2.757914e-16 
 5151.909023   2.564694e-16 
 5153.383727   2.866348e-16 
 5154.858448   2.266358e-16 
 5156.333186   2.763943e-16 
 5157.807941   2.201813e-16 
 5159.282712   2.566156e-16 
   5160.7575   2.450118e-16 
 5162.232304   2.600468e-16 
 5163.707125   2.380572e-16 
 5165.181962   4.250835e-16 
 5166.656816   4.716425e-16 
 5168.131686   4.839991e-16 
 5169.606573   4.362544e-16 
 5171.081476   3.781206e-16 
 5172.556395   2.965033e-16 
 5174.031331   2.358709e-16 
 5175.506283    2.54271e-16 
 5176.981252   2.395935e-16 
 5178.456236   2.612688e-16 
 5179.931238   2.771556e-16 
 5181.406255   2.297547e-16 
 5182.881288   2.737446e-16 
 5184.356338   2.196198e-16 
 5185.831404   1.863503e-16 
 5187.306486   2.542726e-16 
 5188.781585   2.384529e-16 
 5190.256699   2.858389e-16 
  5191.73183   2.465883e-16 
 5193.206976   2.851725e-16 
 5194.682139   2.171574e-16 
 5196.157317   2.673542e-16 
 5197.632512   2.824309e-16 
 5199.107723   2.559682e-16 
 5200.582949   2.203947e-16 
 5202.058192   2.427585e-16 
  5203.53345   2.236743e-16 
 5205.008725   2.352929e-16 
 5206.484015   2.508948e-16 
 5207.959321    2.54758e-16 
 5209.434643   2.107472e-16 
  5210.90998   2.544669e-16 
 5212.385334   2.757036e-16 
 5213.860703   2.330087e-16 
 5215.336088   2.410726e-16 
 5216.811489   2.971203e-16 
 5218.286905   2.346481e-16 
 5219.762337   2.961207e-16 
 5221.237785   2.737472e-16 
 5222.713248   2.411735e-16 
 5224.188727   2.837609e-16 
 5225.664222   2.785644e-16 
 5227.139732     2.4603e-16 
 5228.615257   2.576464e-16 
 5230.090798   2.364704e-16 
 5231.566355   2.411512e-16 
 5233.041927   2.552021e-16 
 5234.517514    2.20902e-16 
 5235.993117    2.86276e-16 
 5237.468736   2.390843e-16 
 5238.944369    2.62784e-16 
 5240.420018   2.782365e-16 
 5241.895683   2.938891e-16 
 5243.371362    3.02055e-16 
 5244.847057   2.803807e-16 
 5246.322767    2.28783e-16 
 5247.798493   3.307147e-16 
 5249.274233   2.817259e-16 
 5250.749989   2.874424e-16 
  5252.22576   3.055737e-16 
 5253.701546   2.631569e-16 
 5255.177348   2.570778e-16 
 5256.653164   2.904153e-16 
 5258.128995    2.78019e-16 
 5259.604842   2.885749e-16 
 5261.080703    2.95563e-16 
  5262.55658   2.376308e-16 
 5264.032472   2.803536e-16 
 5265.508378   2.378098e-16 
   5266.9843   2.727071e-16 
 5268.460236   2.641784e-16 
 5269.936187   2.911895e-16 
 5271.412153   3.100774e-16 
 5272.888134   2.291144e-16 
  5274.36413   2.319226e-16 
 5275.840141   2.548725e-16 
 5277.316166   2.785685e-16 
 5278.792206   2.640987e-16 
 5280.268261    2.36765e-16 
 5281.744331   2.109287e-16 
 5283.220415   2.416691e-16 
 5284.696514   2.490909e-16 
 5286.172628   3.007501e-16 
 5287.648756   2.794544e-16 
 5289.124899   2.962048e-16 
 5290.601057   2.863368e-16 
 5292.077229    2.28534e-16 
 5293.553415    2.45981e-16 
 5295.029616   2.856718e-16 
 5296.505832   2.718039e-16 
 5297.982062   2.844381e-16 
 5299.458306   3.279385e-16 
 5300.934565    2.70998e-16 
 5302.410839   2.970894e-16 
 5303.887126   3.083062e-16 
 5305.363428   2.874814e-16 
 5306.839745   2.648817e-16 
 5308.316075   2.889504e-16 
  5309.79242   3.107962e-16 
  5311.26878   2.876562e-16 
 5312.745153   2.851587e-16 
 5314.221541   3.225657e-16 
 5315.697943   2.469236e-16 
 5317.174359   2.967059e-16 
 5318.650789   2.652965e-16 
 5320.127233   3.198459e-16 
 5321.603692   2.942609e-16 
 5323.080164   2.972329e-16 
 5324.556651   2.874855e-16 
 5326.033152   2.229467e-16 
 5327.509666   2.870276e-16 
 5328.986195   2.790396e-16 
 5330.462737   2.702905e-16 
 5331.939294   3.051983e-16 
 5333.415865   2.453962e-16 
 5334.892449    2.87086e-16 
 5336.369047   2.805195e-16 
 5337.845659   2.542645e-16 
 5339.322285   2.770322e-16 
 5340.798925    3.19399e-16 
 5342.275579   3.343615e-16 
 5343.752246   2.966759e-16 
 5345.228927   2.596888e-16 
 5346.705622   2.703646e-16 
  5348.18233   3.501262e-16 
 5349.659053   3.057203e-16 
 5351.135788   2.571822e-16 
 5352.612538   2.960535e-16 
 5354.089301   3.105178e-16 
 5355.566078   2.646331e-16 
 5357.042868   3.036175e-16 
 5358.519672   2.773655e-16 
 5359.996489   2.962391e-16 
  5361.47332   2.654513e-16 
 5362.950164   2.997243e-16 
 5364.427022   2.925866e-16 
 5365.903893   2.919612e-16 
 5367.380777   2.772482e-16 
 5368.857675   3.143338e-16 
 5370.334586   3.108505e-16 
 5371.811511   3.697733e-16 
 5373.288449   3.297132e-16 
   5374.7654   2.777373e-16 
 5376.242365   3.337658e-16 
 5377.719342   2.561032e-16 
 5379.196333   3.172041e-16 
 5380.673337   2.871407e-16 
 5382.150355   3.159653e-16 
 5383.627385   2.870609e-16 
 5385.104429   3.225762e-16 
 5386.581486   3.143354e-16 
 5388.058555   2.768117e-16 
 5389.535638   2.880833e-16 
 5391.012734   3.133215e-16 
 5392.489843   2.738266e-16 
 5393.966965   3.482727e-16 
   5395.4441   3.344142e-16 
 5396.921248   3.233444e-16 
 5398.398409   2.874344e-16 
 5399.875583   3.415203e-16 
 5401.352769    3.35426e-16 
 5402.829969   3.157241e-16 
 5404.307181   3.091383e-16 
 5405.784406   3.245138e-16 
 5407.261644   3.129267e-16 
 5408.738895   3.157615e-16 
 5410.216158   3.063204e-16 
 5411.693434   3.399312e-16 
 5413.170723   2.960147e-16 
 5414.648025   3.326635e-16 
 5416.125339    3.39086e-16 
 5417.602666   3.779587e-16 
 5419.080005   2.810636e-16 
 5420.557357   2.906625e-16 
 5422.034722   2.874664e-16 
 5423.512099   3.584421e-16 
 5424.989489   3.183079e-16 
 5426.466891     3.8462e-16 
 5427.944305   3.218417e-16 
 5429.421733   2.781822e-16 
 5430.899172   3.405071e-16 
 5432.376624   2.783182e-16 
 5433.854088    2.52046e-16 
 5435.331565   3.298006e-16 
 5436.809054   2.447344e-16 
 5438.286555   3.343211e-16 
 5439.764069   2.695539e-16 
 5441.241595    3.39986e-16 
 5442.719133   3.479183e-16 
 5444.196684   3.203671e-16 
 5445.674246   3.134517e-16 
 5447.151821   2.791092e-16 
 5448.629408   2.749795e-16 
 5450.107007   2.980782e-16 
 5451.584618    2.79559e-16 
 5453.062242   2.476792e-16 
 5454.539877   2.875793e-16 
 5456.017524   2.881203e-16 
 5457.495184   3.341978e-16 
 5458.972855   3.229061e-16 
 5460.450539   3.260886e-16 
 5461.928234   2.693726e-16 
 5463.405941   2.874093e-16 
 5464.883661   2.859389e-16 
 5466.361392   2.799027e-16 
 5467.839135   2.520657e-16 
  5469.31689   2.937008e-16 
 5470.794656   3.073121e-16 
 5472.272435    3.00405e-16 
 5473.750225   2.659241e-16 
 5475.228027   3.100563e-16 
 5476.705841   3.124048e-16 
 5478.183666    3.05818e-16 
 5479.661503   2.862598e-16 
 5481.139352   3.051532e-16 
 5482.617212   2.588088e-16 
 5484.095084   3.059117e-16 
 5485.572968   2.714499e-16 
 5487.050863   2.092582e-16 
  5488.52877   2.648733e-16 
 5490.006688   2.711904e-16 
 5491.484618   2.560211e-16 
 5492.962559   2.866328e-16 
 5494.440512   2.835014e-16 
 5495.918476   3.205722e-16 
 5497.396452   2.829066e-16 
 5498.874439   2.945448e-16 
 5500.352437   2.761974e-16 
 5501.830447   3.299398e-16 
 5503.308468    2.44036e-16 
   5504.7865   2.903137e-16 
 5506.264544   3.297961e-16 
 5507.742598   3.239124e-16 
 5509.220664   3.010333e-16 
 5510.698742   2.698075e-16 
  5512.17683   2.703681e-16 
  5513.65493   3.302979e-16 
 5515.133041   2.994501e-16 
 5516.611162   3.557444e-16 
 5518.089295   3.354428e-16 
  5519.56744   3.015657e-16 
 5521.045595   3.116205e-16 
 5522.523761   3.191911e-16 
 5524.001938   3.105926e-16 
 5525.480126   3.302901e-16 
 5526.958325   2.893237e-16 
 5528.436535   3.498877e-16 
 5529.914756   2.836575e-16 
 5531.392988   3.241417e-16 
 5532.871231   2.959165e-16 
 5534.349484   2.748528e-16 
 5535.827749   2.498256e-16 
 5537.306024   3.010765e-16 
  5538.78431   2.983666e-16 
 5540.262607    2.94464e-16 
 5541.740914   3.163346e-16 
 5543.219232   2.752281e-16 
 5544.697561   3.074113e-16 
 5546.175901   3.162167e-16 
 5547.654251   2.807411e-16 
 5549.132612   3.293409e-16 
 5550.610983   3.142478e-16 
 5552.089365   2.923965e-16 
 5553.567758   3.580135e-16 
 5555.046161   2.980157e-16 
 5556.524574   3.258685e-16 
 5558.002998   3.129545e-16 
 5559.481433   2.800656e-16 
 5560.959878   2.928001e-16 
 5562.438333   3.018317e-16 
 5563.916799   3.045885e-16 
 5565.395275   3.253032e-16 
 5566.873762    3.04699e-16 
 5568.352258   2.802947e-16 
 5569.830766   2.656234e-16 
 5571.309283   3.073577e-16 
 5572.787811   2.666721e-16 
 5574.266349   3.045974e-16 
 5575.744897   1.973928e-16 
 5577.223455   5.620607e-16 
 5578.702024    1.57634e-16 
 5580.180602   1.338634e-16 
 5581.659191   2.897442e-16 
  5583.13779   3.079946e-16 
 5584.616399   2.377516e-16 
 5586.095018   2.956888e-16 
 5587.573647   2.785049e-16 
 5589.052286   3.380079e-16 
 5590.530935   3.463621e-16 
 5592.009594   2.464798e-16 
 5593.488263   2.936198e-16 
 5594.966942   2.620736e-16 
  5596.44563   3.067338e-16 
 5597.924329   2.782429e-16 
 5599.403038   2.753529e-16 
 5600.881756   2.838587e-16 
 5602.360484   3.212622e-16 
 5603.839222   2.925699e-16 
  5605.31797    3.29026e-16 
 5606.796727   2.632204e-16 
 5608.275494   2.823349e-16 
 5609.754271   3.134465e-16 
 5611.233058   3.215681e-16 
 5612.711854   2.994716e-16 
 5614.190659   2.955522e-16 
 5615.669475   2.813686e-16 
   5617.1483   2.607414e-16 
 5618.627134   2.673513e-16 
 5620.105978   2.570628e-16 
 5621.584832   2.518301e-16 
 5623.063695   2.720172e-16 
 5624.542568   2.753732e-16 
  5626.02145   2.975348e-16 
 5627.500341   2.690996e-16 
 5628.979242   2.759945e-16 
 5630.458152    2.68778e-16 
 5631.937071   2.884337e-16 
    5633.416   2.810593e-16 
 5634.894938   2.751149e-16 
 5636.373886   2.388401e-16 
 5637.852843   2.927445e-16 
 5639.331809   2.527999e-16 
 5640.810784   3.150641e-16 
 5642.289768   3.033001e-16 
 5643.768762   2.665062e-16 
 5645.247764   2.890044e-16 
 5646.726776   3.375241e-16 
 5648.205797   2.911511e-16 
 5649.684827    2.74247e-16 
 5651.163866   2.872282e-16 
 5652.642914   2.613245e-16 
 5654.121972    2.65346e-16 
 5655.601038   3.063516e-16 
 5657.080113   3.061888e-16 
 5658.559197   2.871366e-16 
  5660.03829   2.216641e-16 
 5661.517392   2.750004e-16 
 5662.996503   2.763764e-16 
 5664.475622   2.791375e-16 
 5665.954751   2.130907e-16 
 5667.433888   2.540093e-16 
 5668.913034   2.590378e-16 
 5670.392189   3.105737e-16 
 5671.871352   2.947266e-16 
 5673.350525   3.204484e-16 
 5674.829706   2.661118e-16 
 5676.308895    2.82765e-16 
 5677.788094   2.564689e-16 
 5679.267301   2.969719e-16 
 5680.746516   2.660476e-16 
  5682.22574   3.027614e-16 
 5683.704973   3.121977e-16 
 5685.184214   2.568622e-16 
 5686.663464   2.652981e-16 
 5688.142722   3.081688e-16 
 5689.621989   2.727146e-16 
 5691.101264   2.553623e-16 
 5692.580548   2.600924e-16 
  5694.05984   2.450328e-16 
  5695.53914   2.639984e-16 
 5697.018449    3.11237e-16 
 5698.497766   2.437481e-16 
 5699.977091   2.479075e-16 
 5701.456425   2.838626e-16 
 5702.935767   2.590153e-16 
 5704.415117   2.950332e-16 
 5705.894476   2.774171e-16 
 5707.373842   2.960266e-16 
 5708.853217   2.911433e-16 
   5710.3326   2.567019e-16 
 5711.811991   2.762254e-16 
 5713.291391   2.740457e-16 
 5714.770798   2.475295e-16 
 5716.250213   3.211494e-16 
 5717.729637    2.93105e-16 
 5719.209068   3.111323e-16 
 5720.688508   2.748733e-16 
 5722.167955   2.872165e-16 
  5723.64741   3.130784e-16 
 5725.126874   2.996955e-16 
 5726.606345   2.687726e-16 
 5728.085824   2.933429e-16 
 5729.565311   2.773234e-16 
 5731.044806   3.149121e-16 
 5732.524308   2.685564e-16 
 5734.003819   2.858046e-16 
 5735.483337   2.990156e-16 
 5736.962863    2.30862e-16 
 5738.442396   2.774911e-16 
 5739.921938   2.600056e-16 
 5741.401487   2.567432e-16 
 5742.881043   2.562581e-16 
 5744.360608   2.991617e-16 
  5745.84018   2.830839e-16 
 5747.319759   3.016284e-16 
 5748.799346   2.930352e-16 
 5750.278941   2.723581e-16 
 5751.758543   2.449252e-16 
 5753.238153   2.724817e-16 
  5754.71777   2.790596e-16 
 5756.197395   3.054456e-16 
 5757.677027   3.415688e-16 
 5759.156666   2.727357e-16 
 5760.636313   2.313873e-16 
 5762.115967   2.928096e-16 
 5763.595629   2.479259e-16 
 5765.075297   2.551891e-16 
 5766.554974   2.592225e-16 
 5768.034657   2.738613e-16 
 5769.514348   2.683154e-16 
 5770.994045   2.270794e-16 
 5772.473751   2.784355e-16 
 5773.953463   2.535733e-16 
 5775.433182   2.513971e-16 
 5776.912909   2.671954e-16 
 5778.392643   2.521772e-16 
 5779.872383   2.614313e-16 
 5781.352131   2.498391e-16 
 5782.831886   2.603252e-16 
 5784.311648   3.281668e-16 
 5785.791417   2.653537e-16 
 5787.271193   2.360392e-16 
 5788.750976   2.699919e-16 
 5790.230766   3.044799e-16 
 5791.710562   2.596987e-16 
 5793.190366   2.490453e-16 
 5794.670176    2.73982e-16 
 5796.149994   2.594684e-16 
 5797.629818   2.655248e-16 
 5799.109649   2.433958e-16 
 5800.589487    2.59767e-16 
 5802.069331   2.736709e-16 
 5803.549182   2.789242e-16 
  5805.02904   2.482223e-16 
 5806.508905   2.508872e-16 
 5807.988776   2.581187e-16 
 5809.468654   2.646003e-16 
 5810.948538    2.74223e-16 
 5812.428429   2.415876e-16 
 5813.908327   2.455897e-16 
 5815.388231   2.968637e-16 
 5816.868142   2.442754e-16 
 5818.348059   2.493856e-16 
 5819.827983    2.53754e-16 
 5821.307913   2.467314e-16 
  5822.78785   2.439968e-16 
 5824.267793   2.403897e-16 
 5825.747742   2.649234e-16 
 5827.227698   2.883587e-16 
  5828.70766   2.649906e-16 
 5830.187629   2.723294e-16 
 5831.667604   2.472448e-16 
 5833.147585   2.363959e-16 
 5834.627572   2.285051e-16 
 5836.107566   2.684466e-16 
 5837.587565   2.680391e-16 
 5839.067571   2.782293e-16 
 5840.547583   2.774189e-16 
 5842.027602   2.487626e-16 
 5843.507626   2.446768e-16 
 5844.987656   2.736266e-16 
 5846.467693   1.957305e-16 
 5847.947736   2.544818e-16 
 5849.427784   3.137411e-16 
 5850.907839   2.627225e-16 
 5852.387899   2.566352e-16 
 5853.867966   2.550528e-16 
 5855.348039   2.792651e-16 
 5856.828117   2.474227e-16 
 5858.308201   2.275028e-16 
 5859.788291   1.943635e-16 
 5861.268388    2.85198e-16 
 5862.748489   2.432683e-16 
 5864.228597   2.489722e-16 
 5865.708711   2.477861e-16 
  5867.18883   2.555573e-16 
 5868.668955   2.315069e-16 
 5870.149085   2.426033e-16 
 5871.629222   2.167395e-16 
 5873.109364   2.211685e-16 
 5874.589511   2.760161e-16 
 5876.069665   2.437171e-16 
 5877.549824   2.518809e-16 
 5879.029988    2.20909e-16 
 5880.510158   2.148544e-16 
 5881.990334    2.69582e-16 
 5883.470515   2.384262e-16 
 5884.950701   2.325523e-16 
 5886.430893   2.385825e-16 
 5887.911091   2.923398e-16 
 5889.391293   2.877617e-16 
 5890.871502    1.21182e-16 
 5892.351715   1.313119e-16 
 5893.831934    2.30708e-16 
 5895.312159   2.260184e-16 
 5896.792388    1.71179e-16 
 5898.272623   1.507694e-16 
 5899.752863   2.848101e-16 
 5901.233109   2.229669e-16 
 5902.713359   2.912057e-16 
 5904.193615   2.075143e-16 
 5905.673876     2.6221e-16 
 5907.154142   2.720721e-16 
 5908.634413   2.391055e-16 
  5910.11469   2.420527e-16 
 5911.594971   2.174901e-16 
 5913.075258   2.118195e-16 
 5914.555549   2.578985e-16 
 5916.035846    2.50703e-16 
 5917.516147   2.289681e-16 
 5918.996454     2.4087e-16 
 5920.476765    2.48712e-16 
 5921.957081   2.304454e-16 
 5923.437403   2.964946e-16 
 5924.917729    2.34764e-16 
  5926.39806    3.02858e-16 
 5927.878396   2.146384e-16 
 5929.358736   2.384711e-16 
 5930.839082   2.442836e-16 
 5932.319432   2.268239e-16 
 5933.799787   2.369005e-16 
 5935.280146   2.289039e-16 
 5936.760511   2.544761e-16 
  5938.24088   2.346365e-16 
 5939.721253   2.888679e-16 
 5941.201631   2.385021e-16 
 5942.682014   2.597533e-16 
 5944.162402    2.59838e-16 
 5945.642794   2.378363e-16 
  5947.12319   2.551923e-16 
 5948.603591   2.878649e-16 
 5950.083997   2.802896e-16 
 5951.564407   2.472646e-16 
 5953.044821   2.769858e-16 
  5954.52524   2.680619e-16 
 5956.005663   3.246158e-16 
 5957.486091   2.880978e-16 
 5958.966523   2.800583e-16 
 5960.446959   2.725414e-16 
   5961.9274   2.608127e-16 
 5963.407845    2.31599e-16 
 5964.888294   2.071423e-16 
 5966.368748   2.383661e-16 
 5967.849205   2.991639e-16 
 5969.329667   2.675427e-16 
 5970.810133   2.548665e-16 
 5972.290603   2.950215e-16 
 5973.771078   2.534229e-16 
 5975.251556    2.21198e-16 
 5976.732039   2.885278e-16 
 5978.212525   3.354015e-16 
 5979.693016   2.518001e-16 
  5981.17351   3.045561e-16 
 5982.654009   2.347421e-16 
 5984.134512    2.83218e-16 
 5985.615018   2.781595e-16 
 5987.095529   2.753028e-16 
 5988.576043   2.598164e-16 
 5990.056561   3.164059e-16 
 5991.537083   2.797442e-16 
 5993.017609   3.021729e-16 
 5994.498139   3.009631e-16 
 5995.978672   2.624591e-16 
  5997.45921   2.634173e-16 
 5998.939751   2.504935e-16 
 6000.420296   2.802116e-16 
 6001.900844   2.917702e-16 
 6003.381396   2.729956e-16 
 6004.861952   2.829458e-16 
 6006.342511    3.24759e-16 
 6007.823074   2.659139e-16 
 6009.303641   2.791012e-16 
 6010.784211   2.723885e-16 
 6012.264785   2.345801e-16 
 6013.745362   2.491701e-16 
 6015.225943    2.62888e-16 
 6016.706527   2.621532e-16 
 6018.187115   2.970266e-16 
 6019.667706   3.100176e-16 
   6021.1483   2.602853e-16 
 6022.628898   3.028851e-16 
 6024.109499   2.887886e-16 
 6025.590104   2.861641e-16 
 6027.070712    2.35439e-16 
 6028.551323   2.718139e-16 
 6030.031937   2.715562e-16 
 6031.512555   3.027024e-16 
 6032.993176   2.372742e-16 
   6034.4738   2.672676e-16 
 6035.954427   2.709562e-16 
 6037.435058   2.955085e-16 
 6038.915691   2.682397e-16 
 6040.396328   2.703476e-16 
 6041.876968   2.620133e-16 
 6043.357611   2.333133e-16 
 6044.838257   2.795934e-16 
 6046.318906   2.167556e-16 
 6047.799557   2.412587e-16 
 6049.280212   2.316546e-16 
  6050.76087   2.727059e-16 
 6052.241531   2.688657e-16 
 6053.722195    2.79557e-16 
 6055.202861   2.801677e-16 
 6056.683531    2.55655e-16 
 6058.164203   2.657171e-16 
 6059.644878   2.989646e-16 
 6061.125556    2.70356e-16 
 6062.606236   2.550094e-16 
  6064.08692   2.925849e-16 
 6065.567606    2.45706e-16 
 6067.048295   2.584894e-16 
 6068.528986   2.617459e-16 
  6070.00968   2.482204e-16 
 6071.490377   2.391771e-16 
 6072.971077     2.6076e-16 
 6074.451779   2.760587e-16 
 6075.932483   2.882468e-16 
  6077.41319   2.591761e-16 
   6078.8939   2.611639e-16 
 6080.374612   2.489024e-16 
 6081.855327   2.528053e-16 
 6083.336044   2.123946e-16 
 6084.816763   2.816496e-16 
 6086.297485   2.443827e-16 
 6087.778209   2.609734e-16 
 6089.258936    3.00584e-16 
 6090.739665   2.425304e-16 
 6092.220396   2.574609e-16 
  6093.70113   2.129002e-16 
 6095.181866   2.857927e-16 
 6096.662604   2.540284e-16 
 6098.143344   2.406918e-16 
 6099.624087   2.761163e-16 
 6101.104832   2.587425e-16 
 6102.585579    2.64217e-16 
 6104.066328   2.181495e-16 
 6105.547079   2.392437e-16 
 6107.027832    2.17075e-16 
 6108.508587   2.050121e-16 
 6109.989345   2.260273e-16 
 6111.470104   2.488936e-16 
 6112.950865    2.21574e-16 
 6114.431629   2.519537e-16 
 6115.912394   2.438661e-16 
 6117.393161   2.371735e-16 
 6118.873931   2.193209e-16 
 6120.354702   2.728809e-16 
 6121.835475   2.546634e-16 
 6123.316249   2.440615e-16 
 6124.797026   2.354327e-16 
 6126.277804   2.601998e-16 
 6127.758585   2.357339e-16 
 6129.239367   1.897601e-16 
  6130.72015   2.367633e-16 
 6132.200936    2.33949e-16 
 6133.681723   2.119652e-16 
 6135.162511   2.298384e-16 
 6136.643302   2.384774e-16 
 6138.124094   2.489777e-16 
 6139.604887   2.395591e-16 
 6141.085682   2.649771e-16 
 6142.566479   2.781927e-16 
 6144.047277   2.682918e-16 
 6145.528077   2.497764e-16 
 6147.008878   2.206142e-16 
 6148.489681   2.553492e-16 
 6149.970485   2.185553e-16 
  6151.45129   1.944305e-16 
 6152.932097   2.333011e-16 
 6154.412906   2.307384e-16 
 6155.893715   2.475223e-16 
 6157.374526   2.262829e-16 
 6158.855338   2.578222e-16 
 6160.336152    2.59306e-16 
 6161.816967    2.46243e-16 
 6163.297783   2.239929e-16 
   6164.7786   2.549167e-16 
 6166.259418   2.551327e-16 
 6167.740238   2.381322e-16 
 6169.221059    2.43963e-16 
  6170.70188   2.569716e-16 
 6172.182703   2.002843e-16 
 6173.663527   2.275177e-16 
 6175.144352   2.238426e-16 
 6176.625179   1.981788e-16 
 6178.106006   2.300331e-16 
 6179.586834   2.302663e-16 
 6181.067663   2.447229e-16 
 6182.548493    2.34348e-16 
 6184.029324   2.220528e-16 
 6185.510155   2.486014e-16 
 6186.990988   2.492602e-16 
 6188.471822   2.276863e-16 
 6189.952656   2.550862e-16 
 6191.433491   2.191559e-16 
 6192.914327   2.425331e-16 
 6194.395164   1.936059e-16 
 6195.876001   2.371007e-16 
 6197.356839   1.927968e-16 
 6198.837678   2.620917e-16 
 6200.318517   2.500035e-16 
 6201.799358   2.036629e-16 
 6203.280198   2.009472e-16 
  6204.76104   2.674054e-16 
 6206.241882   2.548475e-16 
 6207.722724   2.260443e-16 
 6209.203567   2.535298e-16 
 6210.684411   2.249826e-16 
 6212.165255   2.377449e-16 
 6213.646099   2.945397e-16 
 6215.126944    2.31273e-16 
 6216.607789   2.504581e-16 
 6218.088635    2.64575e-16 
 6219.569481   2.512792e-16 
 6221.050327   2.733581e-16 
 6222.531174   2.641987e-16 
 6224.012021    2.28593e-16 
 6225.492869   2.381423e-16 
 6226.973716   2.325501e-16 
 6228.454564   2.503426e-16 
 6229.935412   2.453844e-16 
  6231.41626   2.385589e-16 
 6232.897109   2.031392e-16 
 6234.377957   2.155473e-16 
 6235.858806   2.241208e-16 
 6237.339655    2.66175e-16 
 6238.820504   2.149897e-16 
 6240.301353   2.661687e-16 
 6241.782202   2.655892e-16 
 6243.263051   2.259159e-16 
   6244.7439   2.606586e-16 
 6246.224749   2.495572e-16 
 6247.705598   2.557957e-16 
 6249.186446   2.392467e-16 
 6250.667295    2.51699e-16 
 6252.148144   2.783262e-16 
 6253.628992   2.579961e-16 
  6255.10984   2.608153e-16 
 6256.590688   2.157177e-16 
 6258.071536   2.148136e-16 
 6259.552384   2.139304e-16 
 6261.033231   2.296745e-16 
 6262.514078   2.938088e-16 
 6263.994925    2.43546e-16 
 6265.475771   2.694019e-16 
 6266.956617   2.590979e-16 
 6268.437463   2.273507e-16 
 6269.918309   2.450577e-16 
 6271.399153   2.315643e-16 
 6272.879998   2.808673e-16 
 6274.360842   2.493267e-16 
 6275.841685   2.744184e-16 
 6277.322528   2.511548e-16 
 6278.803371   2.090714e-16 
 6280.284213   1.892266e-16 
 6281.765054   2.398437e-16 
 6283.245895   2.100603e-16 
 6284.726735   2.166739e-16 
 6286.207574    2.18408e-16 
 6287.688413   2.716968e-16 
 6289.169251   2.390958e-16 
 6290.650089   2.274039e-16 
 6292.130925   2.173804e-16 
 6293.611761   2.476695e-16 
 6295.092596   2.625716e-16 
 6296.573431   2.032278e-16 
 6298.054264   2.662879e-16 
 6299.535097   2.679002e-16 
 6301.015929   1.914498e-16 
 6302.496759   2.694535e-16 
 6303.977589    2.31846e-16 
 6305.458418   2.102893e-16 
 6306.939246   2.071337e-16 
 6308.420073   2.096123e-16 
   6309.9009   1.659163e-16 
 6311.381725   1.842732e-16 
 6312.862549   2.072441e-16 
 6314.343371   2.295636e-16 
 6315.824193   2.355577e-16 
 6317.305014   1.825096e-16 
 6318.785834   1.651439e-16 
 6320.266652   2.172076e-16 
 6321.747469   2.111889e-16 
 6323.228285   1.886483e-16 
   6324.7091   1.672665e-16 
 6326.189913   1.783085e-16 
 6327.670726   1.884151e-16 
 6329.151536   1.544089e-16 
 6330.632346   2.097796e-16 
 6332.113154   1.941275e-16 
 6333.593961   1.706266e-16 
 6335.074767   2.088275e-16 
 6336.555571   1.915229e-16 
 6338.036373   1.807796e-16 
 6339.517175   1.981226e-16 
 6340.997974   1.866837e-16 
 6342.478772   2.134516e-16 
 6343.959569   1.887177e-16 
 6345.440364   1.880933e-16 
 6346.921158   1.614626e-16 
  6348.40195    1.82586e-16 
  6349.88274   2.120706e-16 
 6351.363529   1.645398e-16 
 6352.844316   1.872459e-16 
 6354.325101   1.737374e-16 
 6355.805885   1.738223e-16 
 6357.286667   1.835177e-16 
 6358.767447   1.932225e-16 
 6360.248225   1.585385e-16 
 6361.729002   1.784269e-16 
 6363.209776   2.088132e-16 
 6364.690549   9.955632e-17 
  6366.17132   1.867866e-16 
 6367.652089   1.180207e-16 
 6369.132857   1.618319e-16 
 6370.613622   2.405314e-16 
 6372.094385   1.674912e-16 
 6373.575147   2.434817e-16 
 6375.055906   2.288491e-16 
 6376.536663   1.844921e-16 
 6378.017419   1.956199e-16 
 6379.498172   1.889546e-16 
 6380.978923   2.017897e-16 
 6382.459672   1.843067e-16 
 6383.940419   1.463839e-16 
 6385.421163   2.131866e-16 
 6386.901906   1.920263e-16 
 6388.382646   1.470583e-16 
 6389.863384   1.989772e-16 
  6391.34412   2.056158e-16 
 6392.824854   2.282863e-16 
 6394.305585   1.965194e-16 
 6395.786314   2.189437e-16 
 6397.267041   2.028027e-16 
 6398.747765   2.261227e-16 
 6400.228487   1.945591e-16 
 6401.709206    2.06483e-16 
 6403.189923   1.950846e-16 
 6404.670638   2.092863e-16 
  6406.15135       1.97e-16 
 6407.632059    1.99292e-16 
 6409.112766   2.056681e-16 
 6410.593471   1.977359e-16 
 6412.074173   2.124019e-16 
 6413.554872    2.07144e-16 
 6415.035569   2.113703e-16 
 6416.516263   1.965777e-16 
 6417.996955    2.08554e-16 
 6419.477643   2.303523e-16 
 6420.958329   2.173289e-16 
 6422.439013   2.028371e-16 
 6423.919693   2.347972e-16 
 6425.400371   2.102814e-16 
 6426.881046   2.550758e-16 
 6428.361718   2.168528e-16 
 6429.842388    2.09198e-16 
 6431.323054   2.377971e-16 
 6432.803718    1.85236e-16 
 6434.284378   2.724127e-16 
 6435.765036   1.812315e-16 
 6437.245691   2.437053e-16 
 6438.726343   2.324412e-16 
 6440.206992    1.98489e-16 
 6441.687638   2.286804e-16 
  6443.16828    2.11948e-16 
  6444.64892   2.176826e-16 
 6446.129557   1.841196e-16 
  6447.61019   2.226601e-16 
 6449.090821   2.538835e-16 
 6450.571448    2.07403e-16 
 6452.052072   2.076408e-16 
 6453.532693   2.155318e-16 
  6455.01331   2.206073e-16 
 6456.493925   2.272025e-16 
 6457.974536   2.432859e-16 
 6459.455144   2.064473e-16 
 6460.935748   2.153724e-16 
 6462.416349   2.400574e-16 
 6463.896947   2.247552e-16 
 6465.377541   2.480281e-16 
 6466.858132   2.398217e-16 
  6468.33872   2.714427e-16 
 6469.819304   2.285099e-16 
 6471.299885   2.181601e-16 
 6472.780462   2.750034e-16 
 6474.261036   2.431697e-16 
 6475.741606   2.265637e-16 
 6477.222172   1.913304e-16 
 6478.702735   2.227112e-16 
 6480.183295   2.108651e-16 
  6481.66385   2.463114e-16 
 6483.144402   2.549577e-16 
 6484.624951    1.93386e-16 
 6486.105495   2.268143e-16 
 6487.586036   2.237862e-16 
 6489.066574   2.223406e-16 
 6490.547107   2.540501e-16 
 6492.027637   2.355572e-16 
 6493.508163    2.43638e-16 
 6494.988685   2.384498e-16 
 6496.469203   2.112478e-16 
 6497.949717   2.409999e-16 
 6499.430227   2.653488e-16 
 6500.910734   2.208105e-16 
 6502.391236   2.509241e-16 
 6503.871735   2.424671e-16 
 6505.352229   2.917864e-16 
  6506.83272   2.307519e-16 
 6508.313206   2.299414e-16 
 6509.793689   2.483053e-16 
 6511.274167   2.329318e-16 
 6512.754641   2.530316e-16 
 6514.235112   2.508191e-16 
 6515.715577   2.448833e-16 
 6517.196039   1.948061e-16 
 6518.676497   2.554398e-16 
  6520.15695   2.702964e-16 
 6521.637399   2.055687e-16 
 6523.117844   2.055608e-16 
 6524.598285   2.506321e-16 
 6526.078721   2.505967e-16 
 6527.559153   2.208403e-16 
  6529.03958   2.184081e-16 
 6530.520004   2.370959e-16 
 6532.000422   2.269197e-16 
 6533.480837   2.832719e-16 
 6534.961247   2.296654e-16 
 6536.441652    1.64455e-16 
 6537.922053   2.172874e-16 
  6539.40245   1.920356e-16 
 6540.882841   2.295058e-16 
 6542.363229    2.48246e-16 
 6543.843612   2.037912e-16 
  6545.32399   2.030371e-16 
 6546.804363   2.099581e-16 
 6548.284732   2.076439e-16 
 6549.765096   2.053591e-16 
 6551.245456   1.737421e-16 
 6552.725811   2.239825e-16 
 6554.206161   2.270012e-16 
 6555.686506   2.544913e-16 
 6557.166846   2.265034e-16 
 6558.647182    2.03453e-16 
 6560.127513   1.966811e-16 
 6561.607839   2.047578e-16 
  6563.08816   1.856808e-16 
 6564.568476   1.582785e-16 
 6566.048788   2.098466e-16 
 6567.529094   1.730668e-16 
 6569.009396   2.403796e-16 
 6570.489692   2.014697e-16 
 6571.969983   2.276328e-16 
  6573.45027   1.980616e-16 
 6574.930551   1.966485e-16 
 6576.410827   1.824632e-16 
 6577.891098   1.732012e-16 
 6579.371365   1.971979e-16 
 6580.851625   1.748233e-16 
 6582.331881   2.433693e-16 
 6583.812132   2.216202e-16 
 6585.292377   2.390704e-16 
 6586.772617   1.885051e-16 
 6588.252852    2.02529e-16 
 6589.733081   1.685432e-16 
 6591.213305   2.171851e-16 
 6592.693524    2.11578e-16 
 6594.173738   1.737982e-16 
 6595.653946   2.023331e-16 
 6597.134149   2.029588e-16 
 6598.614346   1.773908e-16 
 6600.094538   1.943189e-16 
 6601.574724   2.165735e-16 
 6603.054905   2.063063e-16 
 6604.535081   2.200469e-16 
 6606.015251   2.186105e-16 
 6607.495415   2.147494e-16 
 6608.975574   2.042891e-16 
 6610.455727    1.73217e-16 
 6611.935874   1.903375e-16 
 6613.416016   2.044229e-16 
 6614.896153   2.174917e-16 
 6616.376283   2.622696e-16 
 6617.856408   2.377329e-16 
 6619.336527    1.88316e-16 
  6620.81664   1.961413e-16 
 6622.296748   2.635389e-16 
  6623.77685   2.140061e-16 
 6625.256946   2.308263e-16 
 6626.737036      2.334e-16 
  6628.21712   2.223465e-16 
 6629.697198   2.270504e-16 
 6631.177271   1.940072e-16 
 6632.657337   2.489879e-16 
 6634.137398   2.379817e-16 
 6635.617452   2.498761e-16 
 6637.097501   2.133713e-16 
 6638.577543   2.389761e-16 
 6640.057579   1.987112e-16 
  6641.53761   2.159809e-16 
 6643.017634   2.410339e-16 
 6644.497652   2.268942e-16 
 6645.977664   2.326526e-16 
  6647.45767   2.224609e-16 
  6648.93767   3.026234e-16 
 6650.417663   2.499728e-16 
  6651.89765   2.491255e-16 
 6653.377631   2.633468e-16 
 6654.857606   2.525178e-16 
 6656.337574   2.195711e-16 
 6657.817536   2.323449e-16 
 6659.297492   2.202447e-16 
 6660.777441   2.266818e-16 
 6662.257384   2.262548e-16 
 6663.737321   2.356836e-16 
 6665.217251   2.360898e-16 
 6666.697174   2.461557e-16 
 6668.177091   2.655771e-16 
 6669.657002   2.616495e-16 
 6671.136906    2.52138e-16 
 6672.616804   2.865631e-16 
 6674.096695   2.689408e-16 
 6675.576579    2.72623e-16 
 6677.056457   2.853685e-16 
 6678.536328   2.566618e-16 
 6680.016192   2.505203e-16 
  6681.49605   2.767757e-16 
 6682.975901   2.609131e-16 
 6684.455745   2.401532e-16 
 6685.935583   2.197758e-16 
 6687.415414   3.162234e-16 
 6688.895238   2.251636e-16 
 6690.375055   2.695605e-16 
 6691.854865   2.481102e-16 
 6693.334669   2.510974e-16 
 6694.814465   2.664849e-16 
 6696.294255   2.215364e-16 
 6697.774038    2.60507e-16 
 6699.253814   2.598709e-16 
 6700.733582   2.379395e-16 
 6702.213344   2.569719e-16 
 6703.693099   2.852625e-16 
 6705.172847   3.127377e-16 
 6706.652587   2.590879e-16 
 6708.132321   2.344679e-16 
 6709.612047   2.843132e-16 
 6711.091766   2.639741e-16 
 6712.571479   2.601676e-16 
 6714.051184   2.922644e-16 
 6715.530881   2.718063e-16 
 6717.010572   2.876324e-16 
 6718.490255   2.731423e-16 
 6719.969931   2.696315e-16 
   6721.4496   2.407277e-16 
 6722.929261   2.422296e-16 
 6724.408915   2.929073e-16 
 6725.888562   2.408065e-16 
 6727.368201   2.775648e-16 
 6728.847833   2.605754e-16 
 6730.327457    2.51523e-16 
 6731.807074   2.653045e-16 
 6733.286684   2.393285e-16 
 6734.766286   2.550687e-16 
  6736.24588   2.797844e-16 
 6737.725467   2.601374e-16 
 6739.205047   3.217495e-16 
 6740.684619   2.477533e-16 
 6742.164183   2.416007e-16 
 6743.643739   2.806617e-16 
 6745.123288   3.081646e-16 
 6746.602829   2.780113e-16 
 6748.082363   3.130566e-16 
 6749.561889   2.456259e-16 
 6751.041407   2.652258e-16 
 6752.520917   2.435245e-16 
 6754.000419   2.901199e-16 
 6755.479914   2.753021e-16 
 6756.959401   2.968006e-16 
  6758.43888   2.652429e-16 
 6759.918351   2.745725e-16 
 6761.397814   2.704802e-16 
 6762.877269   2.514024e-16 
 6764.356716   2.701777e-16 
 6765.836156   2.644985e-16 
 6767.315587   2.503788e-16 
  6768.79501   3.223531e-16 
 6770.274425   4.402353e-16 
 6771.753832   5.453239e-16 
 6773.233231   5.907206e-16 
 6774.712622   5.613077e-16 
 6776.192005   4.433386e-16 
  6777.67138   3.485321e-16 
 6779.150746   2.686054e-16 
 6780.630105   2.928397e-16 
 6782.109455    2.17891e-16 
 6783.588796   2.586025e-16 
  6785.06813   2.154251e-16 
 6786.547455   2.528036e-16 
 6788.026772   2.579882e-16 
 6789.506081   2.603182e-16 
 6790.985381   2.420352e-16 
 6792.464673   2.277295e-16 
 6793.943956   2.732973e-16 
 6795.423231   2.707686e-16 
 6796.902498   2.204424e-16 
 6798.381756    2.69219e-16 
 6799.861006   2.382249e-16 
 6801.340247   2.406557e-16 
 6802.819479   2.544677e-16 
 6804.298703   2.063627e-16 
 6805.777919   2.583405e-16 
 6807.257125     2.2899e-16 
 6808.736323   2.555771e-16 
 6810.215513   2.825764e-16 
 6811.694694   2.153203e-16 
 6813.173866   2.840505e-16 
 6814.653029   2.251947e-16 
 6816.132184   2.613425e-16 
  6817.61133   2.269151e-16 
 6819.090467   2.621224e-16 
 6820.569595   2.767798e-16 
 6822.048715   2.489319e-16 
 6823.527825   2.301386e-16 
 6825.006927   2.096861e-16 
  6826.48602   2.172806e-16 
 6827.965104   2.511622e-16 
 6829.444178   2.508105e-16 
 6830.923244   2.302179e-16 
 6832.402301   2.372394e-16 
 6833.881349   2.639248e-16 
 6835.360388   2.142656e-16 
 6836.839418   2.221546e-16 
 6838.318439   2.578063e-16 
  6839.79745   2.200474e-16 
 6841.276453   2.285689e-16 
 6842.755446   2.651726e-16 
 6844.234431   2.173863e-16 
 6845.713406   2.603913e-16 
 6847.192371   2.335199e-16 
 6848.671328   2.033237e-16 
 6850.150275   2.147867e-16 
 6851.629213   2.018534e-16 
 6853.108142   2.144504e-16 
 6854.587061   2.336875e-16 
 6856.065971    2.46929e-16 
 6857.544872   2.586401e-16 
 6859.023763     1.8833e-16 
 6860.502645   2.699449e-16 
 6861.981517   2.879607e-16 
  6863.46038   2.660966e-16 
 6864.939233   2.874864e-16 
 6866.418077   1.573155e-16 
 6867.896912   1.683219e-16 
 6869.375736   2.035925e-16 
 6870.854551    1.53175e-16 
 6872.333357    2.10343e-16 
 6873.812153   1.625617e-16 
 6875.290939   1.819922e-16 
 6876.769716   1.781587e-16 
 6878.248483   1.751267e-16 
  6879.72724   2.275967e-16 
 6881.205988   2.177451e-16 
 6882.684725   1.746692e-16 
 6884.163453   1.973679e-16 
 6885.642171   2.457655e-16 
  6887.12088   1.690577e-16 
 6888.599578   1.773048e-16 
 6890.078267   1.810205e-16 
 6891.556945   2.033974e-16 
 6893.035614   1.854039e-16 
 6894.514273   2.137844e-16 
 6895.992922   1.867317e-16 
 6897.471561   1.818756e-16 
 6898.950189   2.113978e-16 
 6900.428808   2.019222e-16 
 6901.907417   1.748358e-16 
 6903.386016   2.373501e-16 
 6904.864604   1.771663e-16 
 6906.343183   1.846447e-16 
 6907.821751   2.048038e-16 
 6909.300309   2.372652e-16 
 6910.778857   2.059893e-16 
 6912.257395   2.001623e-16 
 6913.735922   1.840881e-16 
 6915.214439   2.032106e-16 
 6916.692946   2.261109e-16 
 6918.171443   2.371433e-16 
 6919.649929   2.224852e-16 
 6921.128405   2.281762e-16 
 6922.606871   1.873223e-16 
 6924.085326   2.191392e-16 
 6925.563771   2.071565e-16 
 6927.042205   1.828677e-16 
 6928.520629   2.580934e-16 
 6929.999042   2.191903e-16 
 6931.477445   2.716306e-16 
 6932.955837   2.545211e-16 
 6934.434219   2.148739e-16 
  6935.91259   2.293367e-16 
 6937.390951   2.147718e-16 
 6938.869301   2.042256e-16 
  6940.34764   2.411345e-16 
 6941.825969   1.901729e-16 
 6943.304287   2.035099e-16 
 6944.782594    2.08541e-16 
  6946.26089   2.197893e-16 
 6947.739176   1.928959e-16 
 6949.217451   2.162869e-16 
 6950.695715     2.1873e-16 
 6952.173969   2.547563e-16 
 6953.652211   1.851441e-16 
 6955.130443   2.240964e-16 
 6956.608664   2.016936e-16 
 6958.086873   2.223583e-16 
 6959.565072   1.352539e-16 
  6961.04326    1.92723e-16 
 6962.521437   1.794113e-16 
 6963.999603    1.85254e-16 
 6965.477758    2.04332e-16 
 6966.955902   2.100672e-16 
 6968.434034   1.730735e-16 
 6969.912156   2.054103e-16 
 6971.390267   1.627178e-16 
 6972.868366   2.115071e-16 
 6974.346454   2.220194e-16 
 6975.824531   1.883264e-16 
 6977.302597   2.048597e-16 
 6978.780652    2.26263e-16 
 6980.258695    2.51824e-16 
 6981.736727   2.025622e-16 
 6983.214748   2.197365e-16 
 6984.692757   1.662592e-16 
 6986.170756   2.234509e-16 
 6987.648742   1.594435e-16 
 6989.126718   1.831136e-16 
 6990.604682   2.231897e-16 
 6992.082634   1.654475e-16 
 6993.560575    1.82282e-16 
 6995.038505   2.059004e-16 
 6996.516423   2.032861e-16 
 6997.994329   1.542767e-16 
 6999.472224   1.990807e-16 
 7000.950107   2.034482e-16 
 7002.427979   2.342967e-16 
 7003.905839   1.985123e-16 
 7005.383688   1.915646e-16 
 7006.861525   1.803932e-16 
  7008.33935   1.850365e-16 
 7009.817163   1.603931e-16 
 7011.294965   2.088514e-16 
 7012.772755   1.910999e-16 
 7014.250533   1.685207e-16 
   7015.7283   1.710265e-16 
 7017.206054   2.002299e-16 
 7018.683797   1.928283e-16 
 7020.161528   1.750029e-16 
 7021.639247   2.254515e-16 
 7023.116954   2.063856e-16 
 7024.594649   1.984076e-16 
 7026.072332    1.76655e-16 
 7027.550004   1.985918e-16 
 7029.027663   1.608463e-16 
  7030.50531   2.050718e-16 
 7031.982945   1.989484e-16 
 7033.460568   1.885627e-16 
 7034.938179   2.120154e-16 
 7036.415778   1.872773e-16 
 7037.893365   1.782477e-16 
 7039.370939   1.649886e-16 
 7040.848502   1.760465e-16 
 7042.326052   2.080293e-16 
  7043.80359   1.764323e-16 
 7045.281115   1.977934e-16 
 7046.758629   1.820445e-16 
  7048.23613   2.121131e-16 
 7049.713619   1.633937e-16 
 7051.191095   1.709907e-16 
 7052.668559   1.543996e-16 
 7054.146011   2.063404e-16 
  7055.62345   1.890434e-16 
 7057.100877   2.102818e-16 
 7058.578292    2.24951e-16 
 7060.055693   1.546374e-16 
 7061.533083    1.98755e-16 
  7063.01046   1.817566e-16 
 7064.487824   2.072527e-16 
 7065.965176    1.86251e-16 
 7067.442515   1.771557e-16 
 7068.919842   1.882453e-16 
 7070.397156    1.68061e-16 
 7071.874457   1.796284e-16 
 7073.351746   2.013994e-16 
 7074.829021   1.954754e-16 
 7076.306285   1.691298e-16 
 7077.783535   1.719897e-16 
 7079.260773   2.021208e-16 
 7080.737998   1.999283e-16 
  7082.21521   1.661191e-16 
 7083.692409   2.093625e-16 
 7085.169595   1.966148e-16 
 7086.646769   1.296686e-16 
 7088.123929   1.734627e-16 
 7089.601077   1.882474e-16 
 7091.078211   1.928123e-16 
 7092.555333   1.836936e-16 
 7094.032442   1.835661e-16 
 7095.509537   1.847774e-16 
  7096.98662   1.568828e-16 
  7098.46369   1.887724e-16 
 7099.940746   1.773886e-16 
 7101.417789   1.746414e-16 
  7102.89482   2.191081e-16 
 7104.371837   1.962371e-16 
 7105.848841   2.036501e-16 
 7107.325831   1.864548e-16 
 7108.802809   1.753333e-16 
 7110.279773   1.758977e-16 
 7111.756724   2.033766e-16 
 7113.233662   2.017705e-16 
 7114.710586   1.903892e-16 
 7116.187497   1.887179e-16 
 7117.664395   1.894238e-16 
 7119.141279   1.936969e-16 
  7120.61815   1.831454e-16 
 7122.095007   1.614702e-16 
 7123.571851   1.633529e-16 
 7125.048682   1.580198e-16 
 7126.525499   2.038419e-16 
 7128.002302   1.757251e-16 
 7129.479092   1.732718e-16 
 7130.955868   1.711571e-16 
 7132.432631   1.743659e-16 
  7133.90938   1.890319e-16 
 7135.386116   2.162561e-16 
 7136.862838   1.814614e-16 
 7138.339546    2.01383e-16 
 7139.816241   1.652825e-16 
 7141.292921   1.886749e-16 
 7142.769588   1.523296e-16 
 7144.246242   2.058915e-16 
 7145.722881   1.655009e-16 
 7147.199507   2.168028e-16 
 7148.676119   1.763505e-16 
 7150.152717     1.9677e-16 
 7151.629301   1.654944e-16 
 7153.105871   1.605071e-16 
 7154.582427   2.042704e-16 
  7156.05897   1.656597e-16 
 7157.535498   1.755327e-16 
 7159.012012   2.103055e-16 
 7160.488513    1.70005e-16 
 7161.964999   1.549002e-16 
 7163.441471    1.74338e-16 
 7164.917929   2.001403e-16 
 7166.394374   1.586165e-16 
 7167.870803   1.388353e-16 
 7169.347219   1.818228e-16 
 7170.823621   1.352728e-16 
 7172.300008   1.656026e-16 
 7173.776381    1.60246e-16 
  7175.25274   1.926341e-16 
 7176.729085   1.414942e-16 
 7178.205415   1.631712e-16 
 7179.681732   1.317873e-16 
 7181.158033   1.814374e-16 
 7182.634321   1.757726e-16 
 7184.110594   1.743752e-16 
 7185.586852   1.812321e-16 
 7187.063096   1.343203e-16 
 7188.539326   1.572275e-16 
 7190.015542    1.69889e-16 
 7191.491742   1.545635e-16 
 7192.967929   1.389524e-16 
   7194.4441   1.706147e-16 
 7195.920257   1.777973e-16 
   7197.3964   1.857008e-16 
 7198.872528    1.47491e-16 
 7200.348641   1.912621e-16 
  7201.82474   1.678623e-16 
 7203.300824   1.788856e-16 
 7204.776894   1.586976e-16 
 7206.252948   1.788847e-16 
 7207.728988   1.936896e-16 
 7209.205013   1.837017e-16 
 7210.681023   1.680399e-16 
 7212.157019   1.679685e-16 
    7213.633   1.827751e-16 
 7215.108966   1.310827e-16 
 7216.584917   1.801832e-16 
 7218.060853    1.94474e-16 
 7219.536774   1.470274e-16 
  7221.01268   1.361221e-16 
 7222.488571   1.713071e-16 
 7223.964447   1.724338e-16 
 7225.440309   1.848183e-16 
 7226.916155   1.875323e-16 
 7228.391986   1.607516e-16 
 7229.867802   1.664031e-16 
 7231.343603   1.511717e-16 
 7232.819389   1.474927e-16 
  7234.29516   1.536981e-16 
 7235.770915   1.924853e-16 
 7237.246655   1.482456e-16 
 7238.722381   2.614664e-16 
  7240.19809    1.70513e-16 
 7241.673785    1.67239e-16 
 7243.149464   1.447414e-16 
 7244.625128   1.354471e-16 
 7246.100777   2.262131e-16 
  7247.57641   1.178543e-16 
 7249.052028   9.627448e-17 
 7250.527631   1.358506e-16 
 7252.003218   1.411993e-16 
  7253.47879   1.558838e-16 
 7254.954346    1.65776e-16 
 7256.429887   1.511052e-16 
 7257.905412   1.431607e-16 
 7259.380922   1.268414e-16 
 7260.856416   1.500604e-16 
 7262.331895   1.528703e-16 
 7263.807358    1.32362e-16 
 7265.282805   1.391395e-16 
 7266.758237   1.373457e-16 
 7268.233653   1.648636e-16 
 7269.709053   1.515008e-16 
 7271.184438   1.322372e-16 
 7272.659807   1.586382e-16 
  7274.13516   1.182453e-16 
 7275.610497   1.213694e-16 
 7277.085819   1.446511e-16 
 7278.561124   1.688923e-16 
 7280.036414   1.829887e-16 
 7281.511688   1.771895e-16 
 7282.986947   2.015007e-16 
 7284.462189   1.839687e-16 
 7285.937415   1.390208e-16 
 7287.412625   1.621713e-16 
  7288.88782   1.356199e-16 
 7290.362998   1.749516e-16 
  7291.83816   1.446102e-16 
 7293.313307     1.5407e-16 
 7294.788437   1.461105e-16 
 7296.263551   1.552725e-16 
 7297.738649   1.524062e-16 
  7299.21373   1.627871e-16 
 7300.688796   1.735792e-16 
 7302.163846   1.783937e-16 
 7303.638879   1.536953e-16 
 7305.113896   1.576604e-16 
 7306.588897   1.649165e-16 
 7308.063881   1.341637e-16 
 7309.538849    2.13705e-16 
 7311.013801    1.66421e-16 
 7312.488737   1.532835e-16 
 7313.963656   1.362499e-16 
 7315.438558   1.599293e-16 
 7316.913445   1.660434e-16 
 7318.388315   2.014824e-16 
 7319.863168   1.834138e-16 
 7321.338005   1.738177e-16 
 7322.812825   1.932758e-16 
 7324.287629   1.675596e-16 
 7325.762417   1.834655e-16 
 7327.237187   1.499496e-16 
 7328.711942   1.224436e-16 
 7330.186679   1.950013e-16 
   7331.6614   2.231062e-16 
 7333.136104   1.688715e-16 
 7334.610792   1.948528e-16 
 7336.085463   1.873906e-16 
 7337.560117   1.663467e-16 
 7339.034754   2.258356e-16 
 7340.509375   1.791775e-16 
 7341.983979   2.200295e-16 
 7343.458566   2.290477e-17 
 7344.933136    1.56548e-16 
 7346.407689   1.681452e-16 
 7347.882226   1.902343e-16 
 7349.356745   2.194403e-16 
 7350.831248   2.266658e-16 
 7352.305733   1.449156e-16 
 7353.780202   1.808543e-16 
 7355.254653   2.226321e-16 
 7356.729088   2.255529e-16 
 7358.203506    1.98245e-16 
 7359.677906   2.044333e-16 
 7361.152289   2.607632e-16 
 7362.626656   2.040119e-16 
 7364.101005   1.847625e-16 
 7365.575337   1.640655e-16 
 7367.049651   2.478294e-16 
 7368.523949   1.896325e-16 
 7369.998229   1.757301e-16 
 7371.472492   1.944378e-16 
 7372.946738   1.740711e-16 
 7374.420967   1.917962e-16 
 7375.895178   1.917287e-16 
 7377.369372   2.111244e-16 
 7378.843548   2.034306e-16 
 7380.317707   2.001404e-16 
 7381.791849   2.206268e-16 
 7383.265973   2.372867e-16 
  7384.74008   1.474211e-16 
 7386.214169   2.155173e-16 
 7387.688241    2.02875e-16 
 7389.162295   1.923625e-16 
 7390.636332   2.080855e-16 
 7392.110351   1.726299e-16 
 7393.584353   1.341895e-16 
 7395.058337   2.095244e-16 
 7396.532303   2.314394e-16 
 7398.006252   2.138277e-16 
 7399.480183    1.81844e-16 
 7400.954096   2.218012e-16 
 7402.427992    1.41328e-16 
  7403.90187   2.149952e-16 
  7405.37573   2.236133e-16 
 7406.849572   2.381852e-16 
 7408.323396   1.972104e-16 
 7409.797203   2.053406e-16 
 7411.270992   1.830889e-16 
 7412.744763   2.003926e-16 
 7414.218515   1.979718e-16 
  7415.69225   2.208733e-16 
 7417.165968   2.022703e-16 
 7418.639667   1.745215e-16 
 7420.113348   2.230214e-16 
