# STATUS =
# OBJECT = 2020wnt
# TELESCOPE = LJT
# INSTRUMENT = YFOSC
# DATE-OBS = 2021-02-04 00:00:00.000
# MJD = 59249.69
# EXPTIME =
# AIRMASS =
# SLIT =
# DISPERSER =
# SOURCE =
# FILTER =
# RESOLUTION =
# FLUX_STANDARD =
# EXTINCTION_CORRECTED = True
# PHOTOMETRY_CALIBRATED =
# TELLURIC_CORRECTED = True
# FLUX_UNITS =
# WAVE_UNITS =
# QUALITY =
# MIN_WAVE = 3500.21997070313
# MAX_WAVE = 8764.2961034775
# COMMENT =
       Wavelength           Flux 
 3503.05011916161   7.119572e-17 
  3505.8802676201  -9.707942e-17 
 3508.71041607858   3.498121e-16 
 3511.54056453706   -1.87837e-17 
 3514.37071299554  -1.654283e-16 
 3517.20086145402   2.623367e-17 
  3520.0310099125  -2.202113e-16 
 3522.86115837098    2.24704e-17 
 3525.69130682946   5.600184e-18 
 3528.52145528794  -1.555483e-16 
 3531.35160374642   1.904088e-16 
  3534.1817522049  -1.439018e-16 
 3537.01190066338  -3.720473e-17 
 3539.84204912187  -8.223054e-17 
 3542.67219758035  -2.399677e-16 
 3545.50234603883  -3.103954e-16 
 3548.33249449731  -5.444876e-17 
 3551.16264295579  -4.022706e-17 
 3553.99279141427  -2.242784e-16 
 3556.82293987275  -1.350649e-16 
 3559.65308833123   2.806352e-16 
 3562.48323678971   -2.85667e-16 
 3565.31338524819  -3.777093e-17 
 3568.14353370667   1.079205e-16 
 3570.97368216516  -1.673537e-16 
 3573.80383062364  -7.429838e-17 
 3576.63397908212  -4.451265e-17 
  3579.4641275406  -1.193558e-16 
 3582.29427599908   6.502626e-17 
 3585.12442445756   5.806512e-17 
 3587.95457291604   -1.33426e-16 
 3590.78472137452  -2.326929e-17 
   3593.614869833  -5.744878e-19 
 3596.44501829148  -3.892791e-17 
 3599.27516674996  -1.843988e-16 
 3602.10531520844  -1.472158e-16 
 3604.93546366692  -4.027797e-16 
 3607.76561212541   1.598177e-17 
 3610.59576058389  -5.509278e-17 
 3613.42590904237  -6.888043e-18 
 3616.25605750085  -1.785983e-16 
 3619.08620595933   2.929318e-16 
 3621.91635441781  -3.666921e-17 
 3624.74650287629  -7.385386e-17 
 3627.57665133477  -1.357766e-16 
 3630.40679979325  -1.079206e-17 
 3633.23694825173  -9.569076e-17 
 3636.06709671021   3.912163e-16 
 3638.89724516869  -7.969503e-17 
 3641.72739362718   2.559248e-16 
 3644.55754208566   2.988025e-16 
 3647.38769054414   -2.39877e-16 
 3650.21783900262   1.082334e-16 
  3653.0479874611  -1.763924e-16 
 3655.87813591958   1.419108e-17 
 3658.70828437806   -1.13844e-16 
 3661.53843283654   9.921489e-18 
 3664.36858129502  -2.827101e-17 
  3667.1987297535   -1.19881e-16 
 3670.02887821198   6.494107e-18 
 3672.85902667046  -3.006123e-16 
 3675.68917512895   7.249381e-18 
 3678.51932358743  -1.577646e-16 
 3681.34947204591  -1.613608e-16 
 3684.17962050439  -2.074535e-16 
 3687.00976896287  -3.321752e-16 
 3689.83991742135   8.110016e-17 
 3692.67006587983  -1.686124e-16 
 3695.50021433831   4.177158e-17 
 3698.33036279679   -6.13489e-17 
 3701.16051125527  -1.921128e-16 
 3703.99065971375  -3.133102e-17 
 3706.82080817223  -9.381667e-18 
 3709.65095663072  -2.579131e-16 
  3712.4811050892  -6.471313e-17 
 3715.31125354768     1.1555e-16 
 3718.14140200616  -5.677672e-17 
 3720.97155046464  -1.393484e-17 
 3723.80169892312   3.438257e-17 
  3726.6318473816   9.852452e-18 
 3729.46199584008  -6.863131e-18 
 3732.29214429856    2.60974e-18 
 3735.12229275704  -1.810569e-16 
 3737.95244121553   1.021148e-17 
   3740.782589674  -1.518326e-16 
 3743.61273813249  -5.863838e-17 
 3746.44288659097  -1.024027e-16 
 3749.27303504945    1.90346e-16 
 3752.10318350793   2.381883e-16 
 3754.93333196641    1.25396e-16 
 3757.76348042489  -1.873557e-16 
 3760.59362888337  -7.553936e-17 
 3763.42377734185  -1.311181e-16 
 3766.25392580033   2.959516e-18 
 3769.08407425881   9.637715e-18 
  3771.9142227173  -1.060647e-16 
 3774.74437117578   1.463733e-17 
 3777.57451963426   2.069411e-16 
 3780.40466809274  -1.737799e-16 
 3783.23481655122   2.818715e-17 
  3786.0649650097   3.192181e-17 
 3788.89511346818   1.768724e-16 
 3791.72526192666   3.610373e-17 
 3794.55541038514  -2.444381e-17 
 3797.38555884362   -5.96055e-17 
  3800.2157073021    7.90044e-18 
 3803.04585576058   1.179109e-16 
 3805.87600421907   4.986504e-17 
 3808.70615267755  -7.782788e-17 
 3811.53630113603  -5.620945e-17 
 3814.36644959451  -5.240742e-17 
 3817.19659805299   2.057792e-16 
 3820.02674651147  -1.147078e-16 
 3822.85689496995  -1.003632e-16 
 3825.68704342843  -2.576364e-16 
 3828.51719188691   5.935175e-17 
 3831.34734034539  -1.517534e-17 
 3834.17748880387  -9.145188e-17 
 3837.00763726235   -5.12107e-17 
 3839.83778572083  -3.086837e-17 
 3842.66793417932  -1.568864e-17 
  3845.4980826378  -1.621198e-16 
 3848.32823109628   1.480029e-16 
 3851.15837955476  -6.901557e-17 
 3853.98852801324   1.231993e-17 
 3856.81867647172  -6.709357e-18 
  3859.6488249302   -2.71217e-17 
 3862.47897338868  -1.301314e-17 
 3865.30912184716  -1.210776e-18 
 3868.13927030564  -7.191571e-18 
 3870.96941876412  -7.402209e-17 
 3873.79956722261  -1.096158e-17 
 3876.62971568109   5.645404e-17 
 3879.45986413957   8.447825e-17 
 3882.29001259805   1.542011e-18 
 3885.12016105653   -7.67499e-18 
 3887.95030951501  -2.459317e-16 
 3890.78045797349    8.95238e-17 
 3893.61060643197   1.135909e-16 
 3896.44075489045  -1.161978e-16 
 3899.27090334893  -5.907498e-17 
 3902.10105180741   -9.03487e-17 
 3904.93120026589  -6.020397e-17 
 3907.76134872438  -3.950609e-17 
 3910.59149718286  -1.835913e-16 
 3913.42164564134  -2.349086e-16 
 3916.25179409982  -4.418745e-17 
  3919.0819425583  -9.341939e-18 
 3921.91209101678  -6.182003e-17 
 3924.74223947526  -1.130755e-16 
 3927.57238793374   1.694945e-16 
 3930.40253639222    1.09235e-16 
  3933.2326848507   4.264873e-18 
 3936.06283330918   3.072516e-17 
 3938.89298176766  -6.675903e-17 
 3941.72313022615  -1.072825e-16 
 3944.55327868463   5.731371e-17 
 3947.38342714311  -9.558551e-18 
 3950.21357560159  -8.122522e-17 
 3953.04372406007  -8.350488e-18 
 3955.87387251855   2.583738e-17 
 3958.70402097703   6.162656e-17 
 3961.53416943551  -1.630926e-16 
 3964.36431789399  -1.148316e-16 
 3967.19446635247   1.197348e-17 
 3970.02461481095  -3.704592e-17 
 3972.85476326943  -1.609606e-16 
 3975.68491172792  -3.214183e-17 
  3978.5150601864  -3.946095e-17 
 3981.34520864488    1.04699e-16 
 3984.17535710336   -7.63449e-17 
 3987.00550556184  -9.249515e-17 
 3989.83565402032  -5.638811e-17 
  3992.6658024788  -2.260707e-17 
 3995.49595093728  -1.620172e-17 
 3998.32609939576  -1.316264e-16 
 4001.15624785424  -4.200929e-17 
 4003.98639631272  -2.111312e-17 
  4006.8165447712   1.293771e-17 
 4009.64669322969  -2.083623e-17 
 4012.47684168817  -5.427201e-17 
 4015.30699014665   7.464547e-17 
 4018.13713860513  -6.104439e-17 
 4020.96728706361   1.600075e-17 
 4023.79743552209  -5.858784e-17 
 4026.62758398057  -2.077395e-17 
 4029.45773243905  -8.892667e-17 
 4032.28788089753  -4.859466e-17 
 4035.11802935601   1.433427e-17 
 4037.94817781449   7.312158e-17 
 4040.77832627297  -1.414635e-17 
 4043.60847473146  -7.963824e-17 
 4046.43862318994  -8.215768e-17 
 4049.26877164842  -2.069128e-17 
  4052.0989201069  -9.828035e-17 
 4054.92906856538  -6.701166e-17 
 4057.75921702386   8.122757e-17 
 4060.58936548234   1.133893e-17 
 4063.41951394082   1.284038e-17 
  4066.2496623993  -2.228856e-17 
 4069.07981085778   1.478582e-16 
 4071.90995931626  -3.092552e-17 
 4074.74010777475   2.366234e-17 
 4077.57025623323  -1.152929e-16 
 4080.40040469171   1.665453e-16 
 4083.23055315019  -3.015188e-18 
 4086.06070160867   4.340196e-17 
 4088.89085006715   6.364129e-17 
 4091.72099852563  -6.124239e-17 
 4094.55114698411   8.902347e-17 
 4097.38129544259   1.132307e-16 
 4100.21144390107   1.353909e-16 
 4103.04159235955  -5.144432e-17 
 4105.87174081804    1.16893e-16 
 4108.70188927652   3.865871e-17 
   4111.532037735   5.461432e-17 
 4114.36218619348   6.314783e-17 
 4117.19233465196    1.30591e-16 
 4120.02248311044    3.74898e-17 
 4122.85263156892   7.928549e-17 
  4125.6827800274   8.288202e-17 
 4128.51292848588   1.641122e-16 
 4131.34307694436    1.33573e-16 
 4134.17322540284   1.576607e-16 
 4137.00337386132   2.401389e-16 
  4139.8335223198   1.252615e-16 
 4142.66367077828     1.0472e-16 
 4145.49381923677   1.456049e-16 
 4148.32396769525   1.108195e-16 
 4151.15411615373   7.565905e-17 
 4153.98426461221   1.050929e-16 
 4156.81441307069   9.844444e-17 
 4159.64456152917   1.100758e-16 
 4162.47470998765   6.930077e-18 
 4165.30485844613   8.491723e-17 
 4168.13500690461   8.956663e-17 
 4170.96515536309     1.4899e-16 
 4173.79530382157    3.35837e-17 
 4176.62545228006   8.525389e-17 
 4179.45560073854   1.068299e-17 
 4182.28574919702   2.398916e-17 
  4185.1158976555    6.61801e-17 
 4187.94604611398   2.095401e-18 
 4190.77619457246   6.273824e-18 
 4193.60634303094   8.478028e-17 
 4196.43649148942   4.973949e-17 
  4199.2666399479   4.579673e-17 
 4202.09678840638   4.998001e-17 
 4204.92693686486   1.286582e-16 
 4207.75708532335    4.82867e-17 
 4210.58723378182   4.729008e-17 
 4213.41738224031   1.103891e-16 
 4216.24753069879   6.505383e-17 
 4219.07767915727   3.467809e-17 
 4221.90782761575   1.386519e-17 
 4224.73797607423   8.469564e-17 
 4227.56812453271   1.207449e-16 
 4230.39827299119   2.016061e-17 
 4233.22842144967   4.172305e-17 
 4236.05856990815   1.170576e-16 
 4238.88871836663   8.668079e-17 
 4241.71886682511   5.213828e-17 
  4244.5490152836   4.761506e-17 
 4247.37916374208   1.353514e-16 
 4250.20931220056   5.540233e-17 
 4253.03946065904    9.22953e-17 
 4255.86960911752   8.726951e-17 
   4258.699757576   2.446108e-17 
 4261.52990603448  -9.065319e-17 
 4264.36005449296   4.943167e-17 
 4267.19020295144   7.101051e-17 
 4270.02035140992  -7.848429e-18 
  4272.8504998684   1.306522e-16 
 4275.68064832689   1.336703e-17 
 4278.51079678536   5.138047e-17 
 4281.34094524385   1.278779e-16 
 4284.17109370233   8.537098e-17 
 4287.00124216081    1.24785e-17 
 4289.83139061929  -2.353666e-17 
 4292.66153907777   9.161982e-17 
 4295.49168753625   1.089603e-16 
 4298.32183599473   4.980821e-17 
 4301.15198445321  -8.646647e-17 
 4303.98213291169  -4.426748e-17 
 4306.81228137017   6.363948e-17 
 4309.64242982865    1.39303e-16 
 4312.47257828714   9.726217e-17 
 4315.30272674562   1.366932e-16 
  4318.1328752041  -6.566084e-17 
 4320.96302366258   3.488333e-17 
 4323.79317212106   1.562805e-17 
 4326.62332057954   1.753825e-16 
 4329.45346903802   1.658878e-17 
  4332.2836174965   4.132214e-17 
 4335.11376595498  -1.791687e-17 
 4337.94391441346   2.015182e-17 
 4340.77406287194   1.676383e-16 
 4343.60421133042  -1.900272e-17 
 4346.43435978891    8.65082e-17 
 4349.26450824739  -1.041434e-16 
 4352.09465670587   8.749721e-17 
 4354.92480516435   6.534781e-18 
 4357.75495362283   2.147073e-17 
 4360.58510208131  -3.843596e-17 
 4363.41525053979   4.789446e-17 
 4366.24539899827   5.971038e-17 
 4369.07554745675   1.736089e-17 
 4371.90569591523   1.483101e-16 
 4374.73584437371  -6.661542e-17 
 4377.56599283219   7.825027e-17 
 4380.39614129068  -1.476948e-17 
 4383.22628974916   4.876954e-17 
 4386.05643820764   1.186116e-16 
 4388.88658666612   8.657433e-17 
  4391.7167351246   6.183939e-17 
 4394.54688358308   1.130523e-16 
 4397.37703204156   1.839567e-16 
 4400.20718050004   1.387621e-16 
 4403.03732895852   4.664084e-17 
   4405.867477417   7.514092e-17 
 4408.69762587549   1.781527e-17 
 4411.52777433397  -8.749687e-17 
 4414.35792279245    8.76357e-17 
 4417.18807125093   1.319795e-16 
 4420.01821970941   5.340738e-17 
 4422.84836816789   7.382301e-17 
 4425.67851662637    6.57844e-17 
 4428.50866508485   5.539764e-17 
 4431.33881354333  -1.456571e-17 
 4434.16896200181   1.068999e-17 
 4436.99911046029   1.471242e-16 
 4439.82925891877   1.052562e-16 
 4442.65940737725   1.173072e-16 
 4445.48955583574   1.822129e-16 
 4448.31970429422    1.18245e-16 
  4451.1498527527   5.727514e-17 
 4453.98000121118   6.120912e-17 
 4456.81014966966   1.590014e-16 
 4459.64029812814   1.144623e-16 
 4462.47044658662  -2.503776e-18 
  4465.3005950451   1.121045e-16 
 4468.13074350358    1.45143e-16 
 4470.96089196206   6.109543e-17 
 4473.79104042054   1.167792e-16 
 4476.62118887902   4.026391e-17 
 4479.45133733751   8.838607e-17 
 4482.28148579599   1.883127e-16 
 4485.11163425447   3.260195e-17 
 4487.94178271295   3.456235e-17 
 4490.77193117143   1.672035e-16 
 4493.60207962991   1.097856e-16 
 4496.43222808839   1.740645e-16 
 4499.26237654687   5.917126e-17 
 4502.09252500535   1.078661e-16 
 4504.92267346383   1.634517e-16 
 4507.75282192231   5.952126e-17 
  4510.5829703808   1.017445e-16 
 4513.41311883928   2.078379e-17 
 4516.24326729776   1.714706e-16 
 4519.07341575624   1.671065e-16 
 4521.90356421472   4.765379e-17 
  4524.7337126732   1.502599e-16 
 4527.56386113168   1.399524e-16 
 4530.39400959016   1.301019e-16 
 4533.22415804864   9.136483e-17 
 4536.05430650712   1.451677e-16 
  4538.8844549656   1.077966e-16 
 4541.71460342409   1.231406e-16 
 4544.54475188256  -1.003125e-17 
 4547.37490034105   2.771218e-17 
 4550.20504879953  -2.378431e-17 
 4553.03519725801   7.436693e-17 
 4555.86534571649   8.443285e-17 
 4558.69549417497   1.148005e-16 
 4561.52564263345   1.278526e-16 
 4564.35579109193   9.355944e-17 
 4567.18593955041   1.134846e-16 
 4570.01608800889   1.297966e-16 
 4572.84623646737   7.543372e-17 
 4575.67638492585   5.855712e-17 
 4578.50653338434    5.43793e-17 
 4581.33668184282   1.115252e-17 
  4584.1668303013    2.34048e-16 
 4586.99697875978   9.212738e-17 
 4589.82712721826   1.305533e-16 
 4592.65727567674   9.828503e-17 
 4595.48742413522   1.035478e-16 
  4598.3175725937    6.88926e-17 
 4601.14772105218   1.624171e-16 
 4603.97786951066  -2.105929e-18 
 4606.80801796914   2.253587e-17 
 4609.63816642762   9.828722e-17 
 4612.46831488611   1.446043e-16 
 4615.29846334458   1.527251e-16 
 4618.12861180307   1.286971e-16 
 4620.95876026155   4.978961e-17 
 4623.78890872003   1.310128e-16 
 4626.61905717851    2.43828e-16 
 4629.44920563699   1.217776e-16 
 4632.27935409547   1.953206e-16 
 4635.10950255395    1.59993e-16 
 4637.93965101243   1.124441e-16 
 4640.76979947092   1.391976e-16 
  4643.5999479294   1.203825e-16 
 4646.43009638788   1.751387e-16 
 4649.26024484636   1.447557e-16 
 4652.09039330484   2.013871e-16 
 4654.92054176332   1.502893e-16 
  4657.7506902218    1.32778e-16 
 4660.58083868028   1.650997e-16 
 4663.41098713876   2.090734e-16 
 4666.24113559724   1.745433e-16 
 4669.07128405572   1.936258e-16 
  4671.9014325142   2.119938e-16 
 4674.73158097268   1.416486e-16 
 4677.56172943117   2.572273e-16 
 4680.39187788965   2.058668e-16 
 4683.22202634813   2.304871e-16 
 4686.05217480661   2.910277e-16 
 4688.88232326509   1.885763e-16 
 4691.71247172357   1.694818e-16 
 4694.54262018205   2.123004e-16 
 4697.37276864053   2.149904e-16 
 4700.20291709901   2.261269e-16 
 4703.03306555749   2.293251e-16 
 4705.86321401597   1.955817e-16 
 4708.69336247445   2.417629e-16 
 4711.52351093294   2.074726e-16 
 4714.35365939142   2.472514e-16 
  4717.1838078499   2.669177e-16 
 4720.01395630838   2.636981e-16 
 4722.84410476686   2.489911e-16 
 4725.67425322534   3.332431e-16 
 4728.50440168382   2.632773e-16 
  4731.3345501423    2.95075e-16 
 4734.16469860078   2.662279e-16 
 4736.99484705926   3.257414e-16 
 4739.82499551774   2.843067e-16 
 4742.65514397622   2.554763e-16 
  4745.4852924347   3.636179e-16 
 4748.31544089319   2.479031e-16 
 4751.14558935167   2.834856e-16 
 4753.97573781015   3.365068e-16 
 4756.80588626863    2.90522e-16 
 4759.63603472711   2.886806e-16 
 4762.46618318559   3.228685e-16 
 4765.29633164407   3.324731e-16 
 4768.12648010255   2.851189e-16 
 4770.95662856103    3.30241e-16 
 4773.78677701951   2.763368e-16 
 4776.61692547799   2.393718e-16 
 4779.44707393647   2.366192e-16 
 4782.27722239496   2.271623e-16 
 4785.10737085344    2.81566e-16 
 4787.93751931192   2.619987e-16 
  4790.7676677704   3.154835e-16 
 4793.59781622888    3.53403e-16 
 4796.42796468736   2.756361e-16 
 4799.25811314584   2.984517e-16 
 4802.08826160432   3.008645e-16 
  4804.9184100628    3.14257e-16 
 4807.74855852128   2.529608e-16 
 4810.57870697976   2.831668e-16 
 4813.40885543825   2.653914e-16 
 4816.23900389673   2.088009e-16 
 4819.06915235521   2.309703e-16 
 4821.89930081369   2.145198e-16 
 4824.72944927217   1.799192e-16 
 4827.55959773065    2.43168e-16 
 4830.38974618913   3.220928e-16 
 4833.21989464761   3.168067e-16 
 4836.05004310609   2.181785e-16 
 4838.88019156457   2.401923e-16 
 4841.71034002305   2.251934e-16 
 4844.54048848153   2.355001e-16 
 4847.37063694001   2.102644e-16 
  4850.2007853985   2.938498e-16 
 4853.03093385698   2.145457e-16 
 4855.86108231546   2.985427e-16 
 4858.69123077394   1.990065e-16 
 4861.52137923242     2.3448e-16 
  4864.3515276909   2.008524e-16 
 4867.18167614938    2.30774e-16 
 4870.01182460786   1.933163e-16 
 4872.84197306634   2.110057e-16 
 4875.67212152482   1.818417e-16 
  4878.5022699833   2.204457e-16 
 4881.33241844179   2.567333e-16 
 4884.16256690027   2.679822e-16 
 4886.99271535875   1.673156e-16 
 4889.82286381723   2.129541e-16 
 4892.65301227571   1.586304e-16 
 4895.48316073419   2.344101e-16 
 4898.31330919267   2.427152e-16 
 4901.14345765115   2.155628e-16 
 4903.97360610963   2.034083e-16 
 4906.80375456811    1.99355e-16 
 4909.63390302659   2.020362e-16 
 4912.46405148508   2.138475e-16 
 4915.29419994355   2.166311e-16 
 4918.12434840204   1.660155e-16 
 4920.95449686052   2.165859e-16 
   4923.784645319   2.176731e-16 
 4926.61479377748   2.163767e-16 
 4929.44494223596   2.693207e-16 
 4932.27509069444    2.95962e-16 
 4935.10523915292   2.086925e-16 
  4937.9353876114    1.85819e-16 
 4940.76553606988   1.780487e-16 
 4943.59568452836   1.515923e-16 
 4946.42583298684   2.227576e-16 
 4949.25598144533   2.755712e-16 
 4952.08612990381   2.110136e-16 
 4954.91627836229   2.435921e-16 
 4957.74642682077   2.328155e-16 
 4960.57657527925   2.001602e-16 
 4963.40672373773   2.414751e-16 
 4966.23687219621   1.525637e-16 
 4969.06702065469   1.727431e-16 
 4971.89716911317   2.526436e-16 
 4974.72731757165   2.582326e-16 
 4977.55746603013   2.065522e-16 
 4980.38761448862   2.144831e-16 
  4983.2177629471   2.409002e-16 
 4986.04791140558   1.724701e-16 
 4988.87805986406   2.290186e-16 
 4991.70820832254   2.643223e-16 
 4994.53835678102   2.375059e-16 
  4997.3685052395   2.419113e-16 
 5000.19865369798   2.293669e-16 
 5003.02880215646   1.793208e-16 
 5005.85895061494   2.566056e-16 
 5008.68909907342   2.165713e-16 
  5011.5192475319   1.898982e-16 
 5014.34939599039   2.650775e-16 
 5017.17954444887   2.663097e-16 
 5020.00969290735   2.485045e-16 
 5022.83984136583   3.222691e-16 
 5025.66998982431   2.797802e-16 
 5028.50013828279   3.006279e-16 
 5031.33028674127   2.276392e-16 
 5034.16043519975    2.39457e-16 
 5036.99058365823   2.658592e-16 
 5039.82073211671   2.920259e-16 
 5042.65088057519   3.016648e-16 
 5045.48102903368   2.733154e-16 
 5048.31117749216   2.334096e-16 
 5051.14132595064   2.082091e-16 
 5053.97147440912   3.209192e-16 
  5056.8016228676   2.944399e-16 
 5059.63177132608   2.223891e-16 
 5062.46191978456   2.685691e-16 
 5065.29206824304   3.020885e-16 
 5068.12221670152   3.111311e-16 
    5070.95236516   2.922311e-16 
 5073.78251361848   2.457314e-16 
 5076.61266207696   3.171103e-16 
 5079.44281053544   2.798352e-16 
 5082.27295899393    2.80171e-16 
 5085.10310745241   3.468912e-16 
 5087.93325591089   3.024259e-16 
 5090.76340436937   3.624642e-16 
 5093.59355282785   3.499959e-16 
 5096.42370128633   3.273012e-16 
 5099.25384974481     3.4504e-16 
 5102.08399820329   3.479935e-16 
 5104.91414666177   4.067176e-16 
 5107.74429512025   3.617678e-16 
 5110.57444357873   3.988666e-16 
 5113.40459203722   3.598967e-16 
  5116.2347404957   3.320703e-16 
 5119.06488895418   3.792597e-16 
 5121.89503741266   3.379115e-16 
 5124.72518587114   3.283315e-16 
 5127.55533432962   3.336702e-16 
  5130.3854827881   3.314607e-16 
 5133.21563124658   3.741719e-16 
 5136.04577970506   3.550632e-16 
 5138.87592816354   3.539214e-16 
 5141.70607662202   3.022722e-16 
  5144.5362250805   2.990513e-16 
 5147.36637353898   3.148418e-16 
 5150.19652199747   2.816086e-16 
 5153.02667045595    2.94083e-16 
 5155.85681891443   3.275266e-16 
 5158.68696737291   2.616816e-16 
 5161.51711583139   2.714656e-16 
 5164.34726428987   3.020466e-16 
 5167.17741274835   3.154778e-16 
 5170.00756120683   3.406192e-16 
 5172.83770966531   3.911134e-16 
 5175.66785812379   3.249604e-16 
 5178.49800658228   3.159932e-16 
 5181.32815504075   2.908537e-16 
 5184.15830349924    3.44162e-16 
 5186.98845195772   2.105596e-16 
  5189.8186004162   1.861709e-16 
 5192.64874887468    2.49921e-16 
 5195.47889733316   2.719402e-16 
 5198.30904579164   2.723804e-16 
 5201.13919425012   2.914454e-16 
  5203.9693427086   2.551547e-16 
 5206.79949116708   2.542737e-16 
 5209.62963962556   2.265949e-16 
 5212.45978808405    1.81848e-16 
 5215.28993654253   1.657132e-16 
 5218.12008500101   2.274436e-16 
 5220.95023345949      2.382e-16 
 5223.78038191797   2.395493e-16 
 5226.61053037645   2.471632e-16 
 5229.44067883493   1.757832e-16 
 5232.27082729341   2.489006e-16 
 5235.10097575189   2.780509e-16 
 5237.93112421037   2.114334e-16 
 5240.76127266885   2.114904e-16 
 5243.59142112733   2.247427e-16 
 5246.42156958582   2.566658e-16 
  5249.2517180443   2.663277e-16 
 5252.08186650278   2.707305e-16 
 5254.91201496126   2.562465e-16 
 5257.74216341974   2.029178e-16 
 5260.57231187822   2.191236e-16 
  5263.4024603367   2.473002e-16 
 5266.23260879518   2.184376e-16 
 5269.06275725366   2.067326e-16 
 5271.89290571214    2.92773e-16 
 5274.72305417062   2.650994e-16 
  5277.5532026291   2.183023e-16 
 5280.38335108758   2.352462e-16 
 5283.21349954607    2.51141e-16 
 5286.04364800455   2.500851e-16 
 5288.87379646303   2.668698e-16 
 5291.70394492151   2.732646e-16 
 5294.53409337999   2.287349e-16 
 5297.36424183847   2.961265e-16 
 5300.19439029695   1.814919e-16 
 5303.02453875543   2.510187e-16 
 5305.85468721391   2.384805e-16 
 5308.68483567239   2.572549e-16 
 5311.51498413087   3.276188e-16 
 5314.34513258935   2.968915e-16 
 5317.17528104784    2.85142e-16 
 5320.00542950632   2.895398e-16 
  5322.8355779648   3.190575e-16 
 5325.66572642328   3.066405e-16 
 5328.49587488176    2.73245e-16 
 5331.32602334024   2.753857e-16 
 5334.15617179872   3.185026e-16 
  5336.9863202572   3.358273e-16 
 5339.81646871568   3.033904e-16 
 5342.64661717416   2.415248e-16 
 5345.47676563264   2.055689e-16 
 5348.30691409112   2.961112e-16 
 5351.13706254961   2.804889e-16 
 5353.96721100809   2.712593e-16 
 5356.79735946657   3.415541e-16 
 5359.62750792505   2.776713e-16 
 5362.45765638353   2.453766e-16 
 5365.28780484201     3.0075e-16 
 5368.11795330049   2.944972e-16 
 5370.94810175897   2.749717e-16 
 5373.77825021745   2.694765e-16 
 5376.60839867593   3.447541e-16 
 5379.43854713441   4.449936e-16 
  5382.2686955929   3.201848e-16 
 5385.09884405138   3.480049e-16 
 5387.92899250986   3.745062e-16 
 5390.75914096834   3.319494e-16 
 5393.58928942682   3.333754e-16 
  5396.4194378853   3.247346e-16 
 5399.24958634378    3.57434e-16 
 5402.07973480226   3.821852e-16 
 5404.90988326074   3.410272e-16 
 5407.74003171922   3.501328e-16 
  5410.5701801777   3.707467e-16 
 5413.40032863618   3.601851e-16 
 5416.23047709467   3.735526e-16 
 5419.06062555315   4.162862e-16 
 5421.89077401163   4.138885e-16 
 5424.72092247011   4.016341e-16 
 5427.55107092859   3.533407e-16 
 5430.38121938707   3.886752e-16 
 5433.21136784555   3.546088e-16 
 5436.04151630403   4.531866e-16 
 5438.87166476251   4.475089e-16 
 5441.70181322099   4.571698e-16 
 5444.53196167947   4.599686e-16 
 5447.36211013796   3.872309e-16 
 5450.19225859644   4.454617e-16 
 5453.02240705492   4.096058e-16 
  5455.8525555134   3.553701e-16 
 5458.68270397188   4.391203e-16 
 5461.51285243036   4.765133e-16 
 5464.34300088884   4.019585e-16 
 5467.17314934732   4.344621e-16 
  5470.0032978058   4.557009e-16 
 5472.83344626428   4.155701e-16 
 5475.66359472276   4.820564e-16 
 5478.49374318124   5.029089e-16 
 5481.32389163972   4.400276e-16 
 5484.15404009821    4.83022e-16 
 5486.98418855669   4.772768e-16 
 5489.81433701517   5.033952e-16 
 5492.64448547365   4.946642e-16 
 5495.47463393213   4.996394e-16 
 5498.30478239061    4.09229e-16 
 5501.13493084909   4.151352e-16 
 5503.96507930757   5.495156e-16 
 5506.79522776605   5.432642e-16 
 5509.62537622453   4.850318e-16 
 5512.45552468301   4.717235e-16 
  5515.2856731415   5.368992e-16 
 5518.11582159998   4.973008e-16 
 5520.94597005846   4.401383e-16 
 5523.77611851694   5.123048e-16 
 5526.60626697542   5.015925e-16 
  5529.4364154339   4.666032e-16 
 5532.26656389238   5.396666e-16 
 5535.09671235086   5.408332e-16 
 5537.92686080934    5.45854e-16 
 5540.75700926782   5.784821e-16 
  5543.5871577263   5.252033e-16 
 5546.41730618478   4.972782e-16 
 5549.24745464326   4.390178e-16 
 5552.07760310175   4.771959e-16 
 5554.90775156023   4.887045e-16 
 5557.73790001871   4.605423e-16 
 5560.56804847719   4.930256e-16 
 5563.39819693567   4.578127e-16 
 5566.22834539415   4.102936e-16 
 5569.05849385263   4.485027e-16 
 5571.88864231111   5.758705e-16 
 5574.71879076959   4.342212e-16 
 5577.54893922807   4.942587e-16 
 5580.37908768655   4.209513e-16 
 5583.20923614503   4.581878e-16 
 5586.03938460352   4.001916e-16 
   5588.869533062   4.978977e-16 
 5591.69968152048   4.922995e-16 
 5594.52982997896   4.728088e-16 
 5597.35997843744   4.737585e-16 
 5600.19012689592   5.203465e-16 
  5603.0202753544   6.125776e-16 
 5605.85042381288   6.619157e-16 
 5608.68057227136   5.884429e-16 
 5611.51072072985   6.736584e-16 
 5614.34086918833    4.99396e-16 
 5617.17101764681   5.620606e-16 
 5620.00116610529   5.414397e-16 
 5622.83131456377   5.599601e-16 
 5625.66146302225   5.422747e-16 
 5628.49161148073   5.489194e-16 
 5631.32175993921   6.598874e-16 
 5634.15190839769   6.243559e-16 
 5636.98205685617   6.105638e-16 
 5639.81220531465   6.069982e-16 
 5642.64235377313    5.83073e-16 
 5645.47250223161   5.827272e-16 
 5648.30265069009    6.18595e-16 
 5651.13279914858   5.582502e-16 
 5653.96294760706   5.273961e-16 
 5656.79309606554   6.215111e-16 
 5659.62324452402   6.416365e-16 
  5662.4533929825    6.66387e-16 
 5665.28354144098   5.580535e-16 
 5668.11368989946   5.861597e-16 
 5670.94383835794   6.391774e-16 
 5673.77398681642   6.101495e-16 
  5676.6041352749   6.097899e-16 
 5679.43428373338   6.216285e-16 
 5682.26443219186   6.540426e-16 
 5685.09458065035   6.288439e-16 
 5687.92472910883   5.960797e-16 
 5690.75487756731   5.642265e-16 
 5693.58502602579   5.517108e-16 
 5696.41517448427   5.319725e-16 
 5699.24532294275   6.601082e-16 
 5702.07547140123   5.952382e-16 
 5704.90561985971   5.908998e-16 
 5707.73576831819   6.062804e-16 
 5710.56591677667   6.102738e-16 
 5713.39606523515   6.562935e-16 
 5716.22621369363   5.533504e-16 
 5719.05636215212   6.484989e-16 
  5721.8865106106   6.351359e-16 
 5724.71665906908   6.489739e-16 
 5727.54680752756    5.63399e-16 
 5730.37695598604   5.936835e-16 
 5733.20710444452   6.091414e-16 
   5736.037252903   5.807313e-16 
 5738.86740136148   5.253285e-16 
 5741.69754981996   5.963013e-16 
 5744.52769827844   5.949962e-16 
 5747.35784673693   6.498686e-16 
 5750.18799519541   5.252477e-16 
 5753.01814365389   5.448265e-16 
 5755.84829211237   5.649405e-16 
 5758.67844057085   5.713257e-16 
 5761.50858902933   5.190046e-16 
 5764.33873748781    5.08383e-16 
 5767.16888594629   5.805213e-16 
 5769.99903440477   5.488396e-16 
 5772.82918286325   5.201772e-16 
 5775.65933132173   4.629528e-16 
 5778.48947978021   5.083183e-16 
  5781.3196282387   5.994695e-16 
 5784.14977669718   5.259206e-16 
 5786.97992515566    5.46442e-16 
 5789.81007361414   5.460509e-16 
 5792.64022207262   6.063508e-16 
  5795.4703705311   6.028526e-16 
 5798.30051898958   5.248794e-16 
 5801.13066744806   5.335688e-16 
 5803.96081590654    5.36631e-16 
 5806.79096436502   5.906389e-16 
  5809.6211128235   5.388036e-16 
 5812.45126128198   5.550071e-16 
 5815.28140974047   5.991956e-16 
 5818.11155819895   5.360024e-16 
 5820.94170665743   5.291964e-16 
 5823.77185511591   5.470422e-16 
 5826.60200357439   5.172701e-16 
 5829.43215203287   4.873935e-16 
 5832.26230049135   5.150743e-16 
 5835.09244894983   5.028819e-16 
 5837.92259740831   5.166644e-16 
 5840.75274586679   5.255115e-16 
 5843.58289432527   5.161355e-16 
 5846.41304278375   5.160451e-16 
 5849.24319124223   4.707568e-16 
 5852.07333970072   5.247007e-16 
  5854.9034881592   5.842021e-16 
 5857.73363661768   5.913745e-16 
 5860.56378507616   5.499126e-16 
 5863.39393353464   4.791993e-16 
 5866.22408199312   4.654903e-16 
  5869.0542304516   5.427339e-16 
 5871.88437891008   4.982712e-16 
 5874.71452736856   4.952478e-16 
 5877.54467582704   5.106874e-16 
 5880.37482428552   4.560844e-16 
   5883.204972744   4.658801e-16 
 5886.03512120249   4.512715e-16 
 5888.86526966097   3.894818e-16 
 5891.69541811945   4.721471e-16 
 5894.52556657793    4.86889e-16 
 5897.35571503641   4.825686e-16 
 5900.18586349489   4.943589e-16 
 5903.01601195337   4.667892e-16 
 5905.84616041185   4.623194e-16 
 5908.67630887033   4.363249e-16 
 5911.50645732881   4.035874e-16 
 5914.33660578729   5.221174e-16 
 5917.16675424578   4.345443e-16 
 5919.99690270426   4.184462e-16 
 5922.82705116274   5.336673e-16 
 5925.65719962122   5.072549e-16 
  5928.4873480797   4.627811e-16 
 5931.31749653818   4.365328e-16 
 5934.14764499666   3.944135e-16 
 5936.97779345514   4.790927e-16 
 5939.80794191362   4.931999e-16 
  5942.6380903721   4.356701e-16 
 5945.46823883058   4.665835e-16 
 5948.29838728906   4.980821e-16 
 5951.12853574755   4.383289e-16 
 5953.95868420602   4.822512e-16 
 5956.78883266451   5.118152e-16 
 5959.61898112299   3.626344e-16 
 5962.44912958147   4.361238e-16 
 5965.27927803995   5.111205e-16 
 5968.10942649843   5.435891e-16 
 5970.93957495691   4.258006e-16 
 5973.76972341539   4.007619e-16 
 5976.59987187387   4.322677e-16 
 5979.43002033235   4.401119e-16 
 5982.26016879083   5.088886e-16 
 5985.09031724931    5.20271e-16 
  5987.9204657078   4.612032e-16 
 5990.75061416628   3.918179e-16 
 5993.58076262476   4.492742e-16 
 5996.41091108324   4.801422e-16 
 5999.24105954172   3.917317e-16 
  6002.0712080002   4.854434e-16 
 6004.90135645868    4.75715e-16 
 6007.73150491716   5.074536e-16 
 6010.56165337564   4.843834e-16 
 6013.39180183412   5.262016e-16 
  6016.2219502926    4.75493e-16 
 6019.05209875108   4.212308e-16 
 6021.88224720957   5.012058e-16 
 6024.71239566805   4.719228e-16 
 6027.54254412653   4.733427e-16 
 6030.37269258501    5.06397e-16 
 6033.20284104349   5.362374e-16 
 6036.03298950197   4.274033e-16 
 6038.86313796045   4.532497e-16 
 6041.69328641893   4.953492e-16 
 6044.52343487741   5.403665e-16 
 6047.35358333589   4.284699e-16 
 6050.18373179437   4.273959e-16 
 6053.01388025285   4.497934e-16 
 6055.84402871134   4.733212e-16 
 6058.67417716982   4.414979e-16 
  6061.5043256283   5.483575e-16 
 6064.33447408678   4.263852e-16 
 6067.16462254526   4.369477e-16 
 6069.99477100374   4.909939e-16 
 6072.82491946222   4.386708e-16 
  6075.6550679207   4.536055e-16 
 6078.48521637918   4.601191e-16 
 6081.31536483766   4.065089e-16 
 6084.14551329614    4.74029e-16 
 6086.97566175463   4.992283e-16 
 6089.80581021311   4.510817e-16 
 6092.63595867159    4.82349e-16 
 6095.46610713007   5.017183e-16 
 6098.29625558855   4.540228e-16 
 6101.12640404703   4.889579e-16 
 6103.95655250551   5.169629e-16 
 6106.78670096399   4.671008e-16 
 6109.61684942247   4.689339e-16 
 6112.44699788095   5.461809e-16 
 6115.27714633943   4.528694e-16 
 6118.10729479791   4.572333e-16 
  6120.9374432564   4.489389e-16 
 6123.76759171488   4.907201e-16 
 6126.59774017336   5.061774e-16 
 6129.42788863184   4.762371e-16 
 6132.25803709032   4.805741e-16 
  6135.0881855488   4.361545e-16 
 6137.91833400728    4.81959e-16 
 6140.74848246576   4.966027e-16 
 6143.57863092424   4.889132e-16 
 6146.40877938272    4.81941e-16 
  6149.2389278412   4.551916e-16 
 6152.06907629969   4.956862e-16 
 6154.89922475816   4.528598e-16 
 6157.72937321665   4.536627e-16 
 6160.55952167513   4.909116e-16 
 6163.38967013361   4.774325e-16 
 6166.21981859209   4.670027e-16 
 6169.04996705057   4.388525e-16 
 6171.88011550905   4.344782e-16 
 6174.71026396753   4.183027e-16 
 6177.54041242601   4.013912e-16 
 6180.37056088449    4.34732e-16 
 6183.20070934298   4.333925e-16 
 6186.03085780145   3.540936e-16 
 6188.86100625994   3.901932e-16 
 6191.69115471842   3.842245e-16 
  6194.5213031769   3.543667e-16 
 6197.35145163538   4.006273e-16 
 6200.18160009386   3.595535e-16 
 6203.01174855234   3.838238e-16 
 6205.84189701082   4.219893e-16 
  6208.6720454693   4.093345e-16 
 6211.50219392778   3.840815e-16 
 6214.33234238626   4.347613e-16 
 6217.16249084474   3.602837e-16 
 6219.99263930323   4.071089e-16 
 6222.82278776171   3.779466e-16 
 6225.65293622019   4.427082e-16 
 6228.48308467867   4.093091e-16 
 6231.31323313715   4.312101e-16 
 6234.14338159563   4.000125e-16 
 6236.97353005411   4.279278e-16 
 6239.80367851259   3.725719e-16 
 6242.63382697107   3.937663e-16 
 6245.46397542955    3.47872e-16 
 6248.29412388803   5.058697e-16 
 6251.12427234651   4.223214e-16 
 6253.95442080499   3.960697e-16 
 6256.78456926348    4.21687e-16 
 6259.61471772196    4.16212e-16 
 6262.44486618044   3.932008e-16 
 6265.27501463892   4.048327e-16 
  6268.1051630974     3.7744e-16 
 6270.93531155588   4.033234e-16 
 6273.76546001436   3.949588e-16 
 6276.59560847284   3.499918e-16 
 6279.42575693132   4.081056e-16 
  6282.2559053898   3.843198e-16 
 6285.08605384828   3.712816e-16 
 6287.91620230677   4.252139e-16 
 6290.74635076525   3.926312e-16 
 6293.57649922373   4.035107e-16 
 6296.40664768221   4.089853e-16 
 6299.23679614069   3.660146e-16 
 6302.06694459917   3.615088e-16 
 6304.89709305765   3.886631e-16 
 6307.72724151613   4.326318e-16 
 6310.55738997461   4.187035e-16 
 6313.38753843309   4.659174e-16 
 6316.21768689157   4.904283e-16 
 6319.04783535006   4.186149e-16 
 6321.87798380854   4.270496e-16 
 6324.70813226702   4.812779e-16 
  6327.5382807255   4.502776e-16 
 6330.36842918398   4.296981e-16 
 6333.19857764246   4.616144e-16 
 6336.02872610094   5.125571e-16 
 6338.85887455942   5.332842e-16 
  6341.6890230179   4.806141e-16 
 6344.51917147638   4.756127e-16 
 6347.34931993486   5.487083e-16 
 6350.17946839334   5.888534e-16 
 6353.00961685183   5.762331e-16 
 6355.83976531031   5.665536e-16 
 6358.66991376879   5.226488e-16 
 6361.50006222727   5.703137e-16 
 6364.33021068575   5.416339e-16 
 6367.16035914423   4.983959e-16 
 6369.99050760271      5.164e-16 
 6372.82065606119   4.908208e-16 
 6375.65080451967   5.514846e-16 
 6378.48095297815   5.484285e-16 
 6381.31110143663   5.380038e-16 
 6384.14124989512   5.090134e-16 
  6386.9713983536   4.439353e-16 
 6389.80154681208   5.100416e-16 
 6392.63169527056   4.922528e-16 
 6395.46184372904   4.631396e-16 
 6398.29199218752   4.691754e-16 
   6401.122140646   5.085645e-16 
 6403.95228910448   4.889335e-16 
 6406.78243756296   4.308665e-16 
 6409.61258602144   4.825352e-16 
 6412.44273447992    5.17375e-16 
  6415.2728829384   4.878682e-16 
 6418.10303139688   4.695252e-16 
 6420.93317985537   4.920891e-16 
 6423.76332831385   4.689838e-16 
 6426.59347677233   4.796902e-16 
 6429.42362523081   4.612755e-16 
 6432.25377368929   4.504961e-16 
 6435.08392214777    4.12482e-16 
 6437.91407060625   3.919792e-16 
 6440.74421906473   4.376438e-16 
 6443.57436752321   4.225069e-16 
 6446.40451598169   4.200574e-16 
 6449.23466444017   3.876217e-16 
 6452.06481289866   3.522287e-16 
 6454.89496135714   4.018727e-16 
 6457.72510981562   3.943864e-16 
  6460.5552582741   4.125727e-16 
 6463.38540673258   4.068569e-16 
 6466.21555519106     3.3215e-16 
 6469.04570364954   3.504587e-16 
 6471.87585210802   4.372106e-16 
  6474.7060005665   3.815381e-16 
 6477.53614902498   4.064913e-16 
 6480.36629748346   3.685601e-16 
 6483.19644594194   3.500949e-16 
 6486.02659440042   3.881025e-16 
  6488.8567428589   3.565115e-16 
 6491.68689131739     3.4309e-16 
 6494.51703977587    3.65977e-16 
 6497.34718823435   3.500617e-16 
 6500.17733669283   4.181667e-16 
 6503.00748515131   4.862332e-16 
 6505.83763360979   4.439569e-16 
 6508.66778206827   3.849676e-16 
 6511.49793052675    3.61449e-16 
 6514.32807898523   4.024537e-16 
 6517.15822744371   4.166884e-16 
  6519.9883759022   3.632203e-16 
 6522.81852436068   3.873741e-16 
 6525.64867281916   3.943228e-16 
 6528.47882127764   4.161842e-16 
 6531.30896973612   4.276072e-16 
  6534.1391181946   4.206119e-16 
 6536.96926665308   4.371268e-16 
 6539.79941511156   4.932991e-16 
 6542.62956357004   4.583119e-16 
 6545.45971202852   4.457006e-16 
   6548.289860487    4.64769e-16 
 6551.12000894548   4.297454e-16 
 6553.95015740396   5.031416e-16 
 6556.78030586244   4.920642e-16 
 6559.61045432093   5.037874e-16 
 6562.44060277941   4.883666e-16 
 6565.27075123789   4.898588e-16 
 6568.10089969637   5.364337e-16 
 6570.93104815485   5.029556e-16 
 6573.76119661333   5.728384e-16 
 6576.59134507181    5.38857e-16 
 6579.42149353029   4.644593e-16 
 6582.25164198877   5.361296e-16 
 6585.08179044725   4.907767e-16 
 6587.91193890573   5.358634e-16 
 6590.74208736422   5.276676e-16 
  6593.5722358227   5.088332e-16 
 6596.40238428118   5.103822e-16 
 6599.23253273966   5.682343e-16 
 6602.06268119814   5.304507e-16 
 6604.89282965662   5.034715e-16 
  6607.7229781151   6.036211e-16 
 6610.55312657358   6.055529e-16 
 6613.38327503206   5.613675e-16 
 6616.21342349054   5.626213e-16 
 6619.04357194902   5.690765e-16 
  6621.8737204075   6.192917e-16 
 6624.70386886599   6.718522e-16 
 6627.53401732447   6.977615e-16 
 6630.36416578295   6.455373e-16 
 6633.19431424143    5.83011e-16 
 6636.02446269991   6.318327e-16 
 6638.85461115839   6.808945e-16 
 6641.68475961687   6.968454e-16 
 6644.51490807535   6.547875e-16 
 6647.34505653383    6.46521e-16 
 6650.17520499231   6.387448e-16 
 6653.00535345079   6.385281e-16 
 6655.83550190928   7.033088e-16 
 6658.66565036775   6.569421e-16 
 6661.49579882624   6.358583e-16 
 6664.32594728472   6.418572e-16 
  6667.1560957432    6.53837e-16 
 6669.98624420168   6.346846e-16 
 6672.81639266016   7.243056e-16 
 6675.64654111864   6.869268e-16 
 6678.47668957712   6.106451e-16 
  6681.3068380356   6.626616e-16 
 6684.13698649408   6.612932e-16 
 6686.96713495256   6.584254e-16 
 6689.79728341104   6.296533e-16 
 6692.62743186953   7.166941e-16 
 6695.45758032801    6.45046e-16 
 6698.28772878649   6.637687e-16 
 6701.11787724497    6.77673e-16 
 6703.94802570345   6.092674e-16 
 6706.77817416193   7.060464e-16 
 6709.60832262041   7.157274e-16 
 6712.43847107889   6.342319e-16 
 6715.26861953737   6.370506e-16 
 6718.09876799585   7.113089e-16 
 6720.92891645433   6.570014e-16 
 6723.75906491281   6.402403e-16 
  6726.5892133713   6.853803e-16 
 6729.41936182978   6.335571e-16 
 6732.24951028826   6.504093e-16 
 6735.07965874674   6.850149e-16 
 6737.90980720522   6.165335e-16 
  6740.7399556637   6.820689e-16 
 6743.57010412218   7.316059e-16 
 6746.40025258066    6.65069e-16 
 6749.23040103914    6.77001e-16 
 6752.06054949762   6.508051e-16 
  6754.8906979561   6.330798e-16 
 6757.72084641458   6.216003e-16 
 6760.55099487307    6.51749e-16 
 6763.38114333155   7.184757e-16 
 6766.21129179003   6.735853e-16 
 6769.04144024851   6.930894e-16 
 6771.87158870699   7.064753e-16 
 6774.70173716547   7.107847e-16 
 6777.53188562395   7.018789e-16 
 6780.36203408243   7.500743e-16 
 6783.19218254091   7.568456e-16 
 6786.02233099939   6.873246e-16 
 6788.85247945787   6.490301e-16 
 6791.68262791636   5.878906e-16 
 6794.51277637484   5.833223e-16 
 6797.34292483332   5.768967e-16 
  6800.1730732918   5.939606e-16 
 6803.00322175028   5.974422e-16 
 6805.83337020876   5.953018e-16 
 6808.66351866724   6.361509e-16 
 6811.49366712572   5.820582e-16 
  6814.3238155842   6.400211e-16 
 6817.15396404268   6.325361e-16 
 6819.98411250116   6.116743e-16 
 6822.81426095964   6.092413e-16 
 6825.64440941813   5.614621e-16 
 6828.47455787661    5.93315e-16 
 6831.30470633509   6.466098e-16 
 6834.13485479357   5.606285e-16 
 6836.96500325205   6.240482e-16 
 6839.79515171053   5.784313e-16 
 6842.62530016901   6.746363e-16 
 6845.45544862749   5.833124e-16 
 6848.28559708597   5.692085e-16 
 6851.11574554445   5.924956e-16 
 6853.94589400293   5.406656e-16 
 6856.77604246142   5.311885e-16 
  6859.6061909199   5.620117e-16 
 6862.43633937838   6.045936e-16 
 6865.26648783686   5.900426e-16 
 6868.09663629534   5.422727e-16 
 6870.92678475382    5.75602e-16 
  6873.7569332123    5.57142e-16 
 6876.58708167078   5.201891e-16 
 6879.41723012926   5.344711e-16 
 6882.24737858774   5.075992e-16 
 6885.07752704622   5.334099e-16 
 6887.90767550471   5.258438e-16 
 6890.73782396318   5.101828e-16 
 6893.56797242167   4.746994e-16 
 6896.39812088015   5.951365e-16 
 6899.22826933863   5.050949e-16 
 6902.05841779711   4.694216e-16 
 6904.88856625559   5.794717e-16 
 6907.71871471407   4.831385e-16 
 6910.54886317255   4.799188e-16 
 6913.37901163103   5.260113e-16 
 6916.20916008951   4.958399e-16 
 6919.03930854799   4.637598e-16 
 6921.86945700647   4.942499e-16 
 6924.69960546496   5.399155e-16 
 6927.52975392344   5.208438e-16 
 6930.35990238192   5.259418e-16 
  6933.1900508404   5.875389e-16 
 6936.02019929888   5.253048e-16 
 6938.85034775736   4.799076e-16 
 6941.68049621584    5.05538e-16 
 6944.51064467432   5.441684e-16 
  6947.3407931328   5.571879e-16 
 6950.17094159128    4.95312e-16 
 6953.00109004976   5.179305e-16 
 6955.83123850824   5.632569e-16 
 6958.66138696673   5.399893e-16 
 6961.49153542521   5.178319e-16 
 6964.32168388369   5.519815e-16 
 6967.15183234217   5.319837e-16 
 6969.98198080065   5.238509e-16 
 6972.81212925913   5.002228e-16 
 6975.64227771761   5.219351e-16 
 6978.47242617609   5.227664e-16 
 6981.30257463457   4.842471e-16 
 6984.13272309305   5.437383e-16 
 6986.96287155154   5.740023e-16 
 6989.79302001002    5.42723e-16 
  6992.6231684685   5.492515e-16 
 6995.45331692698   5.246213e-16 
 6998.28346538546   5.346234e-16 
 7001.11361384394   5.246561e-16 
 7003.94376230242   5.058543e-16 
  7006.7739107609   5.083423e-16 
 7009.60405921938   5.070324e-16 
 7012.43420767786   5.588051e-16 
 7015.26435613634   5.029322e-16 
 7018.09450459482   5.530793e-16 
 7020.92465305331   4.707113e-16 
 7023.75480151178   4.795803e-16 
 7026.58494997027   4.398289e-16 
 7029.41509842875   4.755179e-16 
 7032.24524688723   4.832752e-16 
 7035.07539534571   4.971622e-16 
 7037.90554380419   4.574227e-16 
 7040.73569226267   5.083113e-16 
 7043.56584072115   4.822034e-16 
 7046.39598917963   5.048832e-16 
 7049.22613763811   4.331314e-16 
 7052.05628609659   4.689489e-16 
 7054.88643455507   4.800276e-16 
 7057.71658301356   4.420241e-16 
 7060.54673147204   4.636642e-16 
 7063.37687993052   4.663605e-16 
   7066.207028389   4.559809e-16 
 7069.03717684748     4.9977e-16 
 7071.86732530596   5.098963e-16 
 7074.69747376444   5.263528e-16 
 7077.52762222292   5.317065e-16 
  7080.3577706814   4.599213e-16 
 7083.18791913988   5.020175e-16 
 7086.01806759836   4.631883e-16 
 7088.84821605684     4.3333e-16 
 7091.67836451532   4.314131e-16 
 7094.50851297381   4.760254e-16 
 7097.33866143229   4.925623e-16 
 7100.16880989077   5.073828e-16 
 7102.99895834925   4.601346e-16 
 7105.82910680773   4.495389e-16 
 7108.65925526621   4.763339e-16 
 7111.48940372469    4.60588e-16 
 7114.31955218317   4.783095e-16 
 7117.14970064165   5.156491e-16 
 7119.97984910013    5.04841e-16 
 7122.80999755861   5.064604e-16 
  7125.6401460171   5.155489e-16 
 7128.47029447558   5.205105e-16 
 7131.30044293406   5.190675e-16 
 7134.13059139254    4.58832e-16 
 7136.96073985102    5.06266e-16 
  7139.7908883095   5.026299e-16 
 7142.62103676798   4.773088e-16 
 7145.45118522646    4.80726e-16 
 7148.28133368494   5.006898e-16 
 7151.11148214342   4.770177e-16 
  7153.9416306019    4.65253e-16 
 7156.77177906038   4.700897e-16 
 7159.60192751886   5.067567e-16 
 7162.43207597735   5.156783e-16 
 7165.26222443583   4.830023e-16 
 7168.09237289431   4.905299e-16 
 7170.92252135279   5.334985e-16 
 7173.75266981127   5.298838e-16 
 7176.58281826975   5.042824e-16 
 7179.41296672823   5.017125e-16 
 7182.24311518671   5.156713e-16 
 7185.07326364519    5.79597e-16 
 7187.90341210367   5.702346e-16 
 7190.73356056215    5.44828e-16 
 7193.56370902063   5.713126e-16 
 7196.39385747912   5.479996e-16 
  7199.2240059376   4.278964e-16 
 7202.05415439608   4.923672e-16 
 7204.88430285456   4.877654e-16 
 7207.71445131304   5.230352e-16 
 7210.54459977152   5.153004e-16 
    7213.37474823   5.027991e-16 
 7216.20489668848   5.163065e-16 
 7219.03504514696   4.927494e-16 
 7221.86519360544   5.450362e-16 
 7224.69534206393   5.127226e-16 
 7227.52549052241   4.941172e-16 
 7230.35563898088   5.647308e-16 
 7233.18578743937   4.670846e-16 
 7236.01593589785   4.814936e-16 
 7238.84608435633   5.068294e-16 
 7241.67623281481   4.835977e-16 
 7244.50638127329   5.036333e-16 
 7247.33652973177   4.635788e-16 
 7250.16667819025   5.388876e-16 
 7252.99682664873   3.964985e-16 
 7255.82697510721   4.480354e-16 
 7258.65712356569   4.846211e-16 
 7261.48727202417   4.566244e-16 
 7264.31742048266   4.743862e-16 
 7267.14756894114   4.275711e-16 
 7269.97771739962   4.525599e-16 
  7272.8078658581   5.180833e-16 
 7275.63801431658   5.162205e-16 
 7278.46816277506   4.797986e-16 
 7281.29831123354    4.42864e-16 
 7284.12845969202   4.540488e-16 
  7286.9586081505   4.443357e-16 
 7289.78875660898   4.574867e-16 
 7292.61890506746   4.104883e-16 
 7295.44905352595   4.444299e-16 
 7298.27920198443   4.159212e-16 
 7301.10935044291   4.472155e-16 
 7303.93949890139   4.082268e-16 
 7306.76964735987   4.747627e-16 
 7309.59979581835   4.597345e-16 
 7312.42994427683   4.581957e-16 
 7315.26009273531   4.509769e-16 
 7318.09024119379   4.178399e-16 
 7320.92038965227   4.792056e-16 
 7323.75053811075   4.840465e-16 
 7326.58068656923   4.285248e-16 
 7329.41083502772    3.99297e-16 
  7332.2409834862   4.389628e-16 
 7335.07113194468   4.816173e-16 
 7337.90128040316   4.168692e-16 
 7340.73142886164   4.651369e-16 
 7343.56157732012   4.274253e-16 
  7346.3917257786   4.626858e-16 
 7349.22187423708   4.587071e-16 
 7352.05202269556   4.135091e-16 
 7354.88217115404   4.578012e-16 
 7357.71231961252   4.228975e-16 
 7360.54246807101   4.149641e-16 
 7363.37261652949   3.982879e-16 
 7366.20276498797   3.917806e-16 
 7369.03291344645   4.058125e-16 
 7371.86306190493   3.739596e-16 
 7374.69321036341   3.968443e-16 
 7377.52335882189   4.326308e-16 
 7380.35350728037    4.48373e-16 
 7383.18365573885   4.573652e-16 
 7386.01380419733   4.413718e-16 
 7388.84395265581   3.854484e-16 
 7391.67410111429   3.767278e-16 
 7394.50424957277   4.148866e-16 
 7397.33439803126   4.129871e-16 
 7400.16454648974   4.320167e-16 
 7402.99469494822   4.514816e-16 
  7405.8248434067   4.266111e-16 
 7408.65499186518   4.624398e-16 
 7411.48514032366   4.851267e-16 
 7414.31528878214    4.98848e-16 
 7417.14543724062   4.954398e-16 
  7419.9755856991   4.837396e-16 
 7422.80573415758   4.926615e-16 
 7425.63588261606   4.867006e-16 
 7428.46603107455   4.872884e-16 
 7431.29617953303   4.791042e-16 
 7434.12632799151   4.566954e-16 
 7436.95647644999   5.754771e-16 
 7439.78662490847   5.299331e-16 
 7442.61677336695   5.862155e-16 
 7445.44692182543   5.522283e-16 
 7448.27707028391   4.944732e-16 
 7451.10721874239   5.866944e-16 
 7453.93736720087    5.23275e-16 
 7456.76751565935    5.22462e-16 
 7459.59766411783    5.70447e-16 
 7462.42781257631   5.668218e-16 
  7465.2579610348   5.894811e-16 
 7468.08810949328   6.195556e-16 
 7470.91825795176   5.969449e-16 
 7473.74840641024   5.807597e-16 
 7476.57855486872   6.503871e-16 
  7479.4087033272   5.803657e-16 
 7482.23885178568   6.713549e-16 
 7485.06900024416    5.77233e-16 
 7487.89914870264   5.783322e-16 
 7490.72929716112   6.009793e-16 
 7493.55944561961   5.761782e-16 
 7496.38959407809   5.471597e-16 
 7499.21974253657   6.014313e-16 
 7502.04989099505   6.043503e-16 
 7504.88003945353   5.509184e-16 
 7507.71018791201   5.241061e-16 
 7510.54033637049   5.299187e-16 
 7513.37048482897   5.555693e-16 
 7516.20063328745    5.70868e-16 
 7519.03078174593   5.593911e-16 
 7521.86093020441   5.431578e-16 
  7524.6910786629   5.401575e-16 
 7527.52122712137    5.64932e-16 
 7530.35137557986   5.599955e-16 
 7533.18152403834   5.039249e-16 
 7536.01167249682   5.188356e-16 
  7538.8418209553   5.467026e-16 
 7541.67196941378   5.513003e-16 
 7544.50211787226   5.464735e-16 
 7547.33226633074   5.370664e-16 
 7550.16241478922   4.895606e-16 
  7552.9925632477   5.037204e-16 
 7555.82271170618   5.455525e-16 
 7558.65286016466   5.013665e-16 
 7561.48300862315   5.472157e-16 
 7564.31315708163   5.428926e-16 
 7567.14330554011    5.83996e-16 
 7569.97345399859   5.434047e-16 
 7572.80360245707   5.146465e-16 
 7575.63375091555    5.39656e-16 
 7578.46389937403   5.439303e-16 
 7581.29404783251   5.468374e-16 
 7584.12419629099   5.468277e-16 
 7586.95434474947   5.400377e-16 
 7589.78449320795   6.059813e-16 
 7592.61464166644   7.306992e-16 
 7595.44479012492   7.210712e-16 
  7598.2749385834   6.380974e-16 
 7601.10508704188   6.565968e-16 
 7603.93523550036   6.107461e-16 
 7606.76538395884   5.503813e-16 
 7609.59553241732   6.009689e-16 
  7612.4256808758   7.465926e-16 
 7615.25582933428   5.480693e-16 
 7618.08597779276   6.009006e-16 
 7620.91612625124   5.690058e-16 
 7623.74627470972    5.41311e-16 
  7626.5764231682    6.14108e-16 
 7629.40657162669    6.91307e-16 
 7632.23672008517   6.194764e-16 
 7635.06686854365   5.682953e-16 
 7637.89701700213   5.564834e-16 
 7640.72716546061   4.718209e-16 
 7643.55731391909   5.413306e-16 
 7646.38746237757   7.231273e-16 
 7649.21761083605   6.557788e-16 
 7652.04775929453    6.32983e-16 
 7654.87790775301   6.216814e-16 
 7657.70805621149   6.837627e-16 
 7660.53820466997   6.480288e-16 
 7663.36835312846   6.227611e-16 
 7666.19850158694   6.329515e-16 
 7669.02865004542   6.005474e-16 
  7671.8587985039   6.419016e-16 
 7674.68894696238   6.787196e-16 
 7677.51909542086   6.758962e-16 
 7680.34924387934   6.159206e-16 
 7683.17939233782   6.375982e-16 
  7686.0095407963   6.082207e-16 
 7688.83968925478   5.967341e-16 
 7691.66983771326   6.374432e-16 
 7694.49998617174   5.500971e-16 
 7697.33013463023   5.828523e-16 
 7700.16028308871   6.625095e-16 
 7702.99043154719   6.508841e-16 
 7705.82058000567   6.196239e-16 
 7708.65072846415   5.841222e-16 
 7711.48087692263   5.626897e-16 
 7714.31102538111   5.959909e-16 
 7717.14117383959   5.399905e-16 
 7719.97132229807   5.368044e-16 
 7722.80147075655   6.158277e-16 
 7725.63161921504   5.393055e-16 
 7728.46176767351   5.254507e-16 
   7731.291916132   5.478619e-16 
 7734.12206459048   5.373092e-16 
 7736.95221304896   5.471333e-16 
 7739.78236150744   5.205702e-16 
 7742.61250996592   4.888746e-16 
  7745.4426584244   4.499149e-16 
 7748.27280688288   4.394829e-16 
 7751.10295534136   4.862954e-16 
 7753.93310379984   5.278456e-16 
 7756.76325225832   5.097438e-16 
  7759.5934007168   4.809512e-16 
 7762.42354917528   4.224928e-16 
 7765.25369763377   4.303496e-16 
 7768.08384609225   5.157776e-16 
 7770.91399455073   5.021892e-16 
 7773.74414300921   4.639785e-16 
 7776.57429146769    5.07504e-16 
 7779.40443992617   4.846655e-16 
 7782.23458838465   4.749412e-16 
 7785.06473684313   4.773761e-16 
 7787.89488530161   4.254239e-16 
 7790.72503376009   4.641411e-16 
 7793.55518221857   4.359067e-16 
 7796.38533067705   4.236724e-16 
 7799.21547913554   4.125765e-16 
 7802.04562759402   3.989562e-16 
  7804.8757760525   4.240304e-16 
 7807.70592451098   3.942499e-16 
 7810.53607296946   4.486694e-16 
 7813.36622142794   4.425795e-16 
 7816.19636988642   3.710261e-16 
  7819.0265183449   4.030601e-16 
 7821.85666680338   4.903444e-16 
 7824.68681526186   4.676499e-16 
 7827.51696372034   4.088629e-16 
 7830.34711217883   4.771571e-16 
 7833.17726063731    3.89556e-16 
 7836.00740909579   4.014773e-16 
 7838.83755755427   4.397708e-16 
 7841.66770601275   4.505631e-16 
 7844.49785447123   4.005539e-16 
 7847.32800292971    4.59821e-16 
 7850.15815138819   4.727169e-16 
 7852.98829984667   4.404787e-16 
 7855.81844830515   4.253802e-16 
 7858.64859676363   3.748814e-16 
 7861.47874522211   4.293968e-16 
 7864.30889368059   4.781775e-16 
 7867.13904213908   4.950381e-16 
 7869.96919059756    4.52613e-16 
 7872.79933905604   4.876326e-16 
 7875.62948751452   4.029817e-16 
   7878.459635973   4.080385e-16 
 7881.28978443148   3.997977e-16 
 7884.11993288996   4.648335e-16 
 7886.95008134844   5.008038e-16 
 7889.78022980692   4.587739e-16 
  7892.6103782654   4.767146e-16 
 7895.44052672388   4.602379e-16 
 7898.27067518236   4.567032e-16 
 7901.10082364085   4.765412e-16 
 7903.93097209933   4.035618e-16 
 7906.76112055781   5.278872e-16 
 7909.59126901629   4.893495e-16 
 7912.42141747477   5.628765e-16 
 7915.25156593325   5.516297e-16 
 7918.08171439173   5.078129e-16 
 7920.91186285021   5.560868e-16 
 7923.74201130869   6.062595e-16 
 7926.57215976717   5.682503e-16 
 7929.40230822565   5.705466e-16 
 7932.23245668414   5.340886e-16 
 7935.06260514261    5.80645e-16 
  7937.8927536011   5.803704e-16 
 7940.72290205958   5.721229e-16 
 7943.55305051806   5.671652e-16 
 7946.38319897654   5.437979e-16 
 7949.21334743502   5.941121e-16 
  7952.0434958935   6.411242e-16 
 7954.87364435198   6.170543e-16 
 7957.70379281046   6.081911e-16 
 7960.53394126894   5.993819e-16 
 7963.36408972742   6.664341e-16 
  7966.1942381859   6.798583e-16 
 7969.02438664439   6.206105e-16 
 7971.85453510287   6.880025e-16 
 7974.68468356135   6.672505e-16 
 7977.51483201983   6.506276e-16 
 7980.34498047831   6.460796e-16 
 7983.17512893679   6.548636e-16 
 7986.00527739527   6.298227e-16 
 7988.83542585375   6.631271e-16 
 7991.66557431223   6.319799e-16 
 7994.49572277071   6.260832e-16 
  7997.3258712292   6.627864e-16 
 8000.15601968768   6.542929e-16 
 8002.98616814616   6.837242e-16 
 8005.81631660464   6.128637e-16 
 8008.64646506312   6.508919e-16 
  8011.4766135216   6.712697e-16 
 8014.30676198008   6.261643e-16 
 8017.13691043856   6.496269e-16 
 8019.96705889704   6.564027e-16 
 8022.79720735552   6.435807e-16 
   8025.627355814   6.837098e-16 
 8028.45750427248   6.678357e-16 
 8031.28765273097   7.168945e-16 
 8034.11780118945   7.437984e-16 
 8036.94794964793   6.917695e-16 
 8039.77809810641   6.491839e-16 
 8042.60824656489   6.957233e-16 
 8045.43839502337   6.877541e-16 
 8048.26854348185   6.414062e-16 
 8051.09869194033   6.630547e-16 
 8053.92884039881   6.696234e-16 
 8056.75898885729   6.826225e-16 
 8059.58913731577   7.046038e-16 
 8062.41928577425   7.405196e-16 
 8065.24943423274   7.683004e-16 
 8068.07958269122   7.418588e-16 
  8070.9097311497   6.840932e-16 
 8073.73987960818   6.770955e-16 
 8076.57002806666   7.594496e-16 
 8079.40017652514   7.717195e-16 
 8082.23032498362   7.329825e-16 
  8085.0604734421   7.589515e-16 
 8087.89062190058   7.410872e-16 
 8090.72077035906   6.499613e-16 
 8093.55091881754   6.687131e-16 
 8096.38106727602   6.933218e-16 
 8099.21121573451   7.207912e-16 
 8102.04136419299   7.203467e-16 
 8104.87151265147   7.458842e-16 
 8107.70166110995   7.005163e-16 
 8110.53180956843   7.008902e-16 
 8113.36195802691   7.270161e-16 
 8116.19210648539   6.922518e-16 
 8119.02225494387   6.852537e-16 
 8121.85240340235   6.999829e-16 
 8124.68255186083    7.33426e-16 
 8127.51270031932    6.91435e-16 
  8130.3428487778   6.929884e-16 
 8133.17299723628     7.2296e-16 
 8136.00314569475   7.616465e-16 
 8138.83329415324   7.772451e-16 
 8141.66344261172   7.146542e-16 
  8144.4935910702   7.455286e-16 
 8147.32373952868   7.546623e-16 
 8150.15388798716   6.842422e-16 
 8152.98403644564   7.272909e-16 
 8155.81418490412   7.003754e-16 
  8158.6443333626   7.552247e-16 
 8161.47448182108    7.36667e-16 
 8164.30463027956   7.687292e-16 
 8167.13477873805   7.847008e-16 
 8169.96492719653   7.334961e-16 
 8172.79507565501   7.151693e-16 
 8175.62522411349   7.177257e-16 
 8178.45537257197   6.905505e-16 
 8181.28552103045    6.43926e-16 
 8184.11566948893   6.552738e-16 
 8186.94581794741   6.560575e-16 
 8189.77596640589   5.923571e-16 
 8192.60611486437   6.095159e-16 
 8195.43626332285   6.700055e-16 
 8198.26641178134   7.514419e-16 
 8201.09656023982   7.114402e-16 
  8203.9267086983   7.013754e-16 
 8206.75685715678   6.796284e-16 
 8209.58700561526   6.243299e-16 
 8212.41715407374   6.703309e-16 
 8215.24730253222   6.402573e-16 
  8218.0774509907   5.795124e-16 
 8220.90759944918   6.224886e-16 
 8223.73774790766   7.282191e-16 
 8226.56789636614   6.284912e-16 
 8229.39804482462   6.566536e-16 
  8232.2281932831   6.996746e-16 
 8235.05834174159   6.833812e-16 
 8237.88849020007   6.808081e-16 
 8240.71863865855   5.994133e-16 
 8243.54878711703   5.797833e-16 
 8246.37893557551   5.665862e-16 
 8249.20908403399   5.475493e-16 
 8252.03923249247    5.44425e-16 
 8254.86938095095    5.52969e-16 
 8257.69952940943   5.898954e-16 
 8260.52967786791   5.948162e-16 
 8263.35982632639   5.714877e-16 
 8266.18997478488   6.011183e-16 
 8269.02012324336   5.885167e-16 
 8271.85027170184   5.671892e-16 
 8274.68042016032   5.067665e-16 
  8277.5105686188   5.406951e-16 
 8280.34071707728   5.122238e-16 
 8283.17086553576   5.938259e-16 
 8286.00101399424   4.968783e-16 
 8288.83116245272   4.598781e-16 
  8291.6613109112   5.312386e-16 
 8294.49145936968   4.927066e-16 
 8297.32160782816   5.182346e-16 
 8300.15175628664    5.13429e-16 
 8302.98190474513    5.12945e-16 
 8305.81205320361   5.455256e-16 
 8308.64220166209   4.965372e-16 
 8311.47235012057   5.190234e-16 
 8314.30249857905   5.850301e-16 
 8317.13264703753   5.251358e-16 
 8319.96279549601   5.152761e-16 
 8322.79294395449   5.510707e-16 
 8325.62309241297   4.593588e-16 
 8328.45324087145   4.531297e-16 
 8331.28338932993   4.427157e-16 
 8334.11353778842    4.80742e-16 
  8336.9436862469   4.674961e-16 
 8339.77383470538   4.086823e-16 
 8342.60398316386   3.579812e-16 
 8345.43413162234   4.398578e-16 
 8348.26428008082   5.425231e-16 
  8351.0944285393   5.332688e-16 
 8353.92457699778    5.17401e-16 
 8356.75472545626   5.292537e-16 
 8359.58487391474   4.381752e-16 
 8362.41502237322   5.086077e-16 
  8365.2451708317   4.830951e-16 
 8368.07531929018   4.422344e-16 
 8370.90546774867   4.328152e-16 
 8373.73561620715   4.289401e-16 
 8376.56576466563    4.50759e-16 
 8379.39591312411   4.733391e-16 
 8382.22606158259   5.454868e-16 
 8385.05621004107    4.06486e-16 
 8387.88635849955   3.982626e-16 
 8390.71650695803   4.247629e-16 
 8393.54665541651   3.800784e-16 
 8396.37680387499   4.355391e-16 
 8399.20695233347   4.308306e-16 
 8402.03710079195   3.460125e-16 
 8404.86724925044    3.78526e-16 
 8407.69739770892   3.753757e-16 
  8410.5275461674   3.708593e-16 
 8413.35769462588   3.894883e-16 
 8416.18784308436   3.956973e-16 
 8419.01799154284   4.139179e-16 
 8421.84814000132   4.656677e-16 
  8424.6782884598    4.81853e-16 
 8427.50843691828   4.616765e-16 
 8430.33858537676   3.822339e-16 
 8433.16873383524   3.345554e-16 
 8435.99888229373   3.682859e-16 
 8438.82903075221   4.313977e-16 
 8441.65917921069   3.867823e-16 
 8444.48932766917   3.625506e-16 
 8447.31947612765   3.404955e-16 
 8450.14962458613   2.643856e-16 
 8452.97977304461   2.532799e-16 
 8455.80992150309   3.914193e-16 
 8458.64006996157   3.608548e-16 
 8461.47021842005   1.895143e-16 
 8464.30036687853   3.095534e-16 
 8467.13051533702   2.791117e-16 
 8469.96066379549   3.071258e-16 
 8472.79081225398   3.051358e-16 
 8475.62096071246   2.205192e-16 
 8478.45110917094   3.059901e-16 
 8481.28125762942   2.596659e-16 
  8484.1114060879    1.97489e-16 
 8486.94155454638   2.605987e-16 
 8489.77170300486   2.788394e-16 
 8492.60185146334   2.142835e-16 
 8495.43199992182   1.560031e-16 
  8498.2621483803   2.241336e-16 
 8501.09229683878    2.50461e-16 
 8503.92244529727   2.228241e-16 
 8506.75259375575    1.76478e-16 
 8509.58274221423   1.426497e-16 
 8512.41289067271   1.652548e-16 
 8515.24303913119   2.370826e-16 
 8518.07318758967   1.764303e-16 
 8520.90333604815   1.558044e-16 
 8523.73348450663   2.092469e-16 
 8526.56363296511   2.122641e-16 
 8529.39378142359   1.926367e-16 
 8532.22392988207   1.972189e-16 
 8535.05407834055   2.026554e-16 
 8537.88422679904   2.314913e-16 
 8540.71437525752   1.788768e-16 
   8543.544523716   1.896219e-16 
 8546.37467217448   1.687631e-16 
 8549.20482063296    1.93728e-16 
 8552.03496909144   2.112604e-16 
 8554.86511754992   1.801122e-16 
  8557.6952660084   2.048593e-16 
 8560.52541446688   1.435576e-16 
 8563.35556292536   1.865965e-16 
 8566.18571138384    1.83038e-16 
 8569.01585984233   1.626586e-16 
 8571.84600830081   2.106344e-16 
 8574.67615675929   1.898594e-16 
 8577.50630521777   1.485314e-16 
 8580.33645367625   2.138673e-16 
 8583.16660213473   1.826786e-16 
 8585.99675059321   1.715958e-16 
 8588.82689905169   1.852642e-16 
 8591.65704751017   9.860043e-17 
 8594.48719596865   1.767632e-16 
 8597.31734442713   2.454595e-16 
 8600.14749288562   1.590033e-16 
  8602.9776413441   1.504669e-16 
 8605.80778980258   1.861596e-16 
 8608.63793826106   1.696817e-16 
 8611.46808671954   2.028698e-16 
 8614.29823517802     2.4506e-16 
  8617.1283836365   2.219958e-16 
 8619.95853209498   2.281611e-16 
 8622.78868055346   1.874326e-16 
 8625.61882901194   2.732247e-16 
 8628.44897747042   2.837228e-16 
  8631.2791259289    1.37819e-16 
 8634.10927438739   1.806369e-16 
 8636.93942284587   1.794785e-16 
 8639.76957130435   2.740101e-16 
 8642.59971976283   2.003783e-16 
 8645.42986822131   2.200314e-16 
 8648.26001667979   3.169535e-16 
 8651.09016513827   2.948796e-16 
 8653.92031359675   2.774652e-16 
 8656.75046205523   2.372393e-16 
 8659.58061051371   2.068109e-16 
  8662.4107589722   2.878167e-16 
 8665.24090743068    3.08868e-16 
 8668.07105588915   3.044126e-16 
 8670.90120434763   3.436016e-16 
 8673.73135280612   2.840581e-16 
  8676.5615012646   3.335452e-16 
 8679.39164972308   2.999062e-16 
 8682.22179818156   3.497197e-16 
 8685.05194664004   3.492278e-16 
 8687.88209509852   3.254749e-16 
   8690.712243557   2.838573e-16 
 8693.54239201548   3.067031e-16 
 8696.37254047396   3.132456e-16 
 8699.20268893244   2.666197e-16 
 8702.03283739093    2.31387e-16 
 8704.86298584941   3.174886e-16 
 8707.69313430789   3.356716e-16 
 8710.52328276637   2.553881e-16 
 8713.35343122485   3.106214e-16 
 8716.18357968333   3.418419e-16 
 8719.01372814181   3.302355e-16 
 8721.84387660029   3.525192e-16 
 8724.67402505877   3.757558e-16 
 8727.50417351725     3.2277e-16 
 8730.33432197573   3.207563e-16 
 8733.16447043421   2.587985e-16 
  8735.9946188927   3.036936e-16 
 8738.82476735118   3.461906e-16 
 8741.65491580966   3.456392e-16 
 8744.48506426814   3.450604e-16 
 8747.31521272662   3.444498e-16 
  8750.1453611851   3.438038e-16 
 8752.97550964358   3.431236e-16 
 8755.80565810206    3.42404e-16 
 8758.63580656054   3.416482e-16 
 8761.46595501902   3.408545e-16 
  8764.2961034775   3.400231e-16 
