# STATUS =
# OBJECT = 2020wnt
# TELESCOPE = Ekar
# INSTRUMENT = AFOSC
# DATE-OBS = 2021-04-07 00:00:00.000
# MJD = 59311.8
# EXPTIME =
# AIRMASS =
# SLIT =
# DISPERSER =
# SOURCE =
# FILTER =
# RESOLUTION =
# FLUX_STANDARD =
# EXTINCTION_CORRECTED = True
# PHOTOMETRY_CALIBRATED =
# TELLURIC_CORRECTED = True
# FLUX_UNITS =
# WAVE_UNITS =
# QUALITY =
# MIN_WAVE = 5001.5
# MAX_WAVE = 9301.50016593935
# COMMENT =
       Wavelength           Flux 
 5005.70743656158   6.014422e-17 
 5009.91487312317   1.005043e-16 
 5014.12230968475   9.817707e-17 
 5018.32974624634   1.278536e-16 
 5022.53718280792   1.207161e-16 
 5026.74461936951   2.722017e-17 
 5030.95205593109   1.504712e-17 
 5035.15949249268   1.209609e-16 
 5039.36692905426   6.845444e-17 
 5043.57436561585   -4.18282e-17 
 5047.78180217743   2.565242e-17 
 5051.98923873901   1.278224e-16 
  5056.1966753006   5.042858e-17 
 5060.40411186218     1.8012e-17 
 5064.61154842377   1.049849e-16 
 5068.81898498535   1.119867e-17 
 5073.02642154694   6.132961e-17 
 5077.23385810852    1.21003e-16 
 5081.44129467011   1.641252e-17 
 5085.64873123169  -1.836092e-17 
 5089.85616779327   1.259895e-16 
 5094.06360435486   1.541129e-16 
 5098.27104091644    6.06202e-17 
 5102.47847747803   1.946941e-16 
 5106.68591403961   3.259987e-16 
  5110.8933506012   2.696656e-16 
 5115.10078716278   1.912255e-16 
 5119.30822372437   2.079202e-16 
 5123.51566028595    2.19748e-16 
 5127.72309684753   1.521825e-16 
 5131.93053340912   1.562337e-16 
  5136.1379699707   1.602399e-16 
 5140.34540653229   8.332538e-17 
 5144.55284309387   1.347879e-16 
 5148.76027965546   9.117342e-17 
 5152.96771621704   1.104683e-16 
 5157.17515277863   1.507868e-16 
 5161.38258934021   1.347235e-16 
 5165.59002590179   1.330427e-16 
 5169.79746246338   7.520696e-17 
 5174.00489902497   2.378509e-16 
 5178.21233558655   1.642354e-16 
 5182.41977214813   1.388457e-16 
 5186.62720870972   1.208076e-16 
  5190.8346452713   4.518622e-17 
 5195.04208183289   1.912614e-16 
 5199.24951839447   9.523851e-17 
 5203.45695495606   1.480878e-16 
 5207.66439151764   1.376166e-16 
 5211.87182807922   4.677992e-17 
 5216.07926464081    7.37202e-17 
 5220.28670120239   8.886417e-17 
 5224.49413776398   1.236807e-16 
 5228.70157432556   6.023611e-17 
 5232.90901088715   1.310669e-16 
 5237.11644744873   1.454768e-16 
 5241.32388401032   5.589959e-17 
  5245.5313205719   3.520866e-17 
 5249.73875713348   3.835816e-17 
 5253.94619369507   1.317501e-16 
 5258.15363025666   8.607538e-17 
 5262.36106681824    1.07204e-16 
 5266.56850337982   1.876122e-16 
 5270.77593994141   7.212515e-17 
 5274.98337650299   1.433084e-16 
 5279.19081306458   1.517137e-16 
 5283.39824962616    1.22232e-16 
 5287.60568618775   1.132819e-16 
 5291.81312274933   7.920162e-17 
 5296.02055931091    6.16894e-17 
  5300.2279958725   1.717129e-16 
 5304.43543243408   1.586298e-16 
 5308.64286899567    7.18666e-17 
 5312.85030555725   9.182779e-17 
 5317.05774211884   1.525474e-16 
 5321.26517868042   9.717932e-17 
   5325.472615242   6.998341e-17 
 5329.68005180359   1.356704e-16 
 5333.88748836518   1.328202e-16 
 5338.09492492676   8.500566e-17 
 5342.30236148834   1.102019e-16 
 5346.50979804993   9.658156e-17 
 5350.71723461151   6.454334e-17 
  5354.9246711731   1.430485e-16 
 5359.13210773468   1.225431e-16 
 5363.33954429627   8.073052e-18 
 5367.54698085785    5.93879e-17 
 5371.75441741943   1.563785e-16 
 5375.96185398102   1.051265e-16 
  5380.1692905426   9.911868e-17 
 5384.37672710419   1.812723e-16 
 5388.58416366577   2.262134e-16 
 5392.79160022736   2.276061e-16 
 5396.99903678894   1.085369e-16 
 5401.20647335053   8.257042e-17 
 5405.41390991211   1.176164e-16 
 5409.62134647369   1.487451e-16 
 5413.82878303528   1.144395e-16 
 5418.03621959686   1.239771e-16 
 5422.24365615845   1.590956e-16 
 5426.45109272003   1.314768e-16 
 5430.65852928162   8.279433e-17 
  5434.8659658432   5.932083e-17 
 5439.07340240479   1.183351e-16 
 5443.28083896637   1.510849e-16 
 5447.48827552796   1.828561e-17 
 5451.69571208954   1.481465e-16 
 5455.90314865113   2.027065e-16 
 5460.11058521271   7.408285e-17 
 5464.31802177429   9.281948e-17 
 5468.52545833588   1.423512e-16 
 5472.73289489746   9.963309e-17 
 5476.94033145905   1.004784e-16 
 5481.14776802063   1.086237e-16 
 5485.35520458222   9.700068e-17 
  5489.5626411438   2.280499e-16 
 5493.77007770539   1.655634e-16 
 5497.97751426697   1.833169e-16 
 5502.18495082856   2.474397e-16 
 5506.39238739014   1.856969e-16 
 5510.59982395172   1.420489e-16 
 5514.80726051331   1.669706e-16 
 5519.01469707489   1.615858e-16 
 5523.22213363648   2.096418e-16 
 5527.42957019806   1.373759e-16 
 5531.63700675965   1.576015e-16 
 5535.84444332123   2.198752e-16 
 5540.05187988281   1.319274e-16 
  5544.2593164444   1.357681e-16 
 5548.46675300598    1.85254e-16 
 5552.67418956757   1.356548e-16 
 5556.88162612915   1.145938e-16 
 5561.08906269074   1.543529e-16 
 5565.29649925232    1.37605e-16 
 5569.50393581391   2.051576e-16 
 5573.71137237549   2.239628e-16 
 5577.91880893708   1.129043e-16 
 5582.12624549866   4.672235e-18 
 5586.33368206024   2.103674e-16 
 5590.54111862183   1.682486e-16 
 5594.74855518341   1.510347e-16 
   5598.955991745   1.451105e-16 
 5603.16342830658   7.519119e-17 
 5607.37086486817   1.170652e-16 
 5611.57830142975   2.235375e-16 
 5615.78573799133   1.594955e-16 
 5619.99317455292   1.269862e-16 
 5624.20061111451   1.422594e-16 
 5628.40804767609   1.584902e-16 
 5632.61548423767   1.991565e-16 
 5636.82292079926   1.743619e-16 
 5641.03035736084   1.705111e-16 
 5645.23779392243   2.508569e-16 
 5649.44523048401    1.69392e-16 
  5653.6526670456    9.95446e-17 
 5657.86010360718   1.484791e-16 
 5662.06754016877   1.567817e-16 
 5666.27497673035   1.338835e-16 
 5670.48241329193    1.56823e-16 
 5674.68984985352   2.310986e-16 
  5678.8972864151   2.021587e-16 
 5683.10472297669   2.147164e-16 
 5687.31215953827   2.262092e-16 
 5691.51959609986    2.18277e-16 
 5695.72703266144   1.588459e-16 
 5699.93446922302   1.678041e-16 
 5704.14190578461   1.391863e-16 
 5708.34934234619   1.998088e-16 
 5712.55677890778   1.498821e-16 
 5716.76421546936   1.514668e-16 
 5720.97165203095   2.231917e-16 
 5725.17908859253   2.388256e-16 
 5729.38652515412   2.528751e-16 
  5733.5939617157   1.777653e-16 
 5737.80139827729   1.411713e-16 
 5742.00883483887   1.241669e-16 
 5746.21627140046   1.606362e-16 
 5750.42370796204   1.691928e-16 
 5754.63114452362   1.854677e-16 
 5758.83858108521   2.203825e-16 
 5763.04601764679   2.276581e-16 
 5767.25345420838    1.52974e-16 
 5771.46089076996   9.969491e-17 
 5775.66832733155   7.989227e-17 
 5779.87576389313   1.109556e-16 
 5784.08320045472   1.281236e-16 
  5788.2906370163   1.224459e-16 
 5792.49807357788   1.553068e-16 
 5796.70551013947   1.708826e-16 
 5800.91294670105   2.141945e-16 
 5805.12038326264   1.447433e-16 
 5809.32781982422   1.186176e-16 
 5813.53525638581   1.777315e-16 
 5817.74269294739   1.396454e-16 
 5821.95012950898   1.261547e-16 
 5826.15756607056   1.620673e-16 
 5830.36500263214   1.362936e-16 
 5834.57243919373    1.09094e-16 
 5838.77987575531   1.341222e-16 
  5842.9873123169   7.783122e-17 
 5847.19474887848   1.693787e-16 
 5851.40218544007   1.481984e-16 
 5855.60962200165   9.796465e-17 
 5859.81705856324   1.332527e-16 
 5864.02449512482   4.392823e-17 
  5868.2319316864   1.156697e-16 
 5872.43936824799   1.636095e-16 
 5876.64680480957   8.766027e-17 
 5880.85424137116   6.852313e-17 
 5885.06167793274   1.078961e-16 
 5889.26911449433   6.395074e-17 
 5893.47655105591   1.768664e-17 
  5897.6839876175   8.011368e-17 
 5901.89142417908   1.373858e-16 
 5906.09886074067   1.250756e-16 
 5910.30629730225   6.601175e-17 
 5914.51373386383   7.172649e-17 
 5918.72117042542   8.415405e-17 
   5922.928606987   9.765757e-17 
 5927.13604354859    1.28683e-16 
 5931.34348011017   7.869945e-17 
 5935.55091667176   8.658014e-17 
 5939.75835323334   6.863509e-17 
 5943.96578979493   2.689895e-17 
 5948.17322635651   6.834942e-17 
 5952.38066291809   1.035463e-16 
 5956.58809947968   9.996755e-17 
 5960.79553604126   1.153112e-16 
 5965.00297260285   1.091754e-16 
 5969.21040916443   8.993967e-17 
 5973.41784572602   1.042528e-16 
  5977.6252822876   7.503905e-17 
 5981.83271884919   7.436663e-17 
 5986.04015541077   9.640404e-17 
 5990.24759197235   1.130913e-16 
 5994.45502853394   9.943011e-17 
 5998.66246509552   4.811489e-17 
 6002.86990165711   7.252156e-17 
 6007.07733821869   1.005569e-16 
 6011.28477478028   1.061444e-16 
 6015.49221134186   8.005725e-17 
 6019.69964790345   4.877558e-17 
 6023.90708446503   9.038294e-17 
 6028.11452102662   8.818316e-17 
  6032.3219575882   1.039024e-16 
 6036.52939414978     1.1141e-16 
 6040.73683071137   8.540889e-17 
 6044.94426727295   6.081332e-17 
 6049.15170383454   5.852182e-17 
 6053.35914039612    8.11178e-17 
 6057.56657695771   1.026115e-16 
 6061.77401351929   1.040078e-16 
 6065.98145008088   1.005553e-16 
 6070.18888664246   1.003458e-16 
 6074.39632320404   8.895702e-17 
 6078.60375976563   1.163964e-16 
 6082.81119632721   1.915574e-16 
  6087.0186328888   1.490151e-16 
 6091.22606945038   6.470777e-17 
 6095.43350601197   1.029631e-16 
 6099.64094257355   1.279242e-16 
 6103.84837913514   1.458999e-16 
 6108.05581569672   1.834297e-16 
  6112.2632522583   1.137677e-16 
 6116.47068881989   1.206236e-16 
 6120.67812538147    1.55301e-16 
 6124.88556194306   1.348323e-16 
 6129.09299850464   1.402054e-16 
 6133.30043506623   1.329499e-16 
 6137.50787162781   1.167956e-16 
  6141.7153081894   1.489799e-16 
 6145.92274475098   1.433701e-16 
 6150.13018131256   8.616491e-17 
 6154.33761787415   1.070032e-16 
 6158.54505443573   6.255354e-17 
 6162.75249099732    6.86267e-17 
  6166.9599275589   1.164188e-16 
 6171.16736412049   1.296703e-16 
 6175.37480068207   6.946782e-17 
 6179.58223724366   1.004293e-16 
 6183.78967380524   1.269925e-16 
 6187.99711036683    7.66404e-17 
 6192.20454692841   6.900505e-17 
 6196.41198348999   1.429326e-16 
 6200.61942005158   1.187029e-16 
 6204.82685661316   1.172651e-16 
 6209.03429317475   1.380891e-16 
 6213.24172973633   1.425664e-16 
 6217.44916629792   1.252254e-16 
  6221.6566028595   8.145562e-17 
 6225.86403942109   8.032055e-17 
 6230.07147598267   8.040301e-17 
 6234.27891254425   1.000866e-16 
 6238.48634910584   1.288676e-16 
 6242.69378566742   1.117424e-16 
 6246.90122222901    1.31375e-16 
 6251.10865879059   1.394557e-16 
 6255.31609535218   1.202756e-16 
 6259.52353191376   1.267558e-16 
 6263.73096847535   1.148811e-16 
 6267.93840503693   1.056585e-16 
 6272.14584159851   1.079202e-16 
  6276.3532781601   1.080631e-16 
 6280.56071472168   1.086581e-16 
 6284.76815128327   7.809319e-17 
 6288.97558784485   1.145515e-16 
 6293.18302440644   7.756545e-17 
 6297.39046096802   7.142785e-17 
 6301.59789752961   1.258918e-16 
 6305.80533409119   1.507679e-16 
 6310.01277065277   2.023222e-16 
 6314.22020721436   1.295749e-16 
 6318.42764377594   6.856318e-17 
 6322.63508033753   8.052658e-17 
 6326.84251689911   1.250278e-16 
  6331.0499534607   1.063238e-16 
 6335.25739002228   1.179635e-16 
 6339.46482658387   1.159474e-16 
 6343.67226314545   9.258264e-17 
 6347.87969970704   1.203628e-16 
 6352.08713626862   1.339053e-16 
  6356.2945728302   1.394347e-16 
 6360.50200939179   1.576426e-16 
 6364.70944595337   1.740404e-16 
 6368.91688251496   1.708106e-16 
 6373.12431907654   1.286433e-16 
 6377.33175563813    1.36153e-16 
 6381.53919219971   1.546139e-16 
  6385.7466287613   1.531771e-16 
 6389.95406532288   1.533216e-16 
 6394.16150188447   1.642254e-16 
 6398.36893844605   1.394049e-16 
 6402.57637500763   1.712661e-16 
 6406.78381156922   1.869728e-16 
  6410.9912481308   1.574381e-16 
 6415.19868469239    1.98355e-16 
 6419.40612125397    1.62663e-16 
 6423.61355781556   1.383356e-16 
 6427.82099437714     1.3987e-16 
 6432.02843093872   1.572359e-16 
 6436.23586750031   1.542352e-16 
 6440.44330406189   1.645349e-16 
 6444.65074062348    1.70014e-16 
 6448.85817718506   1.569279e-16 
 6453.06561374665   1.522357e-16 
 6457.27305030823   1.531332e-16 
 6461.48048686982   1.511881e-16 
  6465.6879234314   1.388363e-16 
 6469.89535999299   1.479042e-16 
 6474.10279655457   1.708329e-16 
 6478.31023311615   1.418095e-16 
 6482.51766967774   1.275581e-16 
 6486.72510623932   1.232727e-16 
 6490.93254280091   1.088254e-16 
 6495.13997936249    1.11159e-16 
 6499.34741592408   1.341204e-16 
 6503.55485248566    1.00267e-16 
 6507.76228904725   1.215593e-16 
 6511.96972560883   1.138389e-16 
 6516.17716217042   9.912099e-17 
   6520.384598732   1.194311e-16 
 6524.59203529358   9.032359e-17 
 6528.79947185517   1.311579e-16 
 6533.00690841675   1.467077e-16 
 6537.21434497834   1.188718e-16 
 6541.42178153992   1.304835e-16 
 6545.62921810151   1.458736e-16 
 6549.83665466309   1.247079e-16 
 6554.04409122468   1.445416e-16 
 6558.25152778626   1.613914e-16 
 6562.45896434785   1.367417e-16 
 6566.66640090943   1.366803e-16 
 6570.87383747101   1.381413e-16 
  6575.0812740326   1.420594e-16 
 6579.28871059418   1.536351e-16 
 6583.49614715577   1.594955e-16 
 6587.70358371735   1.277838e-16 
 6591.91102027894   1.439547e-16 
 6596.11845684052    1.51148e-16 
 6600.32589340211   1.366071e-16 
 6604.53332996369   1.446659e-16 
 6608.74076652527   1.880459e-16 
 6612.94820308686   1.811944e-16 
 6617.15563964844   1.538037e-16 
 6621.36307621003   1.717966e-16 
 6625.57051277161   2.006711e-16 
  6629.7779493332   1.789989e-16 
 6633.98538589478   1.882348e-16 
 6638.19282245637   2.012593e-16 
 6642.40025901795   2.055513e-16 
 6646.60769557954   2.145851e-16 
 6650.81513214112    2.05598e-16 
  6655.0225687027   1.888081e-16 
 6659.23000526429    1.85058e-16 
 6663.43744182587   1.951884e-16 
 6667.64487838746   1.960856e-16 
 6671.85231494904   1.830995e-16 
 6676.05975151063   2.050968e-16 
 6680.26718807221    1.86138e-16 
  6684.4746246338   1.760925e-16 
 6688.68206119538   1.906633e-16 
 6692.88949775696   1.805579e-16 
 6697.09693431855   1.820796e-16 
 6701.30437088013   1.731405e-16 
 6705.51180744172   1.774127e-16 
  6709.7192440033   1.900648e-16 
 6713.92668056489    1.65106e-16 
 6718.13411712647   1.861966e-16 
 6722.34155368805   1.963031e-16 
 6726.54899024964   1.923562e-16 
 6730.75642681122   1.849497e-16 
 6734.96386337281   1.793549e-16 
 6739.17129993439   1.837412e-16 
 6743.37873649598    2.05879e-16 
 6747.58617305756   2.036932e-16 
 6751.79360961915   1.967059e-16 
 6756.00104618073   1.866148e-16 
 6760.20848274232   2.129935e-16 
  6764.4159193039   2.426894e-16 
 6768.62335586548   2.473728e-16 
 6772.83079242707   2.367422e-16 
 6777.03822898865   2.377376e-16 
 6781.24566555024    2.41357e-16 
 6785.45310211182   2.287442e-16 
 6789.66053867341   1.795714e-16 
 6793.86797523499   1.530611e-16 
 6798.07541179657   1.533271e-16 
 6802.28284835816   1.703399e-16 
 6806.49028491974   1.611156e-16 
 6810.69772148133   1.392868e-16 
 6814.90515804291   1.339745e-16 
  6819.1125946045   1.648266e-16 
 6823.32003116608   1.675882e-16 
 6827.52746772767   1.539588e-16 
 6831.73490428925   1.586605e-16 
 6835.94234085084   1.611135e-16 
 6840.14977741242   1.676764e-16 
   6844.357213974   1.325498e-16 
 6848.56465053559    1.26755e-16 
 6852.77208709717   1.469067e-16 
 6856.97952365876   1.560855e-16 
 6861.18696022034   1.354712e-16 
 6865.39439678193   1.407046e-16 
 6869.60183334351   1.464122e-16 
  6873.8092699051   1.529437e-16 
 6878.01670646668     1.3416e-16 
 6882.22414302827   1.266891e-16 
 6886.43157958985   1.520718e-16 
 6890.63901615143   1.262046e-16 
 6894.84645271302   1.364703e-16 
  6899.0538892746    1.44318e-16 
 6903.26132583619   1.285091e-16 
 6907.46876239777   1.357588e-16 
 6911.67619895936   1.561608e-16 
 6915.88363552094   1.514126e-16 
 6920.09107208253   1.374451e-16 
 6924.29850864411   1.368273e-16 
  6928.5059452057   1.225752e-16 
 6932.71338176728    1.23707e-16 
 6936.92081832886   1.337102e-16 
 6941.12825489045   1.297162e-16 
 6945.33569145203   1.368571e-16 
 6949.54312801362   1.280045e-16 
  6953.7505645752   1.259832e-16 
 6957.95800113679   1.198669e-16 
 6962.16543769837   1.264696e-16 
 6966.37287425996   1.422421e-16 
 6970.58031082154   1.296343e-16 
 6974.78774738312   1.233706e-16 
 6978.99518394471   1.365093e-16 
 6983.20262050629   1.339079e-16 
 6987.41005706788   1.226189e-16 
 6991.61749362946   1.169789e-16 
 6995.82493019105   1.095653e-16 
 7000.03236675263   1.109392e-16 
 7004.23980331422   1.094322e-16 
  7008.4472398758   1.226599e-16 
 7012.65467643739   1.183582e-16 
 7016.86211299897   1.266368e-16 
 7021.06954956055   1.191237e-16 
 7025.27698612214   1.097539e-16 
 7029.48442268372   9.277193e-17 
 7033.69185924531   1.108619e-16 
 7037.89929580689    1.15089e-16 
 7042.10673236848   1.227767e-16 
 7046.31416893006   1.173156e-16 
 7050.52160549164   9.593796e-17 
 7054.72904205323   1.084974e-16 
 7058.93647861481   1.263229e-16 
  7063.1439151764   1.057404e-16 
 7067.35135173798   9.904814e-17 
 7071.55878829957   1.156805e-16 
 7075.76622486115   1.245104e-16 
 7079.97366142274   1.122857e-16 
 7084.18109798432   9.931125e-17 
  7088.3885345459    1.07071e-16 
 7092.59597110749     1.2003e-16 
 7096.80340766908    1.11247e-16 
 7101.01084423066   1.237836e-16 
 7105.21828079224   1.278917e-16 
 7109.42571735383    1.12308e-16 
 7113.63315391541   1.033789e-16 
   7117.840590477   1.053791e-16 
 7122.04802703858   1.286429e-16 
 7126.25546360017   1.305629e-16 
 7130.46290016175   1.156972e-16 
 7134.67033672333   1.276387e-16 
 7138.87777328492   8.122377e-17 
  7143.0852098465   9.899295e-17 
 7147.29264640809   1.289033e-16 
 7151.50008296967   1.171616e-16 
 7155.70751953126   1.174463e-16 
 7159.91495609284   1.039539e-16 
 7164.12239265443   1.131419e-16 
 7168.32982921601    1.17944e-16 
  7172.5372657776   1.113399e-16 
 7176.74470233918   1.056414e-16 
 7180.95213890077   1.196074e-16 
 7185.15957546235   1.310964e-16 
 7189.36701202393    1.24974e-16 
 7193.57444858552   1.264402e-16 
  7197.7818851471   1.448152e-16 
 7201.98932170869   1.228438e-16 
 7206.19675827027   1.221265e-16 
 7210.40419483186   1.335382e-16 
 7214.61163139344   1.297665e-16 
 7218.81906795502   1.244795e-16 
 7223.02650451661   1.136781e-16 
 7227.23394107819   1.121933e-16 
 7231.44137763978   1.296157e-16 
 7235.64881420136    1.20803e-16 
 7239.85625076295   1.423587e-16 
 7244.06368732453   1.690986e-16 
 7248.27112388612   1.540905e-16 
  7252.4785604477   1.350835e-16 
 7256.68599700929   1.283018e-16 
 7260.89343357087    1.19714e-16 
 7265.10087013245   1.283031e-16 
 7269.30830669404    1.28828e-16 
 7273.51574325562   1.241875e-16 
 7277.72317981721   1.295524e-16 
 7281.93061637879   1.257731e-16 
 7286.13805294038   1.313979e-16 
 7290.34548950196    1.35008e-16 
 7294.55292606355   1.066978e-16 
 7298.76036262513   7.508763e-17 
 7302.96779918672   8.885352e-17 
  7307.1752357483   9.869788e-17 
 7311.38267230988   1.054512e-16 
 7315.59010887147   1.114224e-16 
 7319.79754543305   1.127889e-16 
 7324.00498199464   1.058739e-16 
 7328.21241855622   1.013823e-16 
 7332.41985511781   1.084609e-16 
 7336.62729167939   1.294709e-16 
 7340.83472824097   1.257121e-16 
 7345.04216480256   1.098569e-16 
 7349.24960136414   1.214286e-16 
 7353.45703792573   1.237033e-16 
 7357.66447448731   1.269854e-16 
  7361.8719110489   1.517678e-16 
 7366.07934761048   1.212107e-16 
 7370.28678417206    1.28343e-16 
 7374.49422073365   1.446647e-16 
 7378.70165729524   1.218965e-16 
 7382.90909385682    1.15595e-16 
  7387.1165304184   1.355588e-16 
 7391.32396697999    1.16322e-16 
 7395.53140354157   1.243377e-16 
 7399.73884010316   1.638008e-16 
 7403.94627666474    1.38778e-16 
 7408.15371322633   1.436595e-16 
 7412.36114978791   1.294782e-16 
  7416.5685863495   1.315802e-16 
 7420.77602291108   1.551398e-16 
 7424.98345947266   1.524445e-16 
 7429.19089603425   1.525936e-16 
 7433.39833259583   1.464552e-16 
 7437.60576915742   1.536546e-16 
   7441.813205719   1.839208e-16 
 7446.02064228059    1.91918e-16 
 7450.22807884217   1.814717e-16 
 7454.43551540375    1.75444e-16 
 7458.64295196534   1.840823e-16 
 7462.85038852692   2.040168e-16 
 7467.05782508851   2.014262e-16 
 7471.26526165009   1.891437e-16 
 7475.47269821168   1.900258e-16 
 7479.68013477326   1.890396e-16 
 7483.88757133485   2.059949e-16 
 7488.09500789643   2.140711e-16 
 7492.30244445802   1.976507e-16 
  7496.5098810196    1.84839e-16 
 7500.71731758119   1.855688e-16 
 7504.92475414277   1.939313e-16 
 7509.13219070435   2.024612e-16 
 7513.33962726594   1.775843e-16 
 7517.54706382752   1.867583e-16 
 7521.75450038911   2.043299e-16 
 7525.96193695069   1.907903e-16 
 7530.16937351228   1.829585e-16 
 7534.37681007386   1.853578e-16 
 7538.58424663545   1.742397e-16 
 7542.79168319703   1.706241e-16 
 7546.99911975861    1.96196e-16 
  7551.2065563202    1.93068e-16 
 7555.41399288178   1.923706e-16 
 7559.62142944337   1.972053e-16 
 7563.82886600495   1.995836e-16 
 7568.03630256654   2.069681e-16 
 7572.24373912812   1.977498e-16 
 7576.45117568971   1.752531e-16 
 7580.65861225129   1.764419e-16 
 7584.86604881288   1.837759e-16 
 7589.07348537446   1.725731e-16 
 7593.28092193604   1.669967e-16 
 7597.48835849763   1.818354e-16 
 7601.69579505921   1.991414e-16 
  7605.9032316208   1.706034e-16 
 7610.11066818238   1.771248e-16 
 7614.31810474397   1.947064e-16 
 7618.52554130555   2.014139e-16 
 7622.73297786714   1.795073e-16 
 7626.94041442872   1.527497e-16 
  7631.1478509903   1.589469e-16 
 7635.35528755189   1.802491e-16 
 7639.56272411347   1.660149e-16 
 7643.77016067506   1.571946e-16 
 7647.97759723664   1.908771e-16 
 7652.18503379823   1.953848e-16 
 7656.39247035981   1.863857e-16 
  7660.5999069214   1.800862e-16 
 7664.80734348298   1.848354e-16 
 7669.01478004457   1.655495e-16 
 7673.22221660615   1.558028e-16 
 7677.42965316773   1.537748e-16 
 7681.63708972932    1.40708e-16 
  7685.8445262909   1.475561e-16 
 7690.05196285249   1.573689e-16 
 7694.25939941407   1.347087e-16 
 7698.46683597566   1.497337e-16 
 7702.67427253724    1.61326e-16 
 7706.88170909883   1.508061e-16 
 7711.08914566041   1.478672e-16 
 7715.29658222199   1.548262e-16 
 7719.50401878358   1.747642e-16 
 7723.71145534516   1.666259e-16 
 7727.91889190675   1.457718e-16 
 7732.12632846833   1.411287e-16 
 7736.33376502992   1.634281e-16 
  7740.5412015915    1.56047e-16 
 7744.74863815309   1.460761e-16 
 7748.95607471467   1.519328e-16 
 7753.16351127625   1.237619e-16 
 7757.37094783784   1.515295e-16 
 7761.57838439942   1.471303e-16 
 7765.78582096101   1.263116e-16 
 7769.99325752259   1.448274e-16 
 7774.20069408418   1.226239e-16 
 7778.40813064576   1.189743e-16 
 7782.61556720735    1.39375e-16 
 7786.82300376893   1.392791e-16 
 7791.03044033051   1.097157e-16 
  7795.2378768921   8.670367e-17 
 7799.44531345368    1.00573e-16 
 7803.65275001527   1.232344e-16 
 7807.86018657685   1.310413e-16 
 7812.06762313844   1.255905e-16 
 7816.27505970002   1.250086e-16 
 7820.48249626161   1.021838e-16 
 7824.68993282319   8.576684e-17 
 7828.89736938478   9.523538e-17 
 7833.10480594636   9.697085e-17 
 7837.31224250795   9.403981e-17 
 7841.51967906953   9.967642e-17 
 7845.72711563111   9.487723e-17 
  7849.9345521927    1.09296e-16 
 7854.14198875428   1.260329e-16 
 7858.34942531587   9.999733e-17 
 7862.55686187745   1.054675e-16 
 7866.76429843904   1.153792e-16 
 7870.97173500062   9.750947e-17 
  7875.1791715622   1.037859e-16 
 7879.38660812379   9.994934e-17 
 7883.59404468537   1.150268e-16 
 7887.80148124696   1.190283e-16 
 7892.00891780854   1.127813e-16 
 7896.21635437013   1.003439e-16 
 7900.42379093171   1.345984e-16 
  7904.6312274933   1.280479e-16 
 7908.83866405488   1.107991e-16 
 7913.04610061646   1.214876e-16 
 7917.25353717805   1.328736e-16 
 7921.46097373963   1.601784e-16 
 7925.66841030122   1.920024e-16 
  7929.8758468628   1.848773e-16 
 7934.08328342439   1.603041e-16 
 7938.29071998597   1.745503e-16 
 7942.49815654756   1.871336e-16 
 7946.70559310914   1.887771e-16 
 7950.91302967072   1.893103e-16 
 7955.12046623231   1.819084e-16 
 7959.32790279389   2.025202e-16 
 7963.53533935548   2.086133e-16 
 7967.74277591706   1.986213e-16 
 7971.95021247865   1.959984e-16 
 7976.15764904023   2.161335e-16 
 7980.36508560182   2.356787e-16 
  7984.5725221634   2.354365e-16 
 7988.77995872499   2.276482e-16 
 7992.98739528657   2.290493e-16 
 7997.19483184815   2.592119e-16 
 8001.40226840974   2.340616e-16 
 8005.60970497132   2.264829e-16 
 8009.81714153291   2.248636e-16 
 8014.02457809449    2.37144e-16 
 8018.23201465608   2.361792e-16 
 8022.43945121766   2.323464e-16 
 8026.64688777925   2.366369e-16 
 8030.85432434083   2.415215e-16 
 8035.06176090241   2.511357e-16 
   8039.269197464   2.383555e-16 
 8043.47663402558   2.222951e-16 
 8047.68407058717   2.328101e-16 
 8051.89150714875   2.627053e-16 
 8056.09894371034   2.529726e-16 
 8060.30638027192   2.409697e-16 
 8064.51381683351   2.268302e-16 
 8068.72125339509   2.205308e-16 
 8072.92868995667   2.238834e-16 
 8077.13612651826   2.115585e-16 
 8081.34356307984   2.297037e-16 
 8085.55099964143   2.386332e-16 
 8089.75843620301   2.253309e-16 
  8093.9658727646   2.162241e-16 
 8098.17330932618   2.268239e-16 
 8102.38074588777   2.123658e-16 
 8106.58818244935   2.042063e-16 
 8110.79561901093   2.050023e-16 
 8115.00305557252   2.119229e-16 
 8119.21049213411   2.205443e-16 
 8123.41792869569   2.166229e-16 
 8127.62536525727   2.258293e-16 
 8131.83280181886   2.277816e-16 
 8136.04023838044   1.943613e-16 
 8140.24767494203   1.942155e-16 
 8144.45511150361   1.982759e-16 
  8148.6625480652   1.907376e-16 
 8152.86998462678    1.95465e-16 
 8157.07742118837   2.011025e-16 
 8161.28485774995   1.942239e-16 
 8165.49229431153   1.954663e-16 
 8169.69973087312   1.885564e-16 
  8173.9071674347   1.792139e-16 
 8178.11460399629   1.709704e-16 
 8182.32204055787   1.688616e-16 
 8186.52947711946   1.704701e-16 
 8190.73691368104   1.808732e-16 
 8194.94435024263   1.856339e-16 
 8199.15178680421   1.907702e-16 
 8203.35922336579   1.717862e-16 
 8207.56665992738   1.723169e-16 
 8211.77409648896   1.904923e-16 
 8215.98153305055   1.800001e-16 
 8220.18896961213   1.792628e-16 
 8224.39640617372   1.761907e-16 
  8228.6038427353   1.530542e-16 
 8232.81127929689   1.426631e-16 
 8237.01871585847     1.6013e-16 
 8241.22615242005    1.67024e-16 
 8245.43358898164   1.568471e-16 
 8249.64102554322   1.537564e-16 
 8253.84846210481   1.581027e-16 
 8258.05589866639    1.46058e-16 
 8262.26333522798   1.457581e-16 
 8266.47077178956   1.374055e-16 
 8270.67820835115   1.369326e-16 
 8274.88564491273   1.466557e-16 
 8279.09308147432   1.277322e-16 
  8283.3005180359   1.320868e-16 
 8287.50795459748   1.505182e-16 
 8291.71539115907   1.461925e-16 
 8295.92282772065   1.515965e-16 
 8300.13026428224    1.38958e-16 
 8304.33770084382    1.32911e-16 
 8308.54513740541   1.397246e-16 
 8312.75257396699   1.329629e-16 
 8316.96001052858   1.375191e-16 
 8321.16744709016   1.438998e-16 
 8325.37488365174   1.132106e-16 
 8329.58232021333   9.978902e-17 
 8333.78975677491    1.32336e-16 
  8337.9971933365   9.196043e-17 
 8342.20462989808   9.388478e-17 
 8346.41206645967   9.580869e-17 
 8350.61950302125   9.773261e-17 
 8354.82693958284   1.673085e-16 
 8359.03437614442   1.563751e-16 
   8363.241812706   9.488529e-17 
 8367.44924926759   9.733882e-17 
 8371.65668582917   1.309508e-16 
 8375.86412239076   1.234217e-16 
 8380.07155895234   9.219289e-17 
 8384.27899551393   1.007594e-16 
 8388.48643207551   1.162667e-16 
  8392.6938686371   9.623143e-17 
 8396.90130519868   9.911483e-17 
 8401.10874176026   1.253026e-16 
 8405.31617832185   1.375514e-16 
 8409.52361488344   1.240576e-16 
 8413.73105144502   9.362783e-17 
  8417.9384880066   7.482485e-17 
 8422.14592456819   1.047225e-16 
 8426.35336112977   1.098005e-16 
 8430.56079769136   9.294646e-17 
 8434.76823425294   1.033226e-16 
 8438.97567081453   1.010374e-16 
 8443.18310737611   6.583648e-17 
 8447.39054393769   6.141221e-17 
 8451.59798049928   9.907828e-17 
 8455.80541706086   7.365536e-17 
 8460.01285362245   5.995876e-17 
 8464.22029018403   7.858411e-17 
 8468.42772674562   8.632454e-17 
  8472.6351633072   6.304049e-17 
 8476.84259986879   5.869969e-17 
 8481.05003643037   7.528583e-17 
 8485.25747299196   6.370557e-17 
 8489.46490955354   4.715636e-17 
 8493.67234611512   6.005774e-17 
 8497.87978267671   5.919584e-17 
 8502.08721923829    5.65385e-17 
 8506.29465579988   4.716069e-17 
 8510.50209236146   4.664256e-17 
 8514.70952892305   4.647314e-17 
 8518.91696548463   4.954874e-17 
 8523.12440204621   6.117842e-17 
  8527.3318386078   5.643359e-17 
 8531.53927516938   4.742297e-17 
 8535.74671173097   6.226738e-17 
 8539.95414829255   4.283144e-17 
 8544.16158485414    5.90348e-17 
 8548.36902141572   5.993755e-17 
 8552.57645797731   3.560201e-17 
 8556.78389453889   5.099924e-17 
 8560.99133110047   3.736069e-17 
 8565.19876766206   4.376231e-17 
 8569.40620422364   5.483941e-17 
 8573.61364078523   3.786046e-17 
 8577.82107734681   3.780374e-17 
  8582.0285139084   5.173613e-17 
 8586.23595046998   5.572586e-17 
 8590.44338703157   4.561218e-17 
 8594.65082359315   4.091342e-17 
 8598.85826015474   5.380933e-17 
 8603.06569671632   5.616765e-17 
  8607.2731332779   4.814008e-17 
 8611.48056983949   3.683161e-17 
 8615.68800640107   5.688066e-17 
 8619.89544296266   6.696832e-17 
 8624.10287952424   6.414551e-17 
 8628.31031608583    7.12044e-17 
 8632.51775264741   7.249314e-17 
   8636.725189209   6.941048e-17 
 8640.93262577058   7.661283e-17 
 8645.14006233216   8.581268e-17 
 8649.34749889375   7.858716e-17 
 8653.55493545533   7.576153e-17 
 8657.76237201692   8.369434e-17 
  8661.9698085785   9.139797e-17 
 8666.17724514009   1.119405e-16 
 8670.38468170167   1.338147e-16 
 8674.59211826326   1.234922e-16 
 8678.79955482484    1.17363e-16 
 8683.00699138642   1.023633e-16 
 8687.21442794801   1.047964e-16 
 8691.42186450959    1.27107e-16 
 8695.62930107118   1.201688e-16 
 8699.83673763276   1.350484e-16 
 8704.04417419435   1.449432e-16 
 8708.25161075593   1.385926e-16 
 8712.45904731752   1.346621e-16 
  8716.6664838791   1.331818e-16 
 8720.87392044068   1.285973e-16 
 8725.08135700227   1.348801e-16 
 8729.28879356385   1.553044e-16 
 8733.49623012544   1.474963e-16 
 8737.70366668702    1.27633e-16 
 8741.91110324861   1.166758e-16 
 8746.11853981019   1.323304e-16 
 8750.32597637178   1.624852e-16 
 8754.53341293336   2.064654e-16 
 8758.74084949495    1.71799e-16 
 8762.94828605653   1.844447e-16 
 8767.15572261811   2.067211e-16 
  8771.3631591797   1.893745e-16 
 8775.57059574128    2.58867e-16 
 8779.77803230287   2.466642e-16 
 8783.98546886445   2.142931e-16 
 8788.19290542604   2.353471e-16 
 8792.40034198762   2.626429e-16 
 8796.60777854921   2.792411e-16 
 8800.81521511079   2.891015e-16 
 8805.02265167238   2.701328e-16 
 8809.23008823396   2.420184e-16 
 8813.43752479554   2.750001e-16 
 8817.64496135713   2.508204e-16 
 8821.85239791872   2.736878e-16 
  8826.0598344803   3.100511e-16 
 8830.26727104188   3.343953e-16 
 8834.47470760347   3.760683e-16 
 8838.68214416505   3.523051e-16 
 8842.88958072664   3.595511e-16 
 8847.09701728822   4.026182e-16 
 8851.30445384981   3.873352e-16 
 8855.51189041139    3.94779e-16 
 8859.71932697298   3.835823e-16 
 8863.92676353456   3.546984e-16 
 8868.13420009614   3.695164e-16 
 8872.34163665773   4.740032e-16 
 8876.54907321931   4.057502e-16 
  8880.7565097809   3.476632e-16 
 8884.96394634248   4.126939e-16 
 8889.17138290407   4.641385e-16 
 8893.37881946565   4.333806e-16 
 8897.58625602724   3.929013e-16 
 8901.79369258882   3.751945e-16 
  8906.0011291504   3.521586e-16 
 8910.20856571199   3.668909e-16 
 8914.41600227357   3.885727e-16 
 8918.62343883516   3.457037e-16 
 8922.83087539674   3.653408e-16 
 8927.03831195833   3.731196e-16 
 8931.24574851991   3.579348e-16 
 8935.45318508149   3.758094e-16 
 8939.66062164308   3.567256e-16 
 8943.86805820466   3.988532e-16 
 8948.07549476625   4.239209e-16 
 8952.28293132783   4.046662e-16 
 8956.49036788942   4.133172e-16 
   8960.697804451   3.985064e-16 
 8964.90524101259   3.852602e-16 
 8969.11267757417   3.786905e-16 
 8973.32011413576   3.666578e-16 
 8977.52755069734    3.53418e-16 
 8981.73498725892   3.169687e-16 
 8985.94242382051    2.97724e-16 
 8990.14986038209   3.295359e-16 
 8994.35729694368   3.350749e-16 
 8998.56473350526   3.309344e-16 
 9002.77217006685   3.159683e-16 
 9006.97960662843   2.939558e-16 
 9011.18704319002   2.850853e-16 
  9015.3944797516   2.992528e-16 
 9019.60191631318   2.893139e-16 
 9023.80935287477   2.913185e-16 
 9028.01678943635   2.955472e-16 
 9032.22422599794   2.905732e-16 
 9036.43166255952   2.869933e-16 
 9040.63909912111   2.849462e-16 
 9044.84653568269   2.658039e-16 
 9049.05397224428   2.672479e-16 
 9053.26140880586   2.744553e-16 
 9057.46884536744   2.694656e-16 
 9061.67628192903   2.628057e-16 
 9065.88371849061    2.32672e-16 
  9070.0911550522   2.252304e-16 
 9074.29859161378   2.293551e-16 
 9078.50602817537   2.264007e-16 
 9082.71346473695   2.189914e-16 
 9086.92090129854   2.177332e-16 
 9091.12833786012   1.970219e-16 
  9095.3357744217   1.939209e-16 
 9099.54321098329   2.022445e-16 
 9103.75064754487   2.076056e-16 
 9107.95808410646   2.146829e-16 
 9112.16552066804   2.101383e-16 
 9116.37295722963   1.914141e-16 
 9120.58039379121   1.754091e-16 
  9124.7878303528   1.783769e-16 
 9128.99526691438   1.926056e-16 
 9133.20270347596   1.764553e-16 
 9137.41014003755   1.741296e-16 
 9141.61757659914   1.656138e-16 
 9145.82501316072    1.51453e-16 
  9150.0324497223   1.682634e-16 
 9154.23988628389   1.804848e-16 
 9158.44732284547   1.659323e-16 
 9162.65475940706   1.648785e-16 
 9166.86219596864   1.608775e-16 
 9171.06963253023   1.446641e-16 
 9175.27706909181   1.342254e-16 
  9179.4845056534   1.599109e-16 
 9183.69194221498   1.460763e-16 
 9187.89937877657   1.418864e-16 
 9192.10681533815   1.501114e-16 
 9196.31425189973   1.253589e-16 
 9200.52168846132   1.422828e-16 
  9204.7291250229   1.496862e-16 
 9208.93656158449   1.483652e-16 
 9213.14399814607   1.640758e-16 
 9217.35143470766   1.806717e-16 
 9221.55887126924    1.44211e-16 
 9225.76630783082   1.495854e-16 
 9229.97374439241   1.578508e-16 
 9234.18118095399   1.334939e-16 
 9238.38861751558   1.546088e-16 
 9242.59605407716   1.256436e-16 
 9246.80349063875    1.15814e-16 
 9251.01092720033   1.381892e-16 
 9255.21836376192   1.486417e-16 
  9259.4258003235   1.381387e-16 
 9263.63323688509   1.336292e-16 
 9267.84067344667   1.260556e-16 
 9272.04811000825    1.19384e-16 
 9276.25554656984   1.154078e-16 
 9280.46298313142   1.278813e-16 
 9284.67041969301   1.322651e-16 
 9288.87785625459   1.103312e-16 
 9293.08529281618   9.019664e-17 
 9297.29272937776   9.187816e-17 
 9301.50016593935   7.185385e-17 
