# STATUS =
# OBJECT = 2020wnt
# TELESCOPE = LJT
# INSTRUMENT = YFOSC
# DATE-OBS = 2021-01-01 00:00:00.000
# MJD = 59215.7
# EXPTIME =
# AIRMASS =
# SLIT =
# DISPERSER =
# SOURCE =
# FILTER =
# RESOLUTION =
# FLUX_STANDARD =
# EXTINCTION_CORRECTED = True
# PHOTOMETRY_CALIBRATED =
# TELLURIC_CORRECTED = True
# FLUX_UNITS =
# WAVE_UNITS =
# QUALITY =
# MIN_WAVE = 3499.72729492188
# MAX_WAVE = 8765.00253963473
# COMMENT =
       Wavelength           Flux 
  3502.5580880642   2.149908e-16 
 3505.38888120652  -2.142121e-16 
 3508.21967434884   2.928716e-16 
 3511.05046749116   1.211671e-16 
 3513.88126063348   5.198726e-16 
  3516.7120537758  -3.073071e-16 
 3519.54284691812   4.380768e-16 
 3522.37364006043   2.098743e-16 
 3525.20443320275   1.374976e-16 
 3528.03522634507   7.669769e-16 
 3530.86601948739   3.718626e-16 
 3533.69681262971   5.296967e-16 
 3536.52760577203   7.290046e-16 
 3539.35839891435   3.567927e-16 
 3542.18919205666   4.137398e-16 
 3545.01998519898   3.208537e-17 
  3547.8507783413   3.897272e-16 
 3550.68157148362   1.828018e-16 
 3553.51236462594    5.09401e-16 
 3556.34315776826   3.457267e-16 
 3559.17395091058   1.163388e-15 
  3562.0047440529   4.919189e-16 
 3564.83553719521   7.373636e-16 
 3567.66633033753   3.761863e-16 
 3570.49712347985   4.528204e-16 
 3573.32791662217   8.988595e-16 
 3576.15870976449   4.831278e-16 
 3578.98950290681   5.064063e-16 
 3581.82029604913   2.270063e-16 
 3584.65108919145   7.146136e-16 
 3587.48188233376   4.668067e-16 
 3590.31267547608   7.057734e-16 
  3593.1434686184   6.555994e-16 
 3595.97426176072   4.408312e-16 
 3598.80505490304   4.989315e-16 
 3601.63584804536   9.488717e-16 
 3604.46664118768   4.591797e-16 
    3607.29743433    5.76821e-16 
 3610.12822747231   6.076444e-16 
 3612.95902061463   7.116576e-16 
 3615.78981375695   7.152386e-16 
 3618.62060689927   1.033789e-15 
 3621.45140004159   6.399556e-16 
 3624.28219318391   4.468792e-16 
 3627.11298632623   7.592921e-16 
 3629.94377946855   6.515606e-16 
 3632.77457261086    5.04756e-16 
 3635.60536575318   6.177119e-16 
  3638.4361588955   4.343361e-16 
 3641.26695203782   6.498975e-16 
 3644.09774518014   3.263555e-16 
 3646.92853832246   6.361758e-16 
 3649.75933146478   5.244349e-16 
  3652.5901246071   3.990134e-16 
 3655.42091774941   8.394796e-16 
 3658.25171089173   8.390022e-16 
 3661.08250403405   1.045218e-15 
 3663.91329717637   1.046414e-15 
 3666.74409031869   6.523176e-16 
 3669.57488346101   6.633728e-16 
 3672.40567660333    9.29006e-16 
 3675.23646974565   3.925369e-16 
 3678.06726288796   9.379189e-16 
 3680.89805603028   9.658576e-16 
  3683.7288491726   3.183321e-16 
 3686.55964231492   4.583845e-16 
 3689.39043545724   5.397136e-16 
 3692.22122859956   7.159291e-16 
 3695.05202174188    7.60795e-16 
 3697.88281488419   6.974596e-16 
 3700.71360802651   4.721343e-16 
 3703.54440116883   7.496395e-16 
 3706.37519431115   3.142499e-16 
 3709.20598745347   6.075323e-16 
 3712.03678059579   5.160923e-16 
 3714.86757373811   6.826333e-16 
 3717.69836688043   4.924724e-16 
 3720.52916002274   5.609933e-16 
 3723.35995316506   4.299944e-16 
 3726.19074630738   7.685374e-16 
  3729.0215394497   4.272304e-16 
 3731.85233259202   3.179618e-16 
 3734.68312573434   8.232283e-16 
 3737.51391887666   5.815741e-16 
 3740.34471201898   8.184933e-16 
 3743.17550516129   8.162423e-16 
 3746.00629830361   5.207241e-16 
 3748.83709144593   5.631268e-16 
 3751.66788458825   1.044933e-15 
 3754.49867773057   7.100268e-16 
 3757.32947087289   4.660817e-16 
 3760.16026401521   3.712533e-16 
 3762.99105715753   5.121903e-16 
 3765.82185029985   6.495746e-16 
 3768.65264344216   7.204234e-16 
 3771.48343658448   3.505713e-16 
  3774.3142297268   8.435433e-16 
 3777.14502286912   8.638379e-16 
 3779.97581601144   6.340954e-16 
 3782.80660915376   8.850027e-16 
 3785.63740229608   1.027622e-15 
 3788.46819543839   4.973183e-16 
 3791.29898858071   1.048839e-15 
 3794.12978172303   8.134874e-16 
 3796.96057486535   7.695406e-16 
 3799.79136800767   7.448766e-16 
 3802.62216114999   1.088424e-15 
 3805.45295429231   9.995574e-16 
 3808.28374743463   1.055792e-15 
 3811.11454057694   9.644803e-16 
 3813.94533371926   1.070115e-15 
 3816.77612686158   9.786114e-16 
  3819.6069200039   1.256261e-15 
 3822.43771314622   9.337245e-16 
 3825.26850628854    9.88802e-16 
 3828.09929943086   6.812446e-16 
 3830.93009257318   8.020438e-16 
 3833.76088571549   1.030604e-15 
 3836.59167885781   7.688227e-16 
 3839.42247200013   8.007138e-16 
 3842.25326514245   9.456722e-16 
 3845.08405828477   8.216493e-16 
 3847.91485142709   6.663312e-16 
 3850.74564456941   1.272601e-15 
 3853.57643771173   8.974843e-16 
 3856.40723085404   7.351193e-16 
 3859.23802399636   8.692035e-16 
 3862.06881713868   9.952177e-16 
   3864.899610281   1.013473e-15 
 3867.73040342332   8.806647e-16 
 3870.56119656564   8.803873e-16 
 3873.39198970796   1.041078e-15 
 3876.22278285028   9.179197e-16 
 3879.05357599259   7.027836e-16 
 3881.88436913491   9.229759e-16 
 3884.71516227723   9.735615e-16 
 3887.54595541955   6.450779e-16 
 3890.37674856187    9.07915e-16 
 3893.20754170419   7.776429e-16 
 3896.03833484651   7.790745e-16 
 3898.86912798883   7.389139e-16 
 3901.69992113114    8.91384e-16 
 3904.53071427346   1.098975e-15 
 3907.36150741578   5.656424e-16 
  3910.1923005581   8.415539e-16 
 3913.02309370042   6.803364e-16 
 3915.85388684274   5.784384e-16 
 3918.68467998506   7.559051e-16 
 3921.51547312738   5.549887e-16 
 3924.34626626969   8.519813e-16 
 3927.17705941201   7.035452e-16 
 3930.00785255433   6.937299e-16 
 3932.83864569665   6.767797e-16 
 3935.66943883897   8.488431e-16 
 3938.50023198129   6.385499e-16 
 3941.33102512361   6.127353e-16 
 3944.16181826592   9.310805e-16 
 3946.99261140824   6.612778e-16 
 3949.82340455056   7.515606e-16 
 3952.65419769288   8.879734e-16 
  3955.4849908352   6.674087e-16 
 3958.31578397752   7.491625e-16 
 3961.14657711984   4.450808e-16 
 3963.97737026216   7.225484e-16 
 3966.80816340447   4.584357e-16 
 3969.63895654679   6.041782e-16 
 3972.46974968911   9.336602e-16 
 3975.30054283143   8.819785e-16 
 3978.13133597375   6.170006e-16 
 3980.96212911607   7.923404e-16 
 3983.79292225839   9.270325e-16 
 3986.62371540071   6.673832e-16 
 3989.45450854302   9.289943e-16 
 3992.28530168534   9.309181e-16 
 3995.11609482766   1.042526e-15 
 3997.94688796998   9.765822e-16 
  4000.7776811123   7.304796e-16 
 4003.60847425462   8.394239e-16 
 4006.43926739694   8.167245e-16 
 4009.27006053925    8.91105e-16 
 4012.10085368157   9.563629e-16 
 4014.93164682389   9.016857e-16 
 4017.76243996621   8.449677e-16 
 4020.59323310853   1.105121e-15 
 4023.42402625085   8.926492e-16 
 4026.25481939317   9.283782e-16 
 4029.08561253549   8.326861e-16 
 4031.91640567781   1.104172e-15 
 4034.74719882012   9.846958e-16 
 4037.57799196244   6.849586e-16 
 4040.40878510476   1.028861e-15 
 4043.23957824708   7.224693e-16 
  4046.0703713894   5.431107e-16 
 4048.90116453172   8.473246e-16 
 4051.73195767404   9.014083e-16 
 4054.56275081636   1.056772e-15 
 4057.39354395868   1.002038e-15 
 4060.22433710099   9.856662e-16 
 4063.05513024331   7.250146e-16 
 4065.88592338563   1.058417e-15 
 4068.71671652795   9.871958e-16 
 4071.54750967027   9.874023e-16 
 4074.37830281259   1.229147e-15 
  4077.2090959549   9.716116e-16 
 4080.03988909722   1.144582e-15 
 4082.87068223954   1.420104e-15 
 4085.70147538186    1.20402e-15 
 4088.53226852418   8.595332e-16 
  4091.3630616665   1.106479e-15 
 4094.19385480882   1.170271e-15 
 4097.02464795114    9.69389e-16 
 4099.85544109346   1.094159e-15 
 4102.68623423577    1.24447e-15 
 4105.51702737809   1.123215e-15 
 4108.34782052041   1.016491e-15 
 4111.17861366273   9.228601e-16 
 4114.00940680505   1.199659e-15 
 4116.84019994737   1.073894e-15 
 4119.67099308969    1.18041e-15 
 4122.50178623201   1.275462e-15 
 4125.33257937432   1.175859e-15 
 4128.16337251664   9.223173e-16 
 4130.99416565896   1.267353e-15 
 4133.82495880128   8.650178e-16 
  4136.6557519436   8.804266e-16 
 4139.48654508592   8.723475e-16 
 4142.31733822824   7.902433e-16 
 4145.14813137056   9.245096e-16 
 4147.97892451287   8.309333e-16 
 4150.80971765519   9.897423e-16 
 4153.64051079751   7.504612e-16 
 4156.47130393983   8.558477e-16 
 4159.30209708215   7.587146e-16 
 4162.13289022447   8.963125e-16 
 4164.96368336679   9.630336e-16 
 4167.79447650911   7.237287e-16 
 4170.62526965142   6.752534e-16 
 4173.45606279374   9.121442e-16 
 4176.28685593606   7.706509e-16 
 4179.11764907838    9.62663e-16 
  4181.9484422207   8.613452e-16 
 4184.77923536302   8.821998e-16 
 4187.61002850534   1.210322e-15 
 4190.44082164765   7.975111e-16 
 4193.27161478997   1.051575e-15 
 4196.10240793229   8.582247e-16 
 4198.93320107461   1.004712e-15 
 4201.76399421693   9.555081e-16 
 4204.59478735925   8.718611e-16 
 4207.42558050157   1.066632e-15 
 4210.25637364389   1.053366e-15 
 4213.08716678621   7.817859e-16 
 4215.91795992852   7.356477e-16 
 4218.74875307084    5.90402e-16 
 4221.57954621316    8.89324e-16 
 4224.41033935548    7.70754e-16 
  4227.2411324978   9.789863e-16 
 4230.07192564012   8.581533e-16 
 4232.90271878243   1.032817e-15 
 4235.73351192476   9.345164e-16 
 4238.56430506707   8.176602e-16 
 4241.39509820939   8.090964e-16 
 4244.22589135171    1.00989e-15 
 4247.05668449403   8.084808e-16 
 4249.88747763635    1.13424e-15 
 4252.71827077867   8.147848e-16 
 4255.54906392099   8.528912e-16 
  4258.3798570633   8.724037e-16 
 4261.21065020562   1.044466e-15 
 4264.04144334794   9.348495e-16 
 4266.87223649026   8.409493e-16 
 4269.70302963258   8.537349e-16 
  4272.5338227749   8.882645e-16 
 4275.36461591722    7.28855e-16 
 4278.19540905954   8.261509e-16 
 4281.02620220185   8.488351e-16 
 4283.85699534417   8.167795e-16 
 4286.68778848649   9.331839e-16 
 4289.51858162881   7.974469e-16 
 4292.34937477113   9.033647e-16 
 4295.18016791345   7.219285e-16 
 4298.01096105577   7.907229e-16 
 4300.84175419808    8.20222e-16 
  4303.6725473404   9.040558e-16 
 4306.50334048272   8.417673e-16 
 4309.33413362504   9.567749e-16 
 4312.16492676736   1.018716e-15 
 4314.99571990968   9.179329e-16 
   4317.826513052   9.989259e-16 
 4320.65730619432   1.105561e-15 
 4323.48809933664   9.292935e-16 
 4326.31889247895   1.025733e-15 
 4329.14968562127   1.005025e-15 
 4331.98047876359   9.967256e-16 
 4334.81127190591   7.901902e-16 
 4337.64206504823   7.495401e-16 
 4340.47285819055   8.957616e-16 
 4343.30365133287    1.01858e-15 
 4346.13444447519   9.036229e-16 
  4348.9652376175   8.541493e-16 
 4351.79603075982    1.00956e-15 
 4354.62682390214   8.799382e-16 
 4357.45761704446   9.200912e-16 
 4360.28841018678   8.839898e-16 
  4363.1192033291   7.820394e-16 
 4365.94999647142   8.490892e-16 
 4368.78078961374   9.710877e-16 
 4371.61158275605   9.661712e-16 
 4374.44237589837   9.290689e-16 
 4377.27316904069   1.050286e-15 
 4380.10396218301   8.908195e-16 
 4382.93475532533   1.005505e-15 
 4385.76554846765   1.005827e-15 
 4388.59634160997   8.187465e-16 
 4391.42713475228   8.478428e-16 
  4394.2579278946   1.066591e-15 
 4397.08872103692     1.0002e-15 
 4399.91951417924   9.482018e-16 
 4402.75030732156    9.10091e-16 
 4405.58110046388   9.540252e-16 
  4408.4118936062   9.074378e-16 
 4411.24268674852   9.707816e-16 
 4414.07347989083   9.563914e-16 
 4416.90427303315   1.005783e-15 
 4419.73506617547   8.188027e-16 
 4422.56585931779   8.104908e-16 
 4425.39665246011    9.04318e-16 
 4428.22744560243   8.578669e-16 
 4431.05823874475   7.181344e-16 
 4433.88903188707   8.929712e-16 
 4436.71982502938    9.57468e-16 
  4439.5506181717   8.210788e-16 
 4442.38141131402   1.021641e-15 
 4445.21220445634    8.94079e-16 
 4448.04299759866    8.44956e-16 
 4450.87379074098   9.944112e-16 
  4453.7045838833   9.837526e-16 
 4456.53537702562   9.345739e-16 
 4459.36617016793   7.967519e-16 
 4462.19696331025    9.22515e-16 
 4465.02775645257   9.407078e-16 
 4467.85854959489   9.033102e-16 
 4470.68934273721   8.818678e-16 
 4473.52013587953   8.757154e-16 
 4476.35092902185   7.479439e-16 
 4479.18172216417   8.158365e-16 
 4482.01251530649    8.39582e-16 
  4484.8433084488   8.697578e-16 
 4487.67410159112   8.474381e-16 
 4490.50489473344   7.516198e-16 
 4493.33568787576   7.219555e-16 
 4496.16648101808   7.639635e-16 
  4498.9972741604   8.444821e-16 
 4501.82806730272   8.850171e-16 
 4504.65886044504   7.725968e-16 
 4507.48965358735   7.589236e-16 
 4510.32044672967   8.143165e-16 
 4513.15123987199    8.92599e-16 
 4515.98203301431   7.490652e-16 
 4518.81282615663   8.645916e-16 
 4521.64361929895   6.557694e-16 
 4524.47441244127   8.995675e-16 
 4527.30520558358    7.39095e-16 
  4530.1359987259    6.69728e-16 
 4532.96679186822   6.906223e-16 
 4535.79758501054   8.283947e-16 
 4538.62837815286     7.7663e-16 
 4541.45917129518   5.293046e-16 
  4544.2899644375   8.590291e-16 
 4547.12075757982    8.54404e-16 
 4549.95155072213   6.696781e-16 
 4552.78234386445   7.340611e-16 
 4555.61313700677   7.799723e-16 
 4558.44393014909   8.532876e-16 
 4561.27472329141   7.779918e-16 
 4564.10551643373   8.541387e-16 
 4566.93630957605   8.202147e-16 
 4569.76710271837   8.669032e-16 
 4572.59789586068   8.465082e-16 
   4575.428689003   9.207461e-16 
 4578.25948214532   7.875221e-16 
 4581.09027528764   9.099672e-16 
 4583.92106842996   7.729055e-16 
 4586.75186157228   9.365109e-16 
  4589.5826547146   9.172114e-16 
 4592.41344785691   9.919575e-16 
 4595.24424099923   9.052065e-16 
 4598.07503414155   9.910011e-16 
 4600.90582728387     8.2369e-16 
 4603.73662042619   8.543353e-16 
 4606.56741356851   8.566594e-16 
 4609.39820671083   1.033436e-15 
 4612.22899985315   9.682795e-16 
 4615.05979299546   9.176088e-16 
 4617.89058613778    1.02995e-15 
  4620.7213792801   1.067627e-15 
 4623.55217242242   1.143579e-15 
 4626.38296556474   1.093603e-15 
 4629.21375870706   1.081065e-15 
 4632.04455184938    1.12123e-15 
  4634.8753449917   1.087891e-15 
 4637.70613813401    1.06974e-15 
 4640.53693127633    1.01476e-15 
 4643.36772441865    1.11406e-15 
 4646.19851756097   1.086134e-15 
 4649.02931070329    1.26795e-15 
 4651.86010384561   1.106851e-15 
 4654.69089698793   1.285705e-15 
 4657.52169013024   1.183916e-15 
 4660.35248327257   1.190834e-15 
 4663.18327641488   1.150648e-15 
  4666.0140695572   1.353858e-15 
 4668.84486269952   1.137153e-15 
 4671.67565584184   1.306505e-15 
 4674.50644898416   1.339722e-15 
 4677.33724212648   1.469114e-15 
  4680.1680352688   1.428925e-15 
 4682.99882841112   1.272196e-15 
 4685.82962155343   1.439956e-15 
 4688.66041469575   1.312033e-15 
 4691.49120783807   1.354819e-15 
 4694.32200098039   1.312403e-15 
 4697.15279412271   1.491562e-15 
 4699.98358726503   1.165944e-15 
 4702.81438040735   1.336815e-15 
 4705.64517354967   1.269839e-15 
 4708.47596669198   1.356497e-15 
  4711.3067598343    1.44927e-15 
 4714.13755297662   1.464966e-15 
 4716.96834611894   1.340575e-15 
 4719.79913926126   1.392556e-15 
 4722.62993240358   1.473245e-15 
  4725.4607255459   1.447604e-15 
 4728.29151868821   1.405981e-15 
 4731.12231183053   1.375848e-15 
 4733.95310497285   1.293746e-15 
 4736.78389811517   1.347933e-15 
 4739.61469125749   1.441521e-15 
 4742.44548439981   1.522327e-15 
 4745.27627754213   1.478851e-15 
 4748.10707068445   1.616748e-15 
 4750.93786382677   1.429329e-15 
 4753.76865696908   1.412346e-15 
  4756.5994501114   1.452493e-15 
 4759.43024325372   1.503894e-15 
 4762.26103639604   1.414634e-15 
 4765.09182953836   1.499922e-15 
 4767.92262268068    1.38547e-15 
   4770.753415823   1.418078e-15 
 4773.58420896531   1.398004e-15 
 4776.41500210763   1.369738e-15 
 4779.24579524995   1.287099e-15 
 4782.07658839227   1.267195e-15 
 4784.90738153459   1.499693e-15 
 4787.73817467691    1.23044e-15 
 4790.56896781923   1.239086e-15 
 4793.39976096155   1.265126e-15 
 4796.23055410386   1.316764e-15 
 4799.06134724618   1.094148e-15 
  4801.8921403885   1.148334e-15 
 4804.72293353082   1.298542e-15 
 4807.55372667314   1.280785e-15 
 4810.38451981546   1.267524e-15 
 4813.21531295778   1.330141e-15 
 4816.04610610009   1.258557e-15 
 4818.87689924241   1.182298e-15 
 4821.70769238473   1.117973e-15 
 4824.53848552705    1.14895e-15 
 4827.36927866937   1.171877e-15 
 4830.20007181169   1.188353e-15 
 4833.03086495401   1.206432e-15 
 4835.86165809633   1.145998e-15 
 4838.69245123864   1.144152e-15 
 4841.52324438096   1.222329e-15 
 4844.35403752328    1.12419e-15 
  4847.1848306656   1.091435e-15 
 4850.01562380792    1.17593e-15 
 4852.84641695024   1.111772e-15 
 4855.67721009256   9.345042e-16 
 4858.50800323488   1.099635e-15 
  4861.3387963772   1.160153e-15 
 4864.16958951951   1.067696e-15 
 4867.00038266183   1.017863e-15 
 4869.83117580415   1.064406e-15 
 4872.66196894647    1.14399e-15 
 4875.49276208879   1.131083e-15 
 4878.32355523111   1.004063e-15 
 4881.15434837343   9.161357e-16 
 4883.98514151574   8.862466e-16 
 4886.81593465806   1.053117e-15 
 4889.64672780038   1.023966e-15 
  4892.4775209427   1.002712e-15 
 4895.30831408502   9.456876e-16 
 4898.13910722734   8.988845e-16 
 4900.96990036966     8.9829e-16 
 4903.80069351198   8.470287e-16 
 4906.63148665429   1.003149e-15 
 4909.46227979661   9.493048e-16 
 4912.29307293893   9.767645e-16 
 4915.12386608125    8.52189e-16 
 4917.95465922357   9.050665e-16 
 4920.78545236589   9.574719e-16 
 4923.61624550821   9.058955e-16 
 4926.44703865052   8.914584e-16 
 4929.27783179284   8.949504e-16 
 4932.10862493516   9.085048e-16 
 4934.93941807748   9.999508e-16 
  4937.7702112198   9.645931e-16 
 4940.60100436212   9.102558e-16 
 4943.43179750444    8.46853e-16 
 4946.26259064676   9.264291e-16 
 4949.09338378908   9.756859e-16 
 4951.92417693139   1.035966e-15 
 4954.75497007371   9.682669e-16 
 4957.58576321603   9.463144e-16 
 4960.41655635835   1.077675e-15 
 4963.24734950067   9.220459e-16 
 4966.07814264299   1.016541e-15 
 4968.90893578531    1.09805e-15 
 4971.73972892763   9.185419e-16 
 4974.57052206994   8.403122e-16 
 4977.40131521226   8.769492e-16 
 4980.23210835458   1.015195e-15 
  4983.0629014969   1.034312e-15 
 4985.89369463922    1.00145e-15 
 4988.72448778154   9.534721e-16 
 4991.55528092386   8.141071e-16 
 4994.38607406618   9.063682e-16 
 4997.21686720849   7.602759e-16 
 5000.04766035081    9.21387e-16 
 5002.87845349313   8.501972e-16 
 5005.70924663545   7.846402e-16 
 5008.54003977777   8.334896e-16 
 5011.37083292009   9.252596e-16 
 5014.20162606241   9.886293e-16 
 5017.03241920472   9.050709e-16 
 5019.86321234704   9.629831e-16 
 5022.69400548936    8.59638e-16 
 5025.52479863168   9.640721e-16 
   5028.355591774   9.073359e-16 
 5031.18638491632   9.435203e-16 
 5034.01717805864   8.320908e-16 
 5036.84797120096   1.065567e-15 
 5039.67876434327   1.021344e-15 
 5042.50955748559   1.053455e-15 
 5045.34035062791    1.03753e-15 
 5048.17114377023   1.018826e-15 
 5051.00193691255   1.077895e-15 
 5053.83273005487      1.003e-15 
 5056.66352319719   1.119716e-15 
 5059.49431633951   1.046723e-15 
 5062.32510948183   1.058524e-15 
 5065.15590262414    1.06693e-15 
 5067.98669576646   1.160515e-15 
 5070.81748890878   1.129868e-15 
  5073.6482820511   1.082211e-15 
 5076.47907519342   1.131014e-15 
 5079.30986833574   1.253423e-15 
 5082.14066147806    1.18325e-15 
 5084.97145462038     1.1372e-15 
 5087.80224776269   9.923557e-16 
 5090.63304090501   1.232996e-15 
 5093.46383404733   1.034459e-15 
 5096.29462718965   9.995862e-16 
 5099.12542033197   1.161436e-15 
 5101.95621347429   1.043483e-15 
 5104.78700661661   1.048885e-15 
 5107.61779975893   1.172821e-15 
 5110.44859290124   1.031845e-15 
 5113.27938604356   1.050413e-15 
 5116.11017918588   1.022787e-15 
  5118.9409723282   1.110643e-15 
 5121.77176547052   1.163026e-15 
 5124.60255861284    1.10274e-15 
 5127.43335175516   1.050231e-15 
 5130.26414489748   1.081494e-15 
 5133.09493803979   1.066949e-15 
 5135.92573118211   1.012634e-15 
 5138.75652432443   8.703939e-16 
 5141.58731746675   9.379799e-16 
 5144.41811060907   1.019193e-15 
 5147.24890375139   9.357388e-16 
 5150.07969689371   1.025823e-15 
 5152.91049003602   7.979126e-16 
 5155.74128317834   9.446785e-16 
 5158.57207632066   1.010294e-15 
 5161.40286946298   1.007552e-15 
  5164.2336626053   1.000735e-15 
 5167.06445574762   1.094031e-15 
 5169.89524888994   1.103856e-15 
 5172.72604203226    1.10552e-15 
 5175.55683517457   1.084996e-15 
 5178.38762831689   1.045486e-15 
 5181.21842145921   9.967615e-16 
 5184.04921460153   9.621255e-16 
 5186.88000774385   9.003597e-16 
 5189.71080088617   1.011114e-15 
 5192.54159402849     9.8798e-16 
  5195.3723871708   9.029109e-16 
 5198.20318031312   9.908113e-16 
 5201.03397345544     9.3313e-16 
 5203.86476659776   9.545135e-16 
 5206.69555974008    8.97065e-16 
  5209.5263528824   9.522071e-16 
 5212.35714602472   8.277263e-16 
 5215.18793916704   9.200421e-16 
 5218.01873230936   9.536116e-16 
 5220.84952545167    9.23718e-16 
 5223.68031859399   9.675275e-16 
 5226.51111173631   1.020926e-15 
 5229.34190487863   1.118201e-15 
 5232.17269802095   1.069251e-15 
 5235.00349116327   9.968526e-16 
 5237.83428430559   1.004405e-15 
 5240.66507744791   9.800688e-16 
 5243.49587059023   9.456163e-16 
 5246.32666373254   1.071068e-15 
 5249.15745687486   1.021136e-15 
 5251.98825001718   1.112334e-15 
  5254.8190431595   1.076615e-15 
 5257.64983630182   1.048395e-15 
 5260.48062944414   1.096139e-15 
 5263.31142258646   1.047364e-15 
 5266.14221572877   1.065247e-15 
 5268.97300887109   1.131281e-15 
 5271.80380201341   1.126983e-15 
 5274.63459515573    1.07562e-15 
 5277.46538829805   1.047731e-15 
 5280.29618144037    1.11162e-15 
 5283.12697458269   9.805459e-16 
 5285.95776772501   1.111857e-15 
 5288.78856086732   1.091302e-15 
 5291.61935400964   1.089119e-15 
 5294.45014715196   1.098903e-15 
 5297.28094029428   1.105929e-15 
  5300.1117334366   1.107199e-15 
 5302.94252657892   1.201221e-15 
 5305.77331972124   1.101174e-15 
 5308.60411286356   1.115402e-15 
 5311.43490600587   1.182412e-15 
 5314.26569914819    1.16434e-15 
 5317.09649229051   1.190233e-15 
 5319.92728543283   1.187861e-15 
 5322.75807857515   1.253886e-15 
 5325.58887171747   1.228629e-15 
 5328.41966485979   1.297104e-15 
  5331.2504580021   1.305105e-15 
 5334.08125114442   1.290366e-15 
 5336.91204428674   1.285283e-15 
 5339.74283742906    1.23574e-15 
 5342.57363057138   1.281788e-15 
  5345.4044237137   1.437892e-15 
 5348.23521685602   1.335937e-15 
 5351.06600999834   1.467191e-15 
 5353.89680314066   1.345922e-15 
 5356.72759628297   1.335815e-15 
 5359.55838942529   1.235167e-15 
 5362.38918256761   1.428867e-15 
 5365.21997570993   1.450897e-15 
 5368.05076885225   1.520242e-15 
 5370.88156199457   1.355308e-15 
 5373.71235513689   1.420127e-15 
  5376.5431482792   1.453628e-15 
 5379.37394142152   1.451758e-15 
 5382.20473456384   1.493277e-15 
 5385.03552770616   1.391243e-15 
 5387.86632084848   1.507873e-15 
  5390.6971139908   1.486195e-15 
 5393.52790713312   1.445248e-15 
 5396.35870027544    1.56673e-15 
 5399.18949341776   1.385614e-15 
 5402.02028656007   1.376683e-15 
 5404.85107970239   1.551701e-15 
 5407.68187284471   1.475855e-15 
 5410.51266598703   1.540968e-15 
 5413.34345912935    1.55715e-15 
 5416.17425227167   1.541085e-15 
 5419.00504541399    1.50867e-15 
  5421.8358385563     1.6383e-15 
 5424.66663169862   1.595139e-15 
 5427.49742484094   1.603655e-15 
 5430.32821798326   1.548039e-15 
 5433.15901112558    1.69729e-15 
  5435.9898042679   1.619512e-15 
 5438.82059741022   1.526187e-15 
 5441.65139055254   1.543785e-15 
 5444.48218369486    1.58318e-15 
 5447.31297683717   1.639185e-15 
 5450.14376997949   1.517539e-15 
 5452.97456312181   1.550963e-15 
 5455.80535626413   1.491908e-15 
 5458.63614940645   1.540441e-15 
 5461.46694254877   1.633559e-15 
 5464.29773569109   1.483211e-15 
  5467.1285288334   1.569918e-15 
 5469.95932197572   1.540723e-15 
 5472.79011511804   1.528729e-15 
 5475.62090826036   1.580348e-15 
 5478.45170140268   1.472739e-15 
   5481.282494545    1.47211e-15 
 5484.11328768732   1.400456e-15 
 5486.94408082964    1.32278e-15 
 5489.77487397195    1.32933e-15 
 5492.60566711427   1.334508e-15 
 5495.43646025659   1.357158e-15 
 5498.26725339891   1.289647e-15 
 5501.09804654123   1.346746e-15 
 5503.92883968355   1.306682e-15 
 5506.75963282587   1.304927e-15 
 5509.59042596819   1.365837e-15 
  5512.4212191105   1.306705e-15 
 5515.25201225282   1.277381e-15 
 5518.08280539514   1.290947e-15 
 5520.91359853746   1.345848e-15 
 5523.74439167978    1.38794e-15 
  5526.5751848221   1.346095e-15 
 5529.40597796442   1.410451e-15 
 5532.23677110674   1.303032e-15 
 5535.06756424905   1.410939e-15 
 5537.89835739137    1.39842e-15 
 5540.72915053369   1.328958e-15 
 5543.55994367601   1.272062e-15 
 5546.39073681833    1.46678e-15 
 5549.22152996065   1.368254e-15 
 5552.05232310297   1.484188e-15 
 5554.88311624529   1.468381e-15 
  5557.7139093876   1.462631e-15 
 5560.54470252992   1.361303e-15 
 5563.37549567224   1.413507e-15 
 5566.20628881456   1.502008e-15 
 5569.03708195688   1.501854e-15 
  5571.8678750992   1.472959e-15 
 5574.69866824152   1.319445e-15 
 5577.52946138383   1.368405e-15 
 5580.36025452615   1.434914e-15 
 5583.19104766847   1.375204e-15 
 5586.02184081079   1.429738e-15 
 5588.85263395311   1.358687e-15 
 5591.68342709543   1.356689e-15 
 5594.51422023775   1.369343e-15 
 5597.34501338007   1.487397e-15 
 5600.17580652238   1.488658e-15 
  5603.0065996647   1.471086e-15 
 5605.83739280702   1.451872e-15 
 5608.66818594934   1.518601e-15 
 5611.49897909166    1.48468e-15 
 5614.32977223398   1.403248e-15 
  5617.1605653763   1.465582e-15 
 5619.99135851862   1.451025e-15 
 5622.82215166093   1.448406e-15 
 5625.65294480325   1.404339e-15 
 5628.48373794557   1.361194e-15 
 5631.31453108789   1.382741e-15 
 5634.14532423021   1.473501e-15 
 5636.97611737253   1.371685e-15 
 5639.80691051485   1.348095e-15 
 5642.63770365717   1.352471e-15 
 5645.46849679948   1.272672e-15 
  5648.2992899418   1.379354e-15 
 5651.13008308412   1.394897e-15 
 5653.96087622644   1.313816e-15 
 5656.79166936876   1.456772e-15 
 5659.62246251108   1.369461e-15 
  5662.4532556534   1.306648e-15 
 5665.28404879571   1.276594e-15 
 5668.11484193803   1.324357e-15 
 5670.94563508035   1.392141e-15 
 5673.77642822267    1.26239e-15 
 5676.60722136499   1.255233e-15 
 5679.43801450731   1.323173e-15 
 5682.26880764963   1.328239e-15 
 5685.09960079195   1.277391e-15 
 5687.93039393426   1.235867e-15 
 5690.76118707658   1.246508e-15 
  5693.5919802189   1.257686e-15 
 5696.42277336122   1.256345e-15 
 5699.25356650354    1.28592e-15 
 5702.08435964586   1.224465e-15 
 5704.91515278818   1.220692e-15 
  5707.7459459305   1.279976e-15 
 5710.57673907282   1.241234e-15 
 5713.40753221513   1.225506e-15 
 5716.23832535745   1.186962e-15 
 5719.06911849977   1.103253e-15 
 5721.89991164209    1.10862e-15 
 5724.73070478441   1.272898e-15 
 5727.56149792673   1.063671e-15 
 5730.39229106905   1.115858e-15 
 5733.22308421137   1.232026e-15 
 5736.05387735368   1.199351e-15 
   5738.884670496   1.198187e-15 
 5741.71546363832   1.137124e-15 
 5744.54625678064   1.193248e-15 
 5747.37704992296   1.162421e-15 
 5750.20784306528    1.31591e-15 
  5753.0386362076   1.206818e-15 
 5755.86942934992    1.25624e-15 
 5758.70022249223   1.312144e-15 
 5761.53101563455   1.251636e-15 
 5764.36180877687   1.292654e-15 
 5767.19260191919   1.293531e-15 
 5770.02339506151   1.249289e-15 
 5772.85418820383   1.425447e-15 
 5775.68498134615   1.257325e-15 
 5778.51577448846   1.249678e-15 
 5781.34656763078   1.297436e-15 
  5784.1773607731   1.333772e-15 
 5787.00815391542   1.281278e-15 
 5789.83894705774   1.265774e-15 
 5792.66974020006   1.369394e-15 
 5795.50053334238   1.311089e-15 
  5798.3313264847   1.390806e-15 
 5801.16211962701   1.297356e-15 
 5803.99291276933   1.262779e-15 
 5806.82370591165   1.241759e-15 
 5809.65449905397   1.366471e-15 
 5812.48529219629   1.308817e-15 
 5815.31608533861   1.212515e-15 
 5818.14687848093   1.317464e-15 
 5820.97767162325     1.2341e-15 
 5823.80846476556   1.304053e-15 
 5826.63925790788   1.231946e-15 
  5829.4700510502   1.098085e-15 
 5832.30084419252    1.18324e-15 
 5835.13163733484   1.265905e-15 
 5837.96243047716   1.272475e-15 
 5840.79322361948   1.299552e-15 
  5843.6240167618   1.230488e-15 
 5846.45480990412   1.318411e-15 
 5849.28560304643   1.258679e-15 
 5852.11639618875   1.259664e-15 
 5854.94718933107   1.307826e-15 
 5857.77798247339   1.304847e-15 
 5860.60877561571   1.288709e-15 
 5863.43956875803   1.155475e-15 
 5866.27036190035   1.309123e-15 
 5869.10115504267   1.322171e-15 
 5871.93194818499   1.222082e-15 
  5874.7627413273    1.32072e-15 
 5877.59353446962   1.239976e-15 
 5880.42432761194   1.107778e-15 
 5883.25512075426   1.156288e-15 
 5886.08591389658   1.176844e-15 
  5888.9167070389   1.148992e-15 
 5891.74750018122   1.163726e-15 
 5894.57829332353   1.082927e-15 
 5897.40908646585    1.04704e-15 
 5900.23987960817   1.167479e-15 
 5903.07067275049   1.166715e-15 
 5905.90146589281   1.090327e-15 
 5908.73225903513    1.18467e-15 
 5911.56305217745   1.165416e-15 
 5914.39384531977   1.157572e-15 
 5917.22463846208   1.158174e-15 
  5920.0554316044   1.114748e-15 
 5922.88622474672   1.295205e-15 
 5925.71701788904   1.211483e-15 
 5928.54781103136   1.178863e-15 
 5931.37860417368   1.216349e-15 
   5934.209397316   1.181683e-15 
 5937.04019045831     1.2297e-15 
 5939.87098360063   1.146311e-15 
 5942.70177674295    1.16358e-15 
 5945.53256988527   1.194137e-15 
 5948.36336302759    1.20166e-15 
 5951.19415616991    1.19264e-15 
 5954.02494931223   1.179405e-15 
 5956.85574245455   1.237783e-15 
 5959.68653559686   1.169458e-15 
 5962.51732873918   1.175595e-15 
  5965.3481218815    1.11685e-15 
 5968.17891502382    1.14431e-15 
 5971.00970816614     1.1856e-15 
 5973.84050130846   1.181917e-15 
 5976.67129445078    1.22955e-15 
  5979.5020875931   1.204174e-15 
 5982.33288073542   1.208111e-15 
 5985.16367387773   1.176633e-15 
 5987.99446702005     1.1381e-15 
 5990.82526016237   1.243363e-15 
 5993.65605330469   1.313519e-15 
 5996.48684644701   1.267923e-15 
 5999.31763958933   1.262478e-15 
 6002.14843273164   1.230303e-15 
 6004.97922587396    1.21132e-15 
 6007.81001901628    1.30044e-15 
  6010.6408121586   1.259865e-15 
 6013.47160530092   1.181946e-15 
 6016.30239844324   1.211498e-15 
 6019.13319158556   1.206085e-15 
 6021.96398472788    1.24903e-15 
  6024.7947778702   1.194547e-15 
 6027.62557101251   1.184634e-15 
 6030.45636415483   1.216176e-15 
 6033.28715729715   1.186576e-15 
 6036.11795043947   1.200773e-15 
 6038.94874358179   1.217543e-15 
 6041.77953672411   1.224016e-15 
 6044.61032986643   1.235542e-15 
 6047.44112300874   1.250631e-15 
 6050.27191615106    1.20593e-15 
 6053.10270929338   1.187805e-15 
  6055.9335024357   1.200098e-15 
 6058.76429557802   1.168991e-15 
 6061.59508872034   1.186703e-15 
 6064.42588186266   1.102555e-15 
 6067.25667500498   1.252176e-15 
 6070.08746814729   1.290791e-15 
 6072.91826128961   1.160565e-15 
 6075.74905443193   1.179583e-15 
 6078.57984757425   1.147045e-15 
 6081.41064071657   1.263338e-15 
 6084.24143385889   1.194822e-15 
 6087.07222700121   1.327225e-15 
 6089.90302014353   1.156189e-15 
 6092.73381328585   1.176261e-15 
 6095.56460642816   1.275741e-15 
 6098.39539957048   1.256822e-15 
  6101.2261927128   1.164628e-15 
 6104.05698585512    1.12936e-15 
 6106.88777899744   1.225074e-15 
 6109.71857213976   1.224847e-15 
 6112.54936528208   1.108707e-15 
 6115.38015842439   1.217319e-15 
 6118.21095156671   1.098892e-15 
 6121.04174470903   1.058096e-15 
 6123.87253785135   1.198967e-15 
 6126.70333099367   1.165582e-15 
 6129.53412413599   1.165779e-15 
 6132.36491727831   1.174051e-15 
 6135.19571042063    1.20697e-15 
 6138.02650356294   1.144236e-15 
 6140.85729670526   1.189223e-15 
 6143.68808984758   1.104424e-15 
  6146.5188829899   1.099569e-15 
 6149.34967613222   1.229758e-15 
 6152.18046927454    1.12216e-15 
 6155.01126241686    1.19554e-15 
 6157.84205555917   1.124129e-15 
 6160.67284870149   1.139077e-15 
 6163.50364184381   1.201974e-15 
 6166.33443498613   1.173956e-15 
 6169.16522812845   1.086599e-15 
 6171.99602127077   1.141715e-15 
 6174.82681441309   1.077903e-15 
 6177.65760755541   1.046783e-15 
 6180.48840069772   1.183062e-15 
 6183.31919384004    1.08904e-15 
 6186.14998698236   1.026848e-15 
 6188.98078012468   1.034444e-15 
   6191.811573267   1.091319e-15 
 6194.64236640932   1.071852e-15 
 6197.47315955164   9.651241e-16 
 6200.30395269396   1.060244e-15 
 6203.13474583628   1.063046e-15 
 6205.96553897859   9.926826e-16 
 6208.79633212091   1.013758e-15 
 6211.62712526323   1.047275e-15 
 6214.45791840555   1.093569e-15 
 6217.28871154787   1.029872e-15 
 6220.11950469019   9.935478e-16 
 6222.95029783251   1.054077e-15 
 6225.78109097482   1.123852e-15 
 6228.61188411714   1.094698e-15 
 6231.44267725946   1.111361e-15 
 6234.27347040178   1.044535e-15 
  6237.1042635441   1.049384e-15 
 6239.93505668642   1.075699e-15 
 6242.76584982874   1.118752e-15 
 6245.59664297106   1.116734e-15 
 6248.42743611337   1.089102e-15 
 6251.25822925569   9.866917e-16 
 6254.08902239801    9.64432e-16 
 6256.91981554033   1.057227e-15 
 6259.75060868265   1.154552e-15 
 6262.58140182497   1.204112e-15 
 6265.41219496729   1.145765e-15 
 6268.24298810961   1.067675e-15 
 6271.07378125192   1.034184e-15 
 6273.90457439424   1.057693e-15 
 6276.73536753656   1.130631e-15 
 6279.56616067888   1.007474e-15 
  6282.3969538212   1.060661e-15 
 6285.22774696352   1.095039e-15 
 6288.05854010584   1.216797e-15 
 6290.88933324815   1.112731e-15 
 6293.72012639047   1.141632e-15 
 6296.55091953279   1.024662e-15 
 6299.38171267511   1.089386e-15 
 6302.21250581743   1.029484e-15 
 6305.04329895975    1.03001e-15 
 6307.87409210207   1.046701e-15 
 6310.70488524439   9.566902e-16 
  6313.5356783867   1.026902e-15 
 6316.36647152903   9.415661e-16 
 6319.19726467134   9.135512e-16 
 6322.02805781366   9.280734e-16 
 6324.85885095598   1.006753e-15 
  6327.6896440983    1.01562e-15 
 6330.52043724062   9.867278e-16 
 6333.35123038294   9.804154e-16 
 6336.18202352526   9.607751e-16 
 6339.01281666758   9.311689e-16 
 6341.84360980989   9.587456e-16 
 6344.67440295221   9.088171e-16 
 6347.50519609453   9.129606e-16 
 6350.33598923685   9.711243e-16 
 6353.16678237917   9.369767e-16 
 6355.99757552149   8.423232e-16 
 6358.82836866381    8.11349e-16 
 6361.65916180612   9.237154e-16 
 6364.48995494844   9.264704e-16 
 6367.32074809076   8.616668e-16 
 6370.15154123308   9.594723e-16 
  6372.9823343754   9.117788e-16 
 6375.81312751772   8.654051e-16 
 6378.64392066004   9.486554e-16 
 6381.47471380236   8.808236e-16 
 6384.30550694467    8.65176e-16 
 6387.13630008699   8.511464e-16 
 6389.96709322931   8.599373e-16 
 6392.79788637163   9.128206e-16 
 6395.62867951395   8.270425e-16 
 6398.45947265627   8.282337e-16 
 6401.29026579859   8.886768e-16 
 6404.12105894091   7.926999e-16 
 6406.95185208322   7.643825e-16 
 6409.78264522554   8.361589e-16 
 6412.61343836786   7.181368e-16 
 6415.44423151018   7.724732e-16 
  6418.2750246525   8.271353e-16 
 6421.10581779482   8.266848e-16 
 6423.93661093714   8.581296e-16 
 6426.76740407945   8.936534e-16 
 6429.59819722177   8.819682e-16 
 6432.42899036409   8.785378e-16 
 6435.25978350641   8.935481e-16 
 6438.09057664873   9.746819e-16 
 6440.92136979105    9.40861e-16 
 6443.75216293337   9.354309e-16 
 6446.58295607569   1.022308e-15 
 6449.41374921801   1.006961e-15 
 6452.24454236032   9.722903e-16 
 6455.07533550264    1.05988e-15 
 6457.90612864496   1.125123e-15 
 6460.73692178728   1.009055e-15 
  6463.5677149296   9.856422e-16 
 6466.39850807192   9.894388e-16 
 6469.22930121424   9.960739e-16 
 6472.06009435655   9.722296e-16 
 6474.89088749887   9.581305e-16 
 6477.72168064119   1.038476e-15 
 6480.55247378351   1.143122e-15 
 6483.38326692583    1.15339e-15 
 6486.21406006815    1.09269e-15 
 6489.04485321047   1.129698e-15 
 6491.87564635279    1.10658e-15 
 6494.70643949511   1.118881e-15 
 6497.53723263743   1.183695e-15 
 6500.36802577974   1.092424e-15 
 6503.19881892206   1.172694e-15 
 6506.02961206438   1.181439e-15 
  6508.8604052067    1.25231e-15 
 6511.69119834902   1.177564e-15 
 6514.52199149134   1.197548e-15 
 6517.35278463366   1.281431e-15 
 6520.18357777597   1.292308e-15 
 6523.01437091829   1.265818e-15 
 6525.84516406061   1.305599e-15 
 6528.67595720293    1.30246e-15 
 6531.50675034525   1.296085e-15 
 6534.33754348757   1.278056e-15 
 6537.16833662989    1.35919e-15 
  6539.9991297722   1.339817e-15 
 6542.82992291452   1.391242e-15 
 6545.66071605684   1.233051e-15 
 6548.49150919916   1.397274e-15 
 6551.32230234148   1.324044e-15 
  6554.1530954838   1.328848e-15 
 6556.98388862612   1.374988e-15 
 6559.81468176844   1.355608e-15 
 6562.64547491075   1.380449e-15 
 6565.47626805307   1.451233e-15 
 6568.30706119539    1.36482e-15 
 6571.13785433771   1.350988e-15 
 6573.96864748003   1.415255e-15 
 6576.79944062235   1.340365e-15 
 6579.63023376467   1.349211e-15 
 6582.46102690699   1.353155e-15 
  6585.2918200493   1.267241e-15 
 6588.12261319162   1.322923e-15 
 6590.95340633394    1.34819e-15 
 6593.78419947626   1.296832e-15 
 6596.61499261858    1.42997e-15 
  6599.4457857609   1.333464e-15 
 6602.27657890322   1.269646e-15 
 6605.10737204554   1.186905e-15 
 6607.93816518786   1.331509e-15 
 6610.76895833017   1.215602e-15 
 6613.59975147249   1.246163e-15 
 6616.43054461481   1.324681e-15 
 6619.26133775713   1.196367e-15 
 6622.09213089945   1.174263e-15 
 6624.92292404177   1.179163e-15 
 6627.75371718409    1.27902e-15 
  6630.5845103264   1.180546e-15 
 6633.41530346872   1.121092e-15 
 6636.24609661104   1.157568e-15 
 6639.07688975336   1.242714e-15 
 6641.90768289568   1.194345e-15 
   6644.738476038   1.130886e-15 
 6647.56926918032   1.220946e-15 
 6650.40006232263   1.198506e-15 
 6653.23085546495    1.19964e-15 
 6656.06164860727   1.218202e-15 
 6658.89244174959   1.213927e-15 
 6661.72323489191   1.215399e-15 
 6664.55402803423   1.231298e-15 
 6667.38482117655   1.239005e-15 
 6670.21561431887   1.194853e-15 
 6673.04640746118   1.250379e-15 
  6675.8772006035   1.267813e-15 
 6678.70799374582    1.33595e-15 
 6681.53878688814   1.374658e-15 
 6684.36958003046   1.193738e-15 
 6687.20037317278   1.243244e-15 
  6690.0311663151   1.297865e-15 
 6692.86195945742   1.253592e-15 
 6695.69275259974   1.326737e-15 
 6698.52354574205   1.340574e-15 
 6701.35433888437   1.303867e-15 
 6704.18513202669   1.289308e-15 
 6707.01592516901   1.301218e-15 
 6709.84671831133   1.320905e-15 
 6712.67751145365   1.425484e-15 
 6715.50830459597   1.343263e-15 
 6718.33909773828   1.364991e-15 
  6721.1698908806   1.351862e-15 
 6724.00068402292   1.370467e-15 
 6726.83147716524   1.423212e-15 
 6729.66227030756   1.279641e-15 
 6732.49306344988    1.37017e-15 
  6735.3238565922   1.293681e-15 
 6738.15464973452   1.320977e-15 
 6740.98544287684   1.326389e-15 
 6743.81623601915   1.327003e-15 
 6746.64702916147   1.301676e-15 
 6749.47782230379   1.309177e-15 
 6752.30861544611   1.349871e-15 
 6755.13940858843   1.390341e-15 
 6757.97020173075   1.390097e-15 
 6760.80099487307    1.39208e-15 
 6763.63178801539   1.419204e-15 
  6766.4625811577   1.397262e-15 
 6769.29337430002   1.430581e-15 
 6772.12416744234   1.526951e-15 
 6774.95496058466   1.420288e-15 
 6777.78575372698    1.48606e-15 
  6780.6165468693   1.474777e-15 
 6783.44734001162   1.476446e-15 
 6786.27813315393   1.407686e-15 
 6789.10892629625    1.30701e-15 
 6791.93971943857   1.359464e-15 
 6794.77051258089   1.291157e-15 
 6797.60130572321   1.321597e-15 
 6800.43209886553   1.292356e-15 
 6803.26289200785   1.318468e-15 
 6806.09368515017   1.317997e-15 
 6808.92447829248   1.321165e-15 
  6811.7552714348   1.321554e-15 
 6814.58606457712   1.332797e-15 
 6817.41685771944   1.286237e-15 
 6820.24765086176   1.296146e-15 
 6823.07844400408   1.283115e-15 
  6825.9092371464   1.258906e-15 
 6828.74003028872   1.233304e-15 
 6831.57082343103   1.212634e-15 
 6834.40161657335   1.201412e-15 
 6837.23240971567   1.201197e-15 
 6840.06320285799    1.26208e-15 
 6842.89399600031   1.134806e-15 
 6845.72478914263   1.225395e-15 
 6848.55558228495   1.268807e-15 
 6851.38637542727   1.262339e-15 
 6854.21716856958    1.24497e-15 
  6857.0479617119   1.329106e-15 
 6859.87875485422   1.121695e-15 
 6862.70954799654   1.217981e-15 
 6865.54034113886   1.239985e-15 
 6868.37113428118   1.236758e-15 
  6871.2019274235    1.14013e-15 
 6874.03272056581   1.204713e-15 
 6876.86351370813   1.242781e-15 
 6879.69430685045   1.172122e-15 
 6882.52509999277   1.217255e-15 
 6885.35589313509   1.166472e-15 
 6888.18668627741     1.2864e-15 
 6891.01747941973    1.30637e-15 
 6893.84827256204   1.220707e-15 
 6896.67906570436   1.230463e-15 
 6899.50985884668   1.236147e-15 
   6902.340651989   1.196023e-15 
 6905.17144513132   1.164777e-15 
 6908.00223827364   1.191376e-15 
 6910.83303141596   1.250672e-15 
 6913.66382455828   1.099659e-15 
  6916.4946177006   1.091828e-15 
 6919.32541084291   1.211262e-15 
 6922.15620398523    1.15549e-15 
 6924.98699712755   1.203056e-15 
 6927.81779026987   1.252769e-15 
 6930.64858341219   1.101892e-15 
 6933.47937655451   1.216061e-15 
 6936.31016969683   1.225094e-15 
 6939.14096283915   1.211414e-15 
 6941.97175598146   1.188438e-15 
 6944.80254912378   1.178591e-15 
  6947.6333422661   1.182038e-15 
 6950.46413540842   1.195077e-15 
 6953.29492855074   1.144586e-15 
 6956.12572169306   1.212125e-15 
 6958.95651483538   1.198023e-15 
  6961.7873079777   1.211552e-15 
 6964.61810112002   1.232052e-15 
 6967.44889426233   1.109028e-15 
 6970.27968740465   1.122194e-15 
 6973.11048054697   1.214782e-15 
 6975.94127368929   1.173396e-15 
 6978.77206683161   1.084054e-15 
 6981.60285997393   1.189269e-15 
 6984.43365311625   1.304556e-15 
 6987.26444625856    1.11563e-15 
 6990.09523940088   1.146987e-15 
  6992.9260325432   1.124902e-15 
 6995.75682568552   1.140572e-15 
 6998.58761882784   1.104001e-15 
 7001.41841197016   1.073079e-15 
 7004.24920511248   1.179842e-15 
  7007.0799982548   1.076314e-15 
 7009.91079139711   1.053779e-15 
 7012.74158453943   1.189378e-15 
 7015.57237768175   1.060032e-15 
 7018.40317082407   1.036028e-15 
 7021.23396396639   1.152534e-15 
 7024.06475710871   1.114049e-15 
 7026.89555025103   1.167549e-15 
 7029.72634339335   1.170843e-15 
 7032.55713653566   1.088919e-15 
 7035.38792967798   1.065778e-15 
  7038.2187228203    1.06909e-15 
 7041.04951596262   1.116529e-15 
 7043.88030910494   1.111797e-15 
 7046.71110224726   1.069374e-15 
 7049.54189538958   1.199882e-15 
  7052.3726885319   1.047346e-15 
 7055.20348167421    1.03595e-15 
 7058.03427481653   1.212106e-15 
 7060.86506795885   1.189652e-15 
 7063.69586110117   1.036077e-15 
 7066.52665424349   1.062728e-15 
 7069.35744738581   1.040593e-15 
 7072.18824052813   1.001005e-15 
 7075.01903367044   1.046388e-15 
 7077.84982681276   1.087579e-15 
 7080.68061995508   1.036388e-15 
  7083.5114130974    1.00669e-15 
 7086.34220623972   1.012819e-15 
 7089.17299938204   1.072512e-15 
 7092.00379252436    1.07399e-15 
 7094.83458566668    1.12047e-15 
   7097.665378809   1.026939e-15 
 7100.49617195132   1.026562e-15 
 7103.32696509363    1.06657e-15 
 7106.15775823595   1.063304e-15 
 7108.98855137827   1.021158e-15 
 7111.81934452059    1.14622e-15 
 7114.65013766291   1.075401e-15 
 7117.48093080523   1.094099e-15 
 7120.31172394755   1.013185e-15 
 7123.14251708986    1.02941e-15 
 7125.97331023218   9.595042e-16 
  7128.8041033745   1.015782e-15 
 7131.63489651682   1.081716e-15 
 7134.46568965914   1.084991e-15 
 7137.29648280146   1.030165e-15 
 7140.12727594378   1.052732e-15 
 7142.95806908609   1.017335e-15 
 7145.78886222841   1.060485e-15 
 7148.61965537073   1.094053e-15 
 7151.45044851305   9.814159e-16 
 7154.28124165537   1.086438e-15 
 7157.11203479769   1.013773e-15 
 7159.94282794001   1.036347e-15 
 7162.77362108233   1.064844e-15 
 7165.60441422465   1.094532e-15 
 7168.43520736696   1.054268e-15 
 7171.26600050928    1.07586e-15 
  7174.0967936516   1.047236e-15 
 7176.92758679392    1.10409e-15 
 7179.75837993624   1.114958e-15 
 7182.58917307856   1.080005e-15 
 7185.41996622088   1.159072e-15 
  7188.2507593632   1.144168e-15 
 7191.08155250551   1.116131e-15 
 7193.91234564783   1.170564e-15 
 7196.74313879015   1.158595e-15 
 7199.57393193247   1.091415e-15 
 7202.40472507479    1.06375e-15 
 7205.23551821711   1.194797e-15 
 7208.06631135943   1.182742e-15 
 7210.89710450175   1.027984e-15 
 7213.72789764406   1.062952e-15 
 7216.55869078638   1.053718e-15 
  7219.3894839287   1.099427e-15 
 7222.22027707102   1.087182e-15 
 7225.05107021334   1.127467e-15 
 7227.88186335566   1.077709e-15 
 7230.71265649798   1.071821e-15 
 7233.54344964029   1.022725e-15 
 7236.37424278261   1.073277e-15 
 7239.20503592493    1.04044e-15 
 7242.03582906725   1.077903e-15 
 7244.86662220957   1.018909e-15 
 7247.69741535189   1.003506e-15 
 7250.52820849421   1.104141e-15 
 7253.35900163653   1.039691e-15 
 7256.18979477884   9.815987e-16 
 7259.02058792116    9.84198e-16 
 7261.85138106348   9.743494e-16 
  7264.6821742058   1.035786e-15 
 7267.51296734812   9.537765e-16 
 7270.34376049044   1.022198e-15 
 7273.17455363276   9.620289e-16 
 7276.00534677508   9.927996e-16 
 7278.83613991739   9.771685e-16 
 7281.66693305971   1.013851e-15 
 7284.49772620203   9.566851e-16 
 7287.32851934435   1.068097e-15 
 7290.15931248667   1.108523e-15 
 7292.99010562899    1.09301e-15 
 7295.82089877131   9.898541e-16 
 7298.65169191362   9.898568e-16 
 7301.48248505594   1.062485e-15 
 7304.31327819826   1.051454e-15 
 7307.14407134058   9.937638e-16 
  7309.9748644829   1.039646e-15 
 7312.80565762522   9.768603e-16 
 7315.63645076754   9.703042e-16 
 7318.46724390986   1.096414e-15 
 7321.29803705218   9.532649e-16 
 7324.12883019449   9.343379e-16 
 7326.95962333681   9.904809e-16 
 7329.79041647913   1.031034e-15 
 7332.62120962145   9.768368e-16 
 7335.45200276377   9.658279e-16 
 7338.28279590609   1.048641e-15 
 7341.11358904841   1.040201e-15 
 7343.94438219073   1.044625e-15 
 7346.77517533304   9.789956e-16 
 7349.60596847536   9.812283e-16 
 7352.43676161768   1.047502e-15 
    7355.26755476   9.427048e-16 
 7358.09834790232   1.003687e-15 
 7360.92914104464    1.08735e-15 
 7363.75993418696   1.063735e-15 
 7366.59072732927   1.019191e-15 
 7369.42152047159   1.122842e-15 
 7372.25231361391   1.141895e-15 
 7375.08310675623   1.105384e-15 
 7377.91389989855   1.125794e-15 
 7380.74469304087   1.106185e-15 
 7383.57548618319   1.057983e-15 
  7386.4062793255   1.095639e-15 
 7389.23707246783   1.029298e-15 
 7392.06786561014   1.041227e-15 
 7394.89865875246   1.093959e-15 
 7397.72945189478   1.058177e-15 
  7400.5602450371    1.05884e-15 
 7403.39103817942   1.078397e-15 
 7406.22183132174   1.086507e-15 
 7409.05262446405   1.094085e-15 
 7411.88341760637   1.110392e-15 
 7414.71421074869   1.097078e-15 
 7417.54500389101   1.081154e-15 
 7420.37579703333   1.008511e-15 
 7423.20659017565   9.945276e-16 
 7426.03738331797    1.08092e-15 
 7428.86817646029   1.121238e-15 
 7431.69896960261   1.099563e-15 
 7434.52976274492   1.101337e-15 
 7437.36055588724   1.089142e-15 
 7440.19134902956   1.064403e-15 
 7443.02214217188   1.147436e-15 
  7445.8529353142   1.146467e-15 
 7448.68372845652   1.230027e-15 
 7451.51452159884   1.270009e-15 
 7454.34531474116   1.189067e-15 
 7457.17610788347   1.187862e-15 
 7460.00690102579   1.076291e-15 
 7462.83769416811   1.240927e-15 
 7465.66848731043   1.201405e-15 
 7468.49928045275   1.194021e-15 
 7471.33007359507   1.155719e-15 
 7474.16086673739   1.217999e-15 
  7476.9916598797   1.224147e-15 
 7479.82245302202   1.177385e-15 
 7482.65324616434   1.140808e-15 
 7485.48403930666   1.199873e-15 
 7488.31483244898   1.233548e-15 
  7491.1456255913   1.132218e-15 
 7493.97641873362   1.130414e-15 
 7496.80721187594    1.19259e-15 
 7499.63800501825   1.120551e-15 
 7502.46879816057   1.149621e-15 
 7505.29959130289   1.155126e-15 
 7508.13038444521   1.100329e-15 
 7510.96117758753   1.153297e-15 
 7513.79197072985   1.084318e-15 
 7516.62276387217   1.151666e-15 
 7519.45355701449   1.196869e-15 
  7522.2843501568    1.29375e-15 
 7525.11514329912   1.238668e-15 
 7527.94593644144   1.166401e-15 
 7530.77672958376    1.12333e-15 
 7533.60752272608   1.171849e-15 
  7536.4383158684   1.178509e-15 
 7539.26910901072   1.093048e-15 
 7542.09990215304    1.17608e-15 
 7544.93069529535   1.117927e-15 
 7547.76148843768   1.220214e-15 
 7550.59228157999   1.157504e-15 
 7553.42307472231    1.24335e-15 
 7556.25386786463   1.125293e-15 
 7559.08466100695   1.190687e-15 
 7561.91545414927   1.121259e-15 
 7564.74624729159   1.156861e-15 
 7567.57704043391   1.210488e-15 
 7570.40783357622   1.213138e-15 
 7573.23862671854   1.309462e-15 
 7576.06941986086   1.232678e-15 
 7578.90021300318   1.166171e-15 
  7581.7310061455   1.244244e-15 
 7584.56179928782   1.224704e-15 
 7587.39259243013    1.20142e-15 
 7590.22338557246   1.258678e-15 
 7593.05417871477   1.207374e-15 
 7595.88497185709    1.09617e-15 
 7598.71576499941   1.185713e-15 
 7601.54655814173   1.299512e-15 
 7604.37735128405   1.221698e-15 
 7607.20814442637   1.123517e-15 
 7610.03893756868   1.232246e-15 
   7612.869730711   1.331423e-15 
 7615.70052385332   1.166317e-15 
 7618.53131699564   1.158627e-15 
 7621.36211013796   1.170938e-15 
 7624.19290328028   1.147943e-15 
  7627.0236964226    1.24046e-15 
 7629.85448956492   1.210015e-15 
 7632.68528270724   1.110591e-15 
 7635.51607584956   1.026945e-15 
 7638.34686899187   1.008535e-15 
 7641.17766213419   1.017781e-15 
 7644.00845527651   1.048652e-15 
 7646.83924841883   1.030014e-15 
 7649.67004156115   1.113086e-15 
 7652.50083470347   1.065724e-15 
 7655.33162784579   1.076887e-15 
  7658.1624209881   1.072393e-15 
 7660.99321413042   1.007102e-15 
 7663.82400727274   1.081242e-15 
 7666.65480041506   1.067932e-15 
 7669.48559355738   9.786342e-16 
  7672.3163866997    1.01103e-15 
 7675.14717984202   1.062935e-15 
 7677.97797298434   9.305466e-16 
 7680.80876612665   1.006778e-15 
 7683.63955926897   9.340589e-16 
 7686.47035241129   9.689644e-16 
 7689.30114555361   9.916594e-16 
 7692.13193869593   9.300463e-16 
 7694.96273183825   9.407128e-16 
 7697.79352498057   9.142271e-16 
 7700.62431812289   8.792263e-16 
 7703.45511126521   9.983147e-16 
 7706.28590440752    1.03115e-15 
 7709.11669754984   8.993403e-16 
 7711.94749069216   9.993451e-16 
 7714.77828383448   9.461194e-16 
  7717.6090769768   9.395712e-16 
 7720.43987011912   8.529639e-16 
 7723.27066326144   7.503931e-16 
 7726.10145640375    7.67411e-16 
 7728.93224954607   9.072838e-16 
 7731.76304268839   8.289422e-16 
 7734.59383583071   8.392645e-16 
 7737.42462897303    9.55162e-16 
 7740.25542211535   9.252907e-16 
 7743.08621525767   8.956296e-16 
 7745.91700839999   8.552772e-16 
  7748.7478015423   8.202554e-16 
 7751.57859468462   9.066293e-16 
 7754.40938782694   9.088246e-16 
 7757.24018096926   9.410173e-16 
 7760.07097411158   8.592458e-16 
  7762.9017672539   8.789334e-16 
 7765.73256039622   8.795097e-16 
 7768.56335353854   8.237327e-16 
 7771.39414668085   8.898036e-16 
 7774.22493982317   8.464646e-16 
 7777.05573296549   8.361267e-16 
 7779.88652610781   9.209498e-16 
 7782.71731925013   9.030382e-16 
 7785.54811239245   9.073266e-16 
 7788.37890553477    8.95231e-16 
 7791.20969867708   9.067979e-16 
  7794.0404918194   8.516836e-16 
 7796.87128496172   8.379473e-16 
 7799.70207810404   8.757125e-16 
 7802.53287124636   8.712393e-16 
 7805.36366438868   8.109967e-16 
   7808.194457531   8.473832e-16 
 7811.02525067332   8.048599e-16 
 7813.85604381564   8.183336e-16 
 7816.68683695795   8.404495e-16 
 7819.51763010027   7.861795e-16 
 7822.34842324259   8.849924e-16 
 7825.17921638491   8.570692e-16 
 7828.01000952723   8.119218e-16 
 7830.84080266955    8.65815e-16 
 7833.67159581187   8.228147e-16 
 7836.50238895419   7.082743e-16 
  7839.3331820965   8.032223e-16 
 7842.16397523882   8.807469e-16 
 7844.99476838114   7.196871e-16 
 7847.82556152346   7.400875e-16 
 7850.65635466578   8.070076e-16 
  7853.4871478081   7.793043e-16 
 7856.31794095042   8.804546e-16 
 7859.14873409273   7.937914e-16 
 7861.97952723505   8.371858e-16 
 7864.81032037737   8.438739e-16 
 7867.64111351969   8.458415e-16 
 7870.47190666201   8.457145e-16 
 7873.30269980433   8.356237e-16 
 7876.13349294665   8.791495e-16 
 7878.96428608896   9.143833e-16 
 7881.79507923128   8.535872e-16 
  7884.6258723736   9.091073e-16 
 7887.45666551592   8.758871e-16 
 7890.28745865824    8.77331e-16 
 7893.11825180056   9.222314e-16 
 7895.94904494288   9.491823e-16 
  7898.7798380852   9.281676e-16 
 7901.61063122752    8.92971e-16 
 7904.44142436983   9.866214e-16 
 7907.27221751215    9.79997e-16 
 7910.10301065447   9.189289e-16 
 7912.93380379679   1.010078e-15 
 7915.76459693911   1.091168e-15 
 7918.59539008143   1.099471e-15 
 7921.42618322375   1.157136e-15 
 7924.25697636607   1.003497e-15 
 7927.08776950838   9.980803e-16 
  7929.9185626507   1.003411e-15 
 7932.74935579302   9.975239e-16 
 7935.58014893534   1.078241e-15 
 7938.41094207766   1.012651e-15 
 7941.24173521998    1.07933e-15 
  7944.0725283623   1.102694e-15 
 7946.90332150462   1.077349e-15 
 7949.73411464693   1.070605e-15 
 7952.56490778925   1.102152e-15 
 7955.39570093157   1.056634e-15 
 7958.22649407389    1.02066e-15 
 7961.05728721621   1.079438e-15 
 7963.88808035853   1.033282e-15 
 7966.71887350085    1.06269e-15 
 7969.54966664316   1.225608e-15 
 7972.38045978548   1.200966e-15 
  7975.2112529278   1.133229e-15 
 7978.04204607012    1.06082e-15 
 7980.87283921244   1.077641e-15 
 7983.70363235476   1.060407e-15 
 7986.53442549708   1.096498e-15 
  7989.3652186394   1.192889e-15 
 7992.19601178171   1.174469e-15 
 7995.02680492403   1.144505e-15 
 7997.85759806635   1.115561e-15 
 8000.68839120867   1.157061e-15 
 8003.51918435099   1.188777e-15 
 8006.34997749331   1.163557e-15 
 8009.18077063563   1.166833e-15 
 8012.01156377794   1.239414e-15 
 8014.84235692027   1.198926e-15 
 8017.67315006258   1.139483e-15 
  8020.5039432049    1.22784e-15 
 8023.33473634722   1.275716e-15 
 8026.16552948954   1.206161e-15 
 8028.99632263186   1.137758e-15 
 8031.82711577418   1.176781e-15 
  8034.6579089165   1.176586e-15 
 8037.48870205881   1.282348e-15 
 8040.31949520113   1.328794e-15 
 8043.15028834345   1.305297e-15 
 8045.98108148577   1.285628e-15 
 8048.81187462809   1.234942e-15 
 8051.64266777041   1.256513e-15 
 8054.47346091273   1.271075e-15 
 8057.30425405505   1.178557e-15 
 8060.13504719736   1.330109e-15 
 8062.96584033968   1.293153e-15 
   8065.796633482   1.193545e-15 
 8068.62742662432    1.29649e-15 
 8071.45821976664   1.254589e-15 
 8074.28901290896   1.208337e-15 
 8077.11980605128   1.214695e-15 
 8079.95059919359   1.214839e-15 
 8082.78139233591   1.207312e-15 
 8085.61218547823   1.229279e-15 
 8088.44297862055   1.307179e-15 
 8091.27377176287    1.12959e-15 
 8094.10456490519   1.186016e-15 
 8096.93535804751   1.220578e-15 
 8099.76615118983   1.296778e-15 
 8102.59694433215   1.205289e-15 
 8105.42773747446   1.184001e-15 
 8108.25853061678   1.215471e-15 
  8111.0893237591   1.241086e-15 
 8113.92011690142   1.200865e-15 
 8116.75091004374   1.202422e-15 
 8119.58170318606   1.241748e-15 
 8122.41249632838   1.118221e-15 
 8125.24328947069   1.228126e-15 
 8128.07408261302   1.233863e-15 
 8130.90487575533   1.263453e-15 
 8133.73566889765   1.249486e-15 
 8136.56646203997   1.260704e-15 
 8139.39725518229    1.29387e-15 
 8142.22804832461   1.289379e-15 
 8145.05884146693    1.20858e-15 
 8147.88963460924   1.180489e-15 
 8150.72042775156   1.186351e-15 
 8153.55122089388   1.113237e-15 
  8156.3820140362   1.218826e-15 
 8159.21280717852   1.200191e-15 
 8162.04360032084   1.207076e-15 
 8164.87439346316   1.251229e-15 
 8167.70518660548   1.210883e-15 
 8170.53597974779   1.139311e-15 
 8173.36677289011   1.217298e-15 
 8176.19756603243   1.254409e-15 
 8179.02835917475   1.063925e-15 
 8181.85915231707   1.129993e-15 
 8184.68994545939   1.155496e-15 
 8187.52073860171    1.02729e-15 
 8190.35153174402   1.232234e-15 
 8193.18232488634   1.180431e-15 
 8196.01311802866   1.170846e-15 
 8198.84391117098   1.112482e-15 
  8201.6747043133   1.038866e-15 
 8204.50549745562   1.093101e-15 
 8207.33629059794   1.124226e-15 
 8210.16708374026   1.220859e-15 
 8212.99787688258    1.18574e-15 
 8215.82867002489   1.111916e-15 
 8218.65946316721    1.13469e-15 
 8221.49025630953   1.032009e-15 
 8224.32104945185   1.033069e-15 
 8227.15184259417   1.082455e-15 
 8229.98263573649   1.058337e-15 
 8232.81342887881   1.137698e-15 
 8235.64422202113   1.132987e-15 
 8238.47501516345   1.040058e-15 
 8241.30580830576   1.138505e-15 
 8244.13660144808   1.043215e-15 
  8246.9673945904   1.038047e-15 
 8249.79818773272   1.050781e-15 
 8252.62898087504   1.003696e-15 
 8255.45977401736   9.636989e-16 
 8258.29056715968   1.000484e-15 
   8261.121360302   9.921307e-16 
 8263.95215344431   9.554224e-16 
 8266.78294658663   9.498443e-16 
 8269.61373972895    1.05206e-15 
 8272.44453287127   1.057294e-15 
 8275.27532601359   9.063524e-16 
 8278.10611915591    9.08767e-16 
 8280.93691229823    8.78559e-16 
 8283.76770544054   9.952954e-16 
 8286.59849858287   1.010065e-15 
 8289.42929172518   1.004515e-15 
  8292.2600848675   1.086753e-15 
 8295.09087800982   9.160247e-16 
 8297.92167115214   9.547322e-16 
 8300.75246429446   1.035577e-15 
 8303.58325743678   9.841888e-16 
  8306.4140505791   1.000178e-15 
 8309.24484372141   8.969036e-16 
 8312.07563686373   9.191085e-16 
 8314.90643000605   9.741577e-16 
 8317.73722314837   1.014824e-15 
 8320.56801629069   1.004189e-15 
 8323.39880943301   7.574335e-16 
 8326.22960257533   9.360439e-16 
 8329.06039571764    1.08027e-15 
 8331.89118885996    8.91003e-16 
 8334.72198200228   9.985289e-16 
  8337.5527751446   1.030075e-15 
 8340.38356828692   9.220656e-16 
 8343.21436142924   9.505276e-16 
 8346.04515457156   9.297692e-16 
 8348.87594771388   8.925919e-16 
 8351.70674085619   1.020533e-15 
 8354.53753399851   8.687908e-16 
 8357.36832714083   1.041746e-15 
 8360.19912028315   9.129515e-16 
 8363.02991342547   7.595722e-16 
 8365.86070656779   8.428324e-16 
 8368.69149971011   8.251916e-16 
 8371.52229285243   8.155097e-16 
 8374.35308599475   9.424659e-16 
 8377.18387913706   9.150301e-16 
 8380.01467227938   8.534131e-16 
  8382.8454654217   9.625615e-16 
 8385.67625856402   9.157023e-16 
 8388.50705170634   8.873122e-16 
 8391.33784484866   8.559077e-16 
 8394.16863799098   7.989789e-16 
 8396.99943113329   8.217537e-16 
 8399.83022427561    8.17429e-16 
 8402.66101741793   8.287304e-16 
 8405.49181056025   7.090476e-16 
 8408.32260370257   7.730728e-16 
 8411.15339684489   7.804886e-16 
 8413.98418998721   6.813502e-16 
 8416.81498312953   7.741362e-16 
 8419.64577627184   8.139474e-16 
 8422.47656941416   6.767408e-16 
 8425.30736255648   7.240811e-16 
  8428.1381556988    7.44496e-16 
 8430.96894884112   6.844583e-16 
 8433.79974198344   8.647566e-16 
 8436.63053512576   7.251573e-16 
 8439.46132826808   7.566574e-16 
 8442.29212141039   7.115749e-16 
 8445.12291455271   5.958162e-16 
 8447.95370769503   6.866979e-16 
 8450.78450083735    7.87034e-16 
 8453.61529397967   6.859599e-16 
 8456.44608712199   6.156705e-16 
 8459.27688026431   6.753301e-16 
 8462.10767340662   6.514818e-16 
 8464.93846654894   6.432428e-16 
 8467.76925969126   6.688954e-16 
 8470.60005283358   7.296455e-16 
  8473.4308459759   8.270716e-16 
 8476.26163911822   7.284772e-16 
 8479.09243226054   5.921556e-16 
 8481.92322540286   6.877568e-16 
 8484.75401854518   6.285919e-16 
 8487.58481168749   6.606986e-16 
 8490.41560482981   5.644004e-16 
 8493.24639797213   5.764087e-16 
 8496.07719111445   6.150664e-16 
 8498.90798425677   6.706835e-16 
 8501.73877739909   6.618231e-16 
  8504.5695705414   5.934681e-16 
 8507.40036368373   5.983733e-16 
 8510.23115682604   6.170558e-16 
 8513.06194996836   6.513575e-16 
 8515.89274311068   6.472979e-16 
   8518.723536253   6.296515e-16 
 8521.55432939532   5.954797e-16 
 8524.38512253764   5.711635e-16 
 8527.21591567996    5.95024e-16 
 8530.04670882227   5.945493e-16 
 8532.87750196459   6.844044e-16 
 8535.70829510691   6.546952e-16 
 8538.53908824923   6.812433e-16 
 8541.36988139155   6.472227e-16 
 8544.20067453387   6.019349e-16 
 8547.03146767619     6.3991e-16 
 8549.86226081851    6.64551e-16 
 8552.69305396082   6.977806e-16 
 8555.52384710314   6.999429e-16 
 8558.35464024546    6.77654e-16 
 8561.18543338778   6.735171e-16 
  8564.0162265301   6.971947e-16 
 8566.84701967242    6.70222e-16 
 8569.67781281474   5.466042e-16 
 8572.50860595705   5.807362e-16 
 8575.33939909937   7.211138e-16 
 8578.17019224169   7.497225e-16 
 8581.00098538401   6.642397e-16 
 8583.83177852633   6.441924e-16 
 8586.66257166865   6.433775e-16 
 8589.49336481097   6.447567e-16 
 8592.32415795329   6.182923e-16 
 8595.15495109561   6.952074e-16 
 8597.98574423792   6.494315e-16 
 8600.81653738024   5.270114e-16 
 8603.64733052256   5.822954e-16 
 8606.47812366488   6.327516e-16 
  8609.3089168072   6.619684e-16 
 8612.13970994952   6.618398e-16 
 8614.97050309184   6.584101e-16 
 8617.80129623415   6.417038e-16 
 8620.63208937648   6.325858e-16 
 8623.46288251879   6.150916e-16 
 8626.29367566111   6.664134e-16 
 8629.12446880343   8.082229e-16 
 8631.95526194575   7.352562e-16 
 8634.78605508807   7.567275e-16 
 8637.61684823039   6.441642e-16 
 8640.44764137271   6.746254e-16 
 8643.27843451502   6.756729e-16 
 8646.10922765734   6.345538e-16 
 8648.94002079966   7.656579e-16 
 8651.77081394198   8.073406e-16 
  8654.6016070843   7.042493e-16 
 8657.43240022662   7.276217e-16 
 8660.26319336894   7.742922e-16 
 8663.09398651125   7.622523e-16 
 8665.92477965357    7.60223e-16 
 8668.75557279589   7.338331e-16 
 8671.58636593821   7.755498e-16 
 8674.41715908053   8.614739e-16 
 8677.24795222285   8.605711e-16 
 8680.07874536517   8.755845e-16 
 8682.90953850748   8.652362e-16 
  8685.7403316498   7.341142e-16 
 8688.57112479212   7.609162e-16 
 8691.40191793444    8.31509e-16 
 8694.23271107676   8.208273e-16 
 8697.06350421908   8.476732e-16 
  8699.8942973614   8.388019e-16 
 8702.72509050372   8.217502e-16 
 8705.55588364604   7.568163e-16 
 8708.38667678835     8.8515e-16 
 8711.21746993067    8.60236e-16 
 8714.04826307299   7.907123e-16 
 8716.87905621531   7.849288e-16 
 8719.70984935763   7.540575e-16 
 8722.54064249995   7.305166e-16 
 8725.37143564227   8.778853e-16 
 8728.20222878459   8.434556e-16 
  8731.0330219269    8.16027e-16 
 8733.86381506922   8.038302e-16 
 8736.69460821154   8.025637e-16 
 8739.52540135386   8.124592e-16 
 8742.35619449618   8.117982e-16 
  8745.1869876385   8.110713e-16 
 8748.01778078082   8.102807e-16 
 8750.84857392313   8.093899e-16 
 8753.67936706545   8.083997e-16 
 8756.51016020777   8.073516e-16 
 8759.34095335009   8.062329e-16 
 8762.17174649241   8.050422e-16 
 8765.00253963473   8.037804e-16 
