# STATUS =
# OBJECT = 2011ke
# TELESCOPE = Mayall
# INSTRUMENT = RC-Spec
# DATE-OBS = 2011-06-07 00:00:00.00
# MJD = 55719.0
# EXPTIME = 0
# AIRMASS = --
# SLIT = 0
# DISPERSER = --
# SOURCE = 2018ApJ...855....2Q
# FILTER =
# RESOLUTION =
# FLUX_STANDARD =
# EXTINCTION_CORRECTED = --
# PHOTOMETRY_CALIBRATED =
# TELLURIC_CORRECTED =
# FLUX_UNITS = Other
# WAVE_UNITS = Angstrom
# QUALITY = --
# MIN_WAVE = 3445.5005742
# MAX_WAVE = 8454.1914622
# COMMENT = Spectrum is the smoothed version. For the unbinned versions check the related files - clipped or raw.  [Data obtained from:R. Quimby] [Prev. spec info - createdby: ofer-UploadSet; modifiedby: ofer-UploadSet]
   Wavelength       Flux      Error 
 3448.9407143  0.7137257  0.0600931 
 3452.3922947  0.7088052  0.0584318 
  3455.843875  0.7038373  0.0583781 
 3459.3068955  0.7255291  0.0577508 
 3462.7584758  0.7291588  0.0563496 
 3466.2214963   0.711024  0.0558174 
 3469.6959569  0.7312101   0.056516 
 3473.1586983  0.7222196  0.0551354 
  3476.633159  0.7201948  0.0546042 
 3480.1076197  0.7091626  0.0553093 
 3483.5935205  0.6990511  0.0539482 
 3487.0794213  0.6878687  0.0534178 
 3490.5650431   0.681479  0.0529268 
 3494.0509438  0.6838821  0.0527883 
 3497.5482848  0.6992809  0.0522584 
 3501.0456258  0.7401012  0.0517668 
 3504.5429667  0.7409095  0.0516558 
 3508.0514688  0.7544455  0.0511264 
   3511.56025  0.7501459  0.0506338 
 3515.0690312  0.7509779  0.0494532 
 3518.5889733  0.7498754  0.0500218 
 3522.1091947  0.7609268  0.0495284 
  3525.629416  0.7717691  0.0490704 
 3529.1493583   0.770752  0.0489448 
 3532.6810197  0.7647555  0.0484506 
 3536.2126812  0.7217657  0.0479906 
 3539.7555037  0.7186555  0.0468562 
 3543.2871652  0.7202905  0.0474007 
 3546.8302667  0.7324785  0.0469387 
 3550.3845295  0.7453876  0.0458575 
 3553.9390713  0.7454873  0.0453722 
 3557.4818938  0.7495784  0.0459149 
 3561.0478758  0.7174239  0.0448863 
 3564.6021385  0.7215878  0.0444007 
 3568.1681205  0.7055172  0.0449193 
 3571.7338233  0.7108448  0.0444843 
 3575.3112455  0.7072021  0.0434566 
 3578.8883885  0.7074695  0.0429994 
 3582.4658107  0.6996745  0.0435145 
 3586.0429537   0.706068  0.0425403 
  3589.631816  0.6828855   0.042082 
 3593.2203992  0.6861097   0.041651 
 3596.8207017   0.682545  0.0416518 
 3600.4092848   0.678618  0.0411923 
 3604.0093083  0.6719668  0.0407596 
 3607.6210508  0.6707225   0.041246 
 3611.2210742  0.6676173  0.0403307 
 3614.8328167  0.6734649  0.0398963 
 3618.4557205  0.6599345  0.0394873 
  3622.067184  0.6594052  0.0394972 
 3625.6903667  0.6535732  0.0390611 
 3629.3247107  0.6674035  0.0386499 
 3632.9476143  0.6800975  0.0382627 
 3636.5819583  0.6867321  0.0382541 
 3640.2165812  0.6929421  0.0378409 
 3643.8623652   0.698637  0.0374511 
 3647.5081492  0.7149037  0.0365986 
 3651.1539333  0.7185771  0.0370602 
 3654.7999963  0.7236796   0.036668 
 3658.4572205  0.7375225  0.0362981 
 3662.1144447  0.7427476  0.0354773 
  3665.783109  0.7454941  0.0359134 
 3669.4403333  0.7446764  0.0355407 
 3673.1092767  0.7563607  0.0347276 
 3676.7893812  0.7661617  0.0343984 
 3680.4580455  0.7878816  0.0348121 
 3684.1495902  0.7969249  0.0344575 
 3687.8296947  0.7961067  0.0336739 
 3691.5212393   0.791064  0.0333603 
  3695.212784  0.7856852  0.0337548 
 3698.9043287  0.7803777  0.0329774 
 3702.6073135  0.7900936   0.032661 
 3706.3102983  0.8057974  0.0323623 
 3710.0132833    0.81559  0.0327401 
 3713.7277083  0.8323492  0.0319899 
 3717.4421333  0.8319517   0.031688 
 3721.1565583   0.832337  0.0314029 
 3724.8709833  0.8384719  0.0317668 
 3728.5968483   0.836975  0.0310421 
 3732.3341537  0.8433781  0.0307539 
 3736.0600188  0.8645271  0.0304816 
 3739.7973242  0.8628615  0.0308338 
 3743.5346295   0.870571  0.0301333 
  3747.283375  0.8806673  0.0298577 
 3751.0321205  0.8806895  0.0295974 
  3754.780866  0.8831342  0.0295409 
 3758.5410517  0.8835446  0.0292623 
 3762.2895181  0.8811162  0.0289986 
 3766.0611438  0.8836715  0.0287495 
 3769.8213295  0.8798515  0.0281199 
 3773.5929553  0.8884019  0.0284285 
 3777.3645812  0.8959513  0.0281759 
 3781.1473681  0.9042979  0.0279373 
  3784.930434  0.8993424  0.0273302 
    3788.7135  0.9046314  0.0276311 
  3792.496566  0.9078249  0.0273889 
 3796.2907931  0.9081904  0.0271602 
 3800.0852992  0.9006233  0.0265761 
 3803.8912455  0.9048211  0.0268695 
 3807.6971917  0.8935337   0.026637 
  3811.502859  0.8892882  0.0264175 
 3815.3088053  0.8900474  0.0258571 
 3819.1261917  0.8942817  0.0256269 
 3822.9432992  0.8912531  0.0259197 
 3826.7721258  0.8800853  0.0257088 
 3830.6006733  0.8870565  0.0251725 
    3834.4295  0.8959361  0.0249514 
 3838.2583267  0.8942904  0.0247416 
 3842.0983143  0.8946009  0.0250336 
 3845.9385812  0.8956748  0.0245218 
  3849.790009  0.9102957  0.0243092 
  3853.641716  0.9146317  0.0241075 
 3857.4931438  0.9196628  0.0243914 
  3861.356291  0.9185011  0.0239043 
  3865.219159  0.9133134  0.0236998 
 3869.0823062  0.9169826  0.0235058 
 3872.9451742  0.9198871   0.023322 
 3876.8197615  0.9222892  0.0233196 
 3880.6940697  0.9369895  0.0231227 
 3884.5798181   0.940508  0.0229359 
 3888.4658455  0.9421191  0.0227589 
 3892.3515938  0.9370188   0.022298 
 3896.2490615  0.9402791  0.0225774 
 3900.1348098   0.938063  0.0223974 
 3904.0434385  0.9429812  0.0222269 
 3907.9409062  0.9434259  0.0217769 
 3911.8495348  0.9442523  0.0216249 
 3915.7696037   0.946591    0.02189 
 3919.6785115  0.9487686  0.0217255 
 3923.5985803  0.9557812  0.0215701 
 3927.5186492  0.9665776  0.0211391 
 3931.4501583  0.9735042  0.0210007 
 3935.3819463  0.9725568  0.0212544 
 3939.3248955  0.9781412  0.0211041 
 3943.2564045  0.9786295  0.0206825 
 3947.1993537  0.9776154   0.020549 
 3951.1537431  0.9703757  0.0204231 
 3955.0969713  0.9705232   0.020668 
 3959.0513607  0.9635934  0.0202546 
 3963.0171902  0.9657744  0.0201257 
 3966.9830197  0.9649982  0.0200042 
 3970.9488492  0.9633755  0.0198899 
 3974.9146787  0.9631203  0.0201285 
 3978.8919483   0.958634  0.0197306 
 3982.8692181  0.9638408  0.0196132 
 3986.8582069  0.9694223  0.0195027 
 3990.8469167  0.9627264  0.0193991 
 3994.8356267  0.9636505  0.0193633 
 3998.8243365  0.9635826  0.0192498 
 4002.8244865  0.9618877  0.0191429 
 4006.8246365  0.9577827  0.0190425 
 4010.8362267   0.961373  0.0189486 
 4014.8478167  0.9633367  0.0185904 
 4018.8594069  0.9644252    0.01881 
 4022.8821583  0.9692945  0.0187127 
 4026.9051885  0.9736061  0.0186216 
 4030.9282188  0.9845887  0.0185367 
 4034.9626893   0.984714  0.0181916 
 4038.9971598  0.9833621  0.0184095 
 4043.0430705  0.9815176  0.0183211 
  4047.077541  0.9838986  0.0182385 
 4051.1234517  0.9963907  0.0181616 
 4055.1805233  0.9979874  0.0178303 
 4059.2378742  1.0037986  0.0177466 
  4063.295225  1.0057304  0.0179662 
 4067.3525758   1.004212  0.0178913 
 4071.4213667  1.0041945  0.0175863 
 4075.4898787  1.0102277  0.0175049 
 4079.5701098  1.0155207  0.0174287 
  4083.650341  1.0203947  0.0173575 
 4087.7417333  1.0216258  0.0175785 
 4091.8219643  1.0236154  0.0172881 
 4095.9136357  1.0166743  0.0172138 
 4100.0164681  1.0157543  0.0171444 
 4104.1081393  1.0139989  0.0170797 
 4108.2112508  1.0103526  0.0170197 
 4112.3255233  1.0079058   0.017242 
  4116.440075  1.0060722  0.0169556 
 4120.5546267  1.0132703  0.0168923 
 4124.6803393  1.0092155  0.0168334 
  4128.794891  1.0098125   0.016779 
 4132.9320438  1.0131694  0.0167289 
 4137.0580357   1.013134  0.0167288 
 4141.1951885  1.0194948   0.016671 
 4145.3440607  1.0208972  0.0166174 
 4149.4812135  1.0169054  0.0165679 
 4153.6300857  1.0155919  0.0165225 
 4157.7901188  1.0149906  0.0162459 
 4161.9504312  1.0078225  0.0162077 
 4166.1104643  1.0120617  0.0164303 
 4170.2822167  1.0152549  0.0163852 
   4174.44225  1.0143913  0.0163439 
 4178.6251635  1.0214916  0.0163063 
  4182.796916  1.0227776  0.0160367 
 4186.9798295   1.026246  0.0160058 
 4191.1741833  1.0265205  0.0162296 
 4195.3573758  1.0244164  0.0161919 
 4199.5631697  1.0238508  0.0161577 
 4203.7575233   1.019308  0.0158909 
 4207.9635963  1.0208608   0.015863 
 4212.1693902  1.0239893  0.0158383 
 4216.3866242  1.0154763  0.0158167 
 4220.5924181  1.0146464  0.0157983 
 4224.8213713  1.0088248  0.0160059 
 4229.0386053  1.0021657  0.0157439 
 4233.2787197  1.0080718  0.0157215 
 4237.5073938   1.006223  0.0157019 
 4241.7475083  0.9993373  0.0156853 
 4245.9879017  0.9952653  0.0156714 
  4250.228016  0.9903926  0.0156602 
 4254.4795705  0.9877087  0.0156269 
 4258.7425652  0.9762473  0.0156089 
 4262.9941197   0.972742  0.0155936 
 4267.2571143  0.9725046  0.0155808 
 4271.5315492  0.9724988  0.0155706 
 4275.7945438  0.9689674  0.0155629 
 4280.0804188  0.9653474  0.0153193 
 4284.3548537  0.9635787  0.0153054 
 4288.6407287  0.9591196  0.0155103 
 4292.9266037  0.9624705  0.0155006 
 4297.2239188  0.9606168  0.0154931 
  4301.521234  0.9600141  0.0154879 
 4305.8185492  0.9654083  0.0152563 
 4310.1273045  0.9644752   0.015245 
 4314.4360598  0.9614601  0.0152357 
 4318.7562553  0.9634529  0.0152283 
 4323.0650107  0.9641961  0.0154362 
 4327.3966463  0.9642182  0.0156809 
 4331.7168417  0.9749784  0.0159005 
 4336.0481983  0.9798096  0.0159585 
 4340.3912742   0.988728  0.0163679 
   4344.73435  0.9982459  0.0166055 
 4349.0774258  1.0013149  0.0155224 
 4353.4205017  1.0072356  0.0152425 
 4357.7747385  1.0147365  0.0155885 
 4362.1406947  1.0209723  0.0154032 
 4366.4952107  1.0318286  0.0155044 
 4370.8611667  1.0470659  0.0156849 
  4375.238284  1.0637925  0.0159188 
 4379.6156803  1.0775861  0.0161895 
 4383.9930767  1.0856421  0.0164836 
 4388.3701938   1.107936  0.0167882 
 4392.7590303  1.1244127  0.0167079 
 4397.1593069  1.1352472  0.0169611 
 4401.5593045  1.1559056  0.0175094 
 4405.9595812  1.1667963  0.0177477 
 4410.3595787  1.1888529  0.0179399 
 4414.7712955  1.2100472  0.0180732 
 4419.1827333  1.2208816  0.0181524 
 4423.6058902  1.2308152  0.0180918 
 4428.0287681  1.2409536  0.0175936 
 4432.4633652  1.2594885  0.0174427 
 4436.8862431  1.2700897  0.0172456 
 4441.3322803  1.2801507  0.0170139 
 4445.7665983  1.2882768  0.0170059 
 4450.2126357  1.2942996  0.0167322 
  4454.669834  1.3002677  0.0164599 
 4459.1273115  1.3125772   0.016017 
 4463.5845098  1.3270514  0.0157551 
 4468.0417083  1.3413769   0.015518 
 4472.5106258  1.3523188  0.0153174 
 4476.9907045  1.3570642   0.015169 
 4481.4593431  1.3591861  0.0150982 
  4485.951141  1.3584346   0.015156 
 4490.4312197  1.3591174  0.0154733 
 4494.9227385  1.3502487  0.0168358 
 4499.4145365  1.3561962  0.0162918 
 4503.9174955  1.3576204  0.0160277 
 4508.4204545  1.3608497  0.0156489 
 4512.9348537  1.3614657  0.0154091 
 4517.4380917  1.3610395  0.0151354 
 4521.9639312   1.361938  0.0149137 
 4526.4783303  1.3576056   0.014916 
 4531.0041697  1.3589177  0.0149188 
 4535.5414492  1.3562872  0.0147065 
 4540.0787287  1.3562472  0.0147044 
 4544.6160083   1.350154  0.0147027 
 4549.1650069  1.3425063  0.0147014 
 4553.7137267  1.3375739  0.0148935 
 4558.2624463  1.3369693  0.0148932 
 4562.8226062  1.3347847  0.0148932 
  4567.382766  1.3299199  0.0148936 
  4571.954366  1.3219953  0.0148943 
  4576.525966  1.3168013  0.0146926 
  4581.097566   1.312135   0.014689 
 4585.6806062  1.3055655  0.0146857 
 4590.2636463  1.2898983  0.0146827 
 4594.8581267  1.2777753   0.014873 
 4599.4526069  1.2634612  0.0147691 
 4604.0582483  1.2530254  0.0147081 
 4608.6527287  1.2452872  0.0146789 
 4613.2700893  1.2321759  0.0146736 
   4617.88745   1.230758  0.0146865 
 4622.5048107  1.2222705  0.0148787 
 4627.1221713  1.2187691  0.0147109 
 4631.7506931  1.2169985  0.0147432 
 4636.3794938  1.2157904  0.0147826 
 4641.0197348  1.2118927  0.0148263 
 4645.6599758  1.2099414  0.0148719 
 4650.3002167  1.1965137  0.0149173 
 4654.9516188  1.1872265  0.0149605 
 4659.6147402  1.1806018  0.0149998 
 4664.2664213  1.1747748  0.0150337 
 4668.9407037  1.1705256  0.0150608 
  4673.603825  1.1653655  0.0150801 
 4678.2783865  1.1602257  0.0148698 
 4682.9529479  1.1571243  0.0148736 
 4687.6383915  1.1557004   0.014866 
 4692.3243931  1.1525725  0.0148534 
 4697.0221139  1.1493585  0.0148329 
 4701.7192767  1.1452405  0.0148052 
 4706.4164393  1.1396163   0.014771 
 4711.1253213  1.1395364  0.0147313 
 4715.8342032   1.136518  0.0146876 
 4720.5542463  1.1323597  0.0148211 
 4725.2742893  1.1311204  0.0147709 
 4729.9943325  1.1345869  0.0147213 
 4734.7260947  1.1367971  0.0146745 
 4739.4690181  1.1367391  0.0144725 
 4744.2007803  1.1365089  0.0144299 
 4748.9554229  1.1339083  0.0143947 
 4753.6983463  1.1286694  0.0143695 
 4758.4529889  1.1290607  0.0143574 
 4763.2070733  1.1239918  0.0143626 
 4767.9728771  1.1231318  0.0143902 
 4772.7392389  1.1174691  0.0144469 
 4777.5162037  1.1114869  0.0145425 
 4782.2937267    1.11164  0.0143378 
 4787.0824107  1.1173354  0.0143339 
 4791.8599335  1.1228572  0.0143301 
 4796.6597787   1.125227  0.0143262 
 4801.4484628  1.1314569  0.0143224 
  4806.248866  1.1287937  0.0143185 
 4811.0604303  1.1254216  0.0141266 
 4815.8719947  1.1224999  0.0141208 
  4820.683559  1.1175728   0.014115 
 4825.5068425  1.1139479  0.0141092 
 4830.3295681  1.1111933  0.0141034 
 4835.1640128  1.1063339  0.0140976 
 4839.9984575  1.1000758  0.0140919 
 4844.8446213  1.0939966   0.014086 
 4849.6902271  1.0887672  0.0140802 
  4854.536391  1.0808334  0.0140744 
  4859.393716  1.0818112  0.0140685 
  4864.251041  1.0802516  0.0140626 
 4869.1195271  1.0825063  0.0140567 
 4873.9885713  1.0796628  0.0140508 
 4878.8570575   1.076895  0.0140448 
 4883.7372628  1.0765073  0.0140387 
 4888.6174681  1.0719388  0.0140326 
 4893.5093925  1.0690546  0.0140265 
  4898.400759  1.0672058  0.0140203 
 4903.3038447  1.0635425  0.0140141 
 4908.2069303  1.0606807  0.0140078 
  4913.110016  1.0605525  0.0138193 
 4918.0242628   1.062701   0.013813 
 4922.9502287  1.0591162  0.0138066 
 4927.8650335  1.0505683  0.0138001 
 4932.8021607  1.0463548  0.0137936 
 4937.7281267  1.0380081   0.013787 
 4942.6652537  1.0331211  0.0137804 
    4947.6141  1.0310802  0.0137736 
 4952.5629463   1.029078  0.0137668 
 4957.5117925   1.030591  0.0137599 
    4962.4718  1.0294108  0.0137529 
 4967.4318075  1.0324832  0.0137459 
  4972.403534  1.0363162  0.0137388 
 4977.3752607  1.0372165  0.0137316 
 4982.3469872  1.0367341  0.0137243 
  4987.329875   1.037219  0.0137169 
 4992.3244819  1.0390472  0.0137095 
 4997.3073697  1.0387843  0.0137019 
 5002.3131378  1.0390741  0.0136943 
 5007.3077447  1.0434427  0.0136866 
 5012.3135128  1.0495849  0.0136788 
     5017.331  1.0630629   0.013671 
 5022.3484872  1.0749846   0.013663 
 5027.3771357  1.0853174   0.013655 
 5032.3946229  1.0939516  0.0136469 
 5037.4344325  1.1071807  0.0136387 
    5042.4748  1.1212449  0.0136305 
 5047.5151675  1.1334301  0.0136222 
 5052.5549771   1.149996  0.0136137 
  5057.618225  1.1636595  0.0136053 
 5062.6697537   1.184117  0.0135967 
 5067.7330017  1.1954825  0.0135881 
 5072.8074107  1.2114379  0.0135794 
 5077.8706585  1.2286783  0.0135707 
 5082.9562287  1.2407264  0.0135618 
 5088.0306378  1.2579278   0.013553 
 5093.1279271  1.2743651   0.013544 
 5098.2140553  1.2924612  0.0133724 
 5103.3230639  1.3090316  0.0133635 
 5108.4203532  1.3216681  0.0133545 
 5113.5288037  1.3322845  0.0133454 
 5118.6489733  1.3434886  0.0133364 
 5123.7579819   1.352257  0.0133272 
 5128.8893128  1.3607537  0.0133181 
 5134.0094825  1.3694803  0.0133089 
 5139.1525325  1.3811032  0.0132996 
 5144.2844213  1.3898154  0.0132904 
 5149.4274713  1.4040035  0.0132811 
 5154.5816825  1.4111452  0.0132718 
 5159.7364517  1.4147505  0.0132624 
 5164.9023819   1.419878  0.0132531 
 5170.0565931  1.4226854  0.0132438 
 5175.2342425  1.4258971  0.0132344 
  5180.411334  1.4304444  0.0132251 
 5185.5889835  1.4311903  0.0132157 
 5190.7772361   1.431363  0.0132064 
 5195.9660468  1.4260828  0.0131971 
 5201.1665767  1.4227281  0.0130279 
 5206.3665483  1.4216506  0.0130171 
 5211.5670782  1.4195801  0.0130063 
 5216.7782111  1.4161966  0.0129954 
 5222.0016213  1.4035825  0.0129846 
 5227.2244733  1.3978058  0.0129738 
 5232.4478835  1.3888361   0.012963 
 5237.6818968  1.3803308  0.0129522 
 5242.9164681  1.3719171  0.0129414 
 5248.1627585  1.3593311  0.0129307 
  5253.408491  1.3479027    0.01292 
 5258.6659425  1.3398796  0.0129093 
 5263.9228361  1.3259583  0.0128987 
 5269.1920069  1.3130627  0.0128881 
 5274.4606197  1.3037107  0.0128776 
 5279.7292325  1.2903656  0.0127184 
 5285.0095643  1.2789015  0.0127081 
 5290.3010575  1.2664967  0.0126979 
 5295.5931085  1.2517428  0.0126878 
 5300.8846017  1.2429452  0.0126778 
 5306.1878139  1.2308108  0.0128159 
 5311.4904681  1.2180675  0.0128035 
 5316.8048415  1.2118734  0.0127912 
 5322.1197729  1.2060099   0.012779 
 5327.4453075  1.1964701  0.0127669 
    5332.7714   1.188186  0.0127549 
 5338.1086537  1.1882101   0.012743 
 5343.4347463   1.183762  0.0125836 
 5348.7831611  1.1786933  0.0125721 
  5354.132134  1.1797822  0.0125607 
 5359.4922681  1.1780689  0.0125494 
 5364.8524021  1.1780732  0.0125383 
 5370.2125361   1.180799  0.0125273 
 5375.5843893  1.1820488  0.0125165 
 5380.9562425  1.1822287  0.0125058 
 5386.3392569   1.182644  0.0124953 
 5391.7222713  1.1825995   0.012485 
 5397.1164468  1.1864311  0.0123225 
 5402.5223415  1.1875921  0.0123098 
  5407.917075  1.1888103  0.0122974 
 5413.3229697  1.1913193  0.0124283 
 5418.7405835  1.1923316  0.0124161 
 5424.1576393   1.192674   0.012404 
 5429.5864143  1.1892548  0.0123921 
 5435.0151893  1.1937509  0.0123804 
 5440.4556835  1.1928049   0.012369 
 5445.8844585  1.1888931  0.0123578 
 5451.3361139  1.1874712  0.0122011 
 5456.7872111  1.1822701  0.0121874 
 5462.2505857  1.1796541  0.0123257 
 5467.7134021  1.1787221  0.0124609 
 5473.1767767  1.1741099  0.0126624 
 5478.6513122  1.1721587  0.0128164 
 5484.1258479  1.1670233  0.0131091 
 5489.6115447  1.1585906  0.0125434 
 5495.0972415  1.1543089  0.0120881 
 5500.5946575  1.1476947  0.0120847 
 5506.1037925  1.1403347  0.0121341 
 5511.6123697  1.1386706  0.0122194 
 5517.1209468  1.1321222  0.0123303 
 5522.6300819  1.1244141  0.0124601 
 5528.1615393  1.1173599  0.0126033 
 5533.6818357  1.1091059   0.012755 
 5539.2132931  1.1005619   0.012824 
 5544.7564697  1.0952408  0.0129647 
 5550.2996463  1.0926697   0.013098 
  5555.853984  1.0853212  0.0132204 
 5561.4083218  1.0804164  0.0134776 
 5566.9743787  1.0823965  0.0135682 
 5572.5404357  1.0811476  0.0136358 
 5578.1064925  1.0796561  0.0136782 
 5583.6948718  1.0770741  0.0134256 
 5589.2726479  1.0689406  0.0133342 
 5594.8610271  1.0653175   0.013443 
 5600.4616835  1.0629958  0.0134685 
 5606.0617819  1.0616435   0.013627 
 5611.6618803  1.0589333  0.0136139 
  5617.284859  1.0572567  0.0138284 
 5622.8966767  1.0486907  0.0126796 
 5628.5196553  1.0482184  0.0124612 
 5634.1543532  1.0468661  0.0123304 
 5639.7773319  1.0485847  0.0122536 
  5645.423191  1.0478173   0.012215 
   5651.06905   1.048202  0.0122082 
  5656.714909  1.0454055  0.0122329 
 5662.3724872  1.0453727  0.0122466 
 5668.0412267  1.0487633  0.0123667 
  5673.709966    1.04875  0.0129335 
 5679.3787053  1.0500753  0.0136089 
 5685.0591639  1.0455559  0.0135968 
 5690.7507835  1.0399091  0.0133969 
 5696.4424032  1.0414029  0.0131224 
 5702.1340229  1.0418212  0.0130502 
 5707.8368037  1.0388194  0.0129006 
 5713.5401425  1.0391839  0.0129369 
 5719.2546425  1.0374759  0.0128704 
 5724.9803037  1.0356755  0.0129555 
 5730.7065229  1.0399665  0.0126993 
  5736.432184  1.0369681  0.0125743 
 5742.1695643  1.0395066  0.0124369 
 5747.9069447   1.040194  0.0122904 
 5753.6554861  1.0416119  0.0121378 
 5759.4157468   1.041537  0.0119825 
 5765.1760075  1.0436012  0.0116616 
 5770.9479872    1.04784  0.0116286 
 5776.7082479   1.051051  0.0114886 
 5782.4913889  1.0535496  0.0113621 
 5788.2739718  1.0623029  0.0112535 
 5794.0571128  1.0660712  0.0111685 
 5799.8519729  1.0718503  0.0110379 
 5805.6574361  1.0732669  0.0110347 
 5811.4634575  1.0727832  0.0114442 
 5817.2694787  1.0838701  0.0118474 
 5823.0866611  1.0861279  0.0116721 
 5828.9155628  1.0862348  0.0113711 
 5834.7444643  1.0890038  0.0111821 
  5840.573366  1.0976795  0.0110442 
 5846.4134287  1.1007015  0.0109162 
 5852.2652107  1.1098217  0.0110169 
 5858.1169925  1.1156344  0.0108869 
 5863.9799357  1.1247467  0.0108757 
 5869.8428787   1.129454  0.0109827 
 5875.7058218   1.134836  0.0111237 
 5881.5922032  1.1419646  0.0112465 
 5887.4663075  1.1501431  0.0114564 
 5893.3526889  1.1583395  0.0110962 
 5899.2496733  1.1639904  0.0109096 
  5905.147216  1.1719046  0.0108368 
 5911.0559197  1.1774802  0.0108303 
 5916.9646233  1.1896328  0.0107447 
 5922.8850463  1.1984257  0.0108213 
 5928.8049111  1.2018641  0.0110332 
 5934.7370532  1.2042168  0.0111438 
 5940.6686372   1.213582  0.0112633 
 5946.6113825  1.2217615  0.0112725 
 5952.5546857  1.2294503   0.011393 
   5958.50915  1.2324313  0.0115122 
 5964.4753335  1.2336243  0.0117991 
 5970.4297979  1.2437162  0.0119032 
 5976.4071425   1.243821  0.0118214 
 5982.3844872  1.2441734  0.0118899 
 5988.3618319  1.2478412  0.0119434 
 5994.3503378  1.2506944  0.0119809 
 6000.3505628   1.256724  0.0119275 
 6006.3507878  1.2579232  0.0118513 
 6012.3510128  1.2551959  0.0117608 
 6018.3629569  1.2580976   0.011658 
 6024.3860622  1.2616138   0.011545 
 6030.4091675  1.2616723  0.0112516 
  6036.443434  1.2596362  0.0112452 
 6042.4782585  1.2572091   0.011109 
 6048.5236861  1.2580569  0.0109751 
 6054.5696718  1.2562379  0.0107182 
 6060.6273767   1.254849  0.0105991 
 6066.6845233  1.2587521  0.0105944 
 6072.7533893  1.2600737  0.0105048 
 6078.8222553  1.2597409  0.0103665 
 6084.9022825  1.2620468  0.0103306 
 6090.9940287   1.264497  0.0103351 
  6097.085775  1.2669688  0.0107123 
 6103.1775213  1.2631845  0.0110204 
 6109.2804287  1.2671838  0.0107856 
 6115.3950553    1.26873  0.0106449 
 6121.5096819  1.2701155  0.0104896 
 6127.6354697  1.2704005  0.0102654 
 6133.7500963  1.2712632  0.0102592 
 6139.8876032  1.2722329  0.0102543 
 6146.0362713  1.2694689  0.0102507 
 6152.1737782   1.273579  0.0101409 
 6158.3336075   1.268804    0.01024 
 6164.4828335  1.2636703  0.0102353 
 6170.6543819  1.2623684   0.010232 
 6176.8259303   1.266566  0.0101246 
 6182.9974787  1.2685122   0.010119 
 6189.1807463  1.2668146    0.01022 
  6195.375175  1.2617259  0.0102171 
 6201.5696037  1.2646177  0.0101118 
 6207.7757517   1.264334  0.0101065 
 6213.9813415  1.2590975  0.0101027 
 6220.1992085  1.2572263  0.0102059 
 6226.4165175  1.2544359  0.0101024 
 6232.6449878  1.2537277  0.0100977 
  6238.874016  1.2545708  0.0100944 
 6245.1142053  1.2505292   0.010102 
 6251.3543947  1.2486341  0.0100965 
 6257.6063032  1.2520967  0.0100925 
 6263.8693729  1.2534089  0.0100899 
 6270.1324425   1.249377  0.0099936 
 6276.4066733  1.2473429  0.0100943 
 6282.6814622  1.2459832  0.0100911 
 6288.9674122  1.2470218  0.0100894 
 6295.2533622  1.2477154  0.0099944 
 6301.5504733  1.2473089  0.0100959 
 6307.8481425  1.2443672  0.0100936 
 6314.1569729   1.237272  0.0099984 
 6320.4658032  1.2329831  0.0099995 
 6326.7857947  1.2272912  0.0101015 
 6333.1175053  1.2201993  0.0101004 
  6339.449216  1.2092983  0.0100067 
 6345.7920878  1.2043889   0.010009 
 6352.1355175   1.201862  0.0101114 
 6358.4901085  1.1942475  0.0100175 
 6364.8558607  1.1878364  0.0100195 
 6371.2104517  1.1788121  0.0100232 
 6377.5879229    1.17413  0.0100318 
 6383.9648361  1.1682858  0.0100336 
 6390.3540267   1.164879   0.010037 
  6396.742659  1.1628131  0.0100423 
 6403.1312915  1.1501791  0.0100512 
 6409.5433622  1.1455283  0.0100545 
  6415.954875  1.1436181  0.0100596 
 6422.3663878  1.1379534  0.0099689 
 6428.7896197  1.1306791  0.0100755 
 6435.2128517  1.1214756  0.0100805 
 6441.6472447  1.1155432  0.0099927 
 6448.0933569  1.1110466  0.0099957 
 6454.5389111  1.1018788  0.0101048 
 6460.9967425  1.0971144  0.0100199 
 6467.4651771  1.0916195  0.0100228 
 6473.9230085  1.0879802  0.0100276 
 6480.4031622  1.0840944  0.0100502 
  6486.883316  1.0799612  0.0100531 
 6493.3634697   1.074315   0.010058 
 6499.8665037  1.0707977  0.0100648 
 6506.3583767   1.069024  0.0100865 
 6512.8725718  1.0660775  0.0100914 
  6519.387325  1.0609365  0.0100984 
 6525.9020782  1.0580308  0.0101229 
 6532.4279925  1.0552731  0.0101279 
 6538.9650681  1.0516338   0.010135 
 6545.5027017  1.0425298  0.0100567 
 6552.0514963  1.0343211  0.0101673 
  6558.600291  1.0285116  0.0101746 
 6565.1602468  1.0218748  0.0100966 
 6571.7207607  1.0140356  0.0102095 
 6578.2924357  1.0082639  0.0102171 
 6584.8752718  1.0007468  0.0101393 
  6591.458666  0.9977726  0.0101512 
 6598.0532213  0.9951993  0.0101746 
 6604.6477767  0.9917732  0.0101848 
 6611.2534931  0.9907492  0.0101972 
 6617.8597675  0.9902266  0.0102224 
 6624.4883643  0.9888018  0.0102331 
    6631.1058  0.9904028  0.0102459 
  6637.746116  0.9876974  0.0101675 
 6644.3747128  0.9866714  0.0102839 
 6651.0267479  0.9837786  0.0102973 
  6657.678225  0.9789955  0.0102196 
 6664.3297021  0.9780097  0.0103374 
 6670.9928983  0.9747148  0.0103514 
 6677.6678139  0.9667295  0.0102741 
 6684.3421713  0.9652761  0.0103934 
 6691.0282479  0.9652977   0.010408 
 6697.7254857  0.9649267   0.010331 
 6704.4227233  0.9630613  0.0104518 
 6711.1199611  0.9605987  0.0103791 
 6717.8406372   0.959026  0.0103902 
 6724.5490361   0.960195  0.0105127 
 6731.2808733  0.9617212    0.01044 
 6738.0127107  0.9590225  0.0104518 
 6744.7445479   0.955714  0.0104661 
 6751.4987075  0.9535909   0.010503 
 6758.2422639  0.9537936  0.0105157 
 6765.0081425   0.951447  0.0104464 
 6771.7740213  0.9500232  0.0105682 
    6778.5399  0.9458029  0.0105818 
 6785.3174979  0.9459939  0.0105132 
 6792.1062569  0.9423097  0.0106357 
  6798.895016  0.9350567  0.0106502 
 6805.6949361  0.9279491  0.0105824 
 6812.5071335  0.9257107  0.0107053 
 6819.3187729  0.9231558  0.0106355 
 6826.1304122  0.9205328  0.0106538 
 6832.9649319  0.9163516  0.0107771 
 6839.7994517  0.9144781  0.0107081 
 6846.6339713  0.9127604  0.0107276 
 6853.4796521  0.9105537  0.0107649 
 6860.3370521   0.905787   0.010783 
 6867.1944521  0.9020898  0.0108039 
 6874.0635713  0.9012496  0.0108408 
 6880.9438517  0.8980737  0.0108602 
 6887.8241319  0.8931996  0.0109009 
 6894.7155733   0.890141  0.0109189 
 6901.6075729  0.8870773  0.0109398 
 6908.5107335   0.882351  0.0109798 
 6915.4133361  0.8808414  0.0109993 
  6922.328216    0.88012  0.0109301 
 6929.2542569  0.8779515   0.011061 
 6936.1802979  0.8767955  0.0110821 
    6943.1175  0.8705665   0.011011 
 6950.0664213  0.8744484  0.0111445 
 6957.0153425   0.871075  0.0110759 
  6963.975425  0.8676499  0.0110941 
 6970.9355075  0.8675659  0.0111428 
  6977.907309  0.8653924  0.0111596 
 6984.8791107  0.8669472  0.0112953 
 6991.8737925  0.8640686  0.0112269 
 6998.8679165  0.8594376  0.0112455 
 7005.8625983  0.8588805  0.0112959 
 7012.8684415  0.8545274  0.0113133 
 7019.8860037  0.8524765  0.0112485 
  7026.903566  0.8514004  0.0113827 
 7033.9322893   0.850143   0.011402 
 7040.9610128   0.846638  0.0114537 
 7048.0014553  0.8435534  0.0114718 
  7055.053059  0.8381418  0.0114069 
 7062.1046628  0.8339191  0.0115431 
 7069.1679857  0.8283615  0.0114765 
 7076.2424697  0.8329103  0.0115002 
 7083.3169537  0.8355166   0.011635 
 7090.4031569   0.836633  0.0115702 
 7097.4888021  0.8343812  0.0117079 
 7104.5861665  0.8289905  0.0116415 
   7111.69525  0.8367598  0.0116665 
 7118.8043335  0.8376138  0.0117141 
 7125.9245782  0.8376923  0.0117381 
  7133.055984   0.838944   0.011788 
 7140.1762287  0.8442496   0.011811 
 7147.3193537  0.8549079  0.0117443 
 7154.4741979  0.8603455  0.0118851 
  7161.628484  0.8644374  0.0119108 
 7168.7944893  0.8675953  0.0119602 
 7175.9604947   0.870673  0.0119851 
 7183.1376611  0.8799136   0.011916 
 7190.3153857  0.8906367  0.0120604 
 7197.5042713  0.9011041  0.0119924 
 7204.7043181  0.9081154  0.0121368 
  7211.916084  0.9116703  0.0120697 
   7219.12785  0.9136739  0.0120917 
  7226.339616  0.9245484  0.0121479 
 7233.5742622  0.9264101  0.0121691 
 7240.8089085  0.9395282  0.0122269 
 7248.0429968  0.9448369  0.0122473 
 7255.2893622  0.9478263  0.0123067 
 7262.5468889  0.9536948  0.0123264 
 7269.8155767  0.9584941  0.0122613 
 7277.0842643  0.9680402  0.0124061 
 7284.3529521  0.9734213  0.0123398 
 7291.6450782  0.9755694  0.0124866 
 7298.9366463  0.9797242   0.012509 
 7306.2399335  0.9853393  0.0125677 
 7313.5426628  0.9876297  0.0125895 
 7320.8571111   0.985391  0.0125251 
 7328.1832787  0.9863223  0.0126707 
 7335.4977271  0.9848025  0.0126052 
 7342.8356139  0.9886258  0.0127525 
 7350.1841037  0.9875973   0.012686 
 7357.5331517  0.9932933   0.012835 
 7364.8933607  0.9914926  0.0127675 
 7372.2535697  0.9907488  0.0127969 
  7379.636659  0.9890715  0.0128498 
 7387.0085872  0.9923816   0.012879 
 7394.3916767  1.0001657   0.012933 
 7401.7976463  0.9928389   0.012962 
 7409.1918968  0.9859175  0.0130172 
 7416.5978665  0.9838108  0.0130462 
 7424.0155553   0.981521  0.0131026 
 7431.4444053  0.9782705  0.0130366 
 7438.8732553  0.9671558  0.0131897 
 7446.3132665  0.9597402  0.0131242 
 7453.7649968  0.9501029  0.0131489 
 7461.2167271  0.9468665  0.0132139 
 7468.6801767  0.9494398  0.0132393 
 7476.1430681  0.9443421  0.0133064 
 7483.6176787  0.9419585  0.0133325 
 7491.1040085  0.9267755   0.013402 
 7498.6009415  0.9201549  0.0134293 
 7506.0984325  0.9181298  0.0135015 
 7513.6076425  0.9177251  0.0135301 
 7521.1162947  0.9112613  0.0136055 
  7528.636666  0.9080426  0.0136357 
 7536.1681983  0.8957569  0.0137145 
   7543.71145  0.8931841  0.0137465 
 7551.2547017  0.8894501  0.0138291 
 7558.7979532  0.8839759  0.0138634 
 7566.3635271  0.8804332  0.0139501 
  7573.929659  0.8719656  0.0138976 
 7581.5069521  0.8717957  0.0139409 
 7589.0848032  0.8683457  0.0140285 
 7596.6732575  0.8633674  0.0140748 
 7604.2739889  0.8476656  0.0141674 
 7611.8741622  0.8404142  0.0142169 
 7619.4854968  0.8382496  0.0143149 
 7627.1091085  0.8312317  0.0143679 
 7634.7321622  0.8325358  0.0144716 
 7642.3663771  0.8281893   0.014436 
 7650.0123111  0.8253394  0.0146383 
 7657.6588032  0.8210043  0.0146059 
 7665.3158983  0.8184102   0.014903 
 7672.9847128    0.81488  0.0150939 
 7680.6535271  0.8119485  0.0154477 
 7688.3452218  0.8083035  0.0153317 
 7696.0257553  0.7973012  0.0153929 
 7703.7286111  0.7949759  0.0152394 
  7711.432025  0.7972537  0.0153151 
    7719.1466  0.7945343  0.0154389 
  7726.861175  0.7920008  0.0156296 
 7734.5869111  0.7875932  0.0158001 
 7742.3243665    0.78775   0.016065 
 7750.0618218   0.783628  0.0164613 
 7757.8221575  0.7872515  0.0167383 
 7765.5713319  0.7905431  0.0172624 
 7773.3428287  0.7824878  0.0176563 
 7781.1148835  0.7771878  0.0176329 
 7788.8975415  0.7721776  0.0178225 
 7796.6924767  0.7787068  0.0180578 
 7804.4868537  0.7726944  0.0181784 
   7812.29295  0.7702953  0.0186893 
 7820.0990463  0.7632576  0.0188639 
 7827.9163037   0.757738  0.0194227 
 7835.7452803  0.7478601   0.019611 
 7843.5854181  0.7464322  0.0203821 
 7851.4261139  0.7396831  0.0206082 
 7859.2774128  0.7298678  0.0210301 
 7867.1409889   0.730308  0.0212253 
 7875.0040069  0.7168589   0.021567 
 7882.8899053  0.7101954  0.0218507 
 7890.7646425  0.7069342  0.0219654 
 7898.6617021  0.6917837  0.0221527 
 7906.5593197  0.6765268  0.0220579 
 7914.4569372  0.6848521  0.0222649 
 7922.3768771  0.6863554  0.0222041 
  7930.297375  0.6787673  0.0223715 
  7938.229034  0.6766815  0.0223364 
 7946.1724122  0.6768678  0.0226764 
 7954.1152325  0.6798156  0.0230641 
 7962.0697718  0.6793698  0.0232904 
 7970.0360303  0.6863052  0.0244752 
 7978.0022889  0.6799833  0.0239594 
 7985.9797085  0.6782787    0.02352 
 7993.9682893   0.673933  0.0232171 
 8001.9685893  0.6681817  0.0231272 
 8009.9688893  0.6639374  0.0230748 
 8017.9691893   0.662847  0.0233369 
 8025.9923697  0.6574576  0.0236293 
 8034.0267111  0.6465572   0.023724 
 8042.0498915   0.647765  0.0242532 
 8050.0959521  0.6452765  0.0245679 
 8058.1537319   0.634896  0.0257633 
 8066.1997925   0.618517  0.0267563 
 8074.2687335  0.6142098  0.0264764 
 8082.3488357  0.6083842  0.0262879 
 8090.4289378  0.6007603  0.0261037 
  8098.520759  0.5871437  0.0266056 
 8106.6237415   0.578256  0.0268611 
 8114.7272819  0.5717504  0.0273794 
 8122.8419835  0.5624509   0.027917 
 8130.9678463  0.5524704   0.028186 
  8139.093709  0.5295792  0.0287405 
  8147.231291  0.5124555  0.0289385 
  8155.380034  0.5137019  0.0295983 
 8163.5404963  0.5119728  0.0301902 
 8171.7009585  0.5091773  0.0304051 
 8179.8725819   0.509023  0.0311009 
 8188.0553665  0.4977976  0.0313203 
  8196.238709  0.5057023  0.0319632 
 8204.4449319  0.5046249  0.0326969 
 8212.6505968  0.4899085   0.032933 
 8220.8568197  0.4901994   0.033616 
 8229.0742037   0.501802   0.033941 
 8237.3144681  0.5108436  0.0346422 
 8245.5435713  0.5135843  0.0353662 
 8253.7949968  0.5148286  0.0357081 
 8262.0469803  0.5323698  0.0364508 
  8270.310125  0.5233591   0.036709 
 8278.5849889  0.5205053  0.0375764 
 8286.8592947  0.5139415  0.0383616 
 8295.1453197  0.5165989  0.0386335 
 8303.4430639  0.5205066  0.0396778 
 8311.7514111  0.5125235  0.0407986 
 8320.0603165  0.5076945  0.0414361 
  8328.380941  0.4965378  0.0427206 
 8336.7127267  0.4990084  0.0437999 
 8345.0445122  0.5006013  0.0454088 
  8353.387459  0.5126224  0.0472194 
  8361.742125  0.5375219  0.0485417 
 8370.1079521   0.536192  0.0508724 
 8378.4743372  0.5375974  0.0536196 
 8386.8518835  0.5437691  0.0574149 
  8395.240591  0.5588382  0.0617428 
 8403.6410175  0.5610895  0.0671497 
 8412.0408861  0.5623998  0.0720497 
 8420.4530319  0.5641341  0.0802609 
 8428.8763389  0.5558031  0.0908402 
 8437.3108069  0.5515258   0.107538 
  8445.745275  0.5716957  0.1259975 
 8454.1914622  0.5955738  0.1500664 
