# STATUS =
# OBJECT = 2007bi
# TELESCOPE = Keck1
# INSTRUMENT = LRIS
# DATE-OBS = 2008-08-04 00:00:00.00
# MJD = 54682.0
# EXPTIME = 1800
# AIRMASS = --
# SLIT = 1.0
# DISPERSER = --
# SOURCE = 2017ApJ...835...13J
# FILTER =
# RESOLUTION =
# FLUX_STANDARD =
# EXTINCTION_CORRECTED = --
# PHOTOMETRY_CALIBRATED =
# TELLURIC_CORRECTED =
# FLUX_UNITS = Other
# WAVE_UNITS = Angstrom
# QUALITY = --
# MIN_WAVE = 3400.0
# MAX_WAVE = 9260.0
# COMMENT = [Data obtained from:Jerkstrand, A.] [Prev. spec info - createdby: ilanm-UploadSet; modifiedby: ilanm]
 Wavelength                     Flux 
     3405.0   3.0928339651725323e-18 
     3410.0    5.997669191002117e-18 
     3415.0   1.4861496155476202e-19 
     3420.0    3.129754352623129e-18 
     3425.0    3.478772971239139e-18 
     3430.0    8.328683466550406e-18 
     3435.0   3.0357759108340787e-18 
     3440.0   2.8551247066428366e-18 
     3445.0    3.333065722776002e-18 
     3450.0   1.6472852560864857e-18 
     3455.0   1.1907174977916783e-18 
     3460.0  -2.0799720135060212e-18 
     3465.0   3.3802527716848514e-18 
     3470.0    6.666590417823736e-19 
     3475.0     4.74574384029389e-18 
     3480.0     3.65847424380914e-18 
     3485.0    4.551333211321096e-18 
     3490.0    2.852030763593883e-18 
     3495.0   3.1866632801347265e-18 
     3500.0   2.9658338312510533e-18 
     3505.0   3.4262941130184628e-18 
     3510.0   3.9103265840787236e-18 
     3515.0    5.538890846803321e-18 
     3520.0   3.4045770489200373e-18 
     3525.0     3.65217144233289e-18 
     3530.0    2.147395666806764e-18 
     3535.0   2.5264619938802055e-18 
     3540.0    3.819520564897718e-18 
     3545.0   1.6960194644948037e-18 
     3550.0    3.760787152115364e-18 
     3555.0    2.637796761919582e-18 
     3560.0    2.397047039226109e-18 
     3565.0   4.4145356641793165e-18 
     3570.0    8.990841979749084e-19 
     3575.0   2.5169487048600645e-18 
     3580.0    7.181954247231508e-18 
     3585.0    5.160265039123247e-18 
     3590.0    2.324037489738813e-18 
     3595.0   2.4895830549153086e-18 
     3600.0    2.972378368566803e-18 
     3605.0    3.596384224255907e-18 
     3610.0    3.887904300469261e-18 
     3615.0   5.9886905655170864e-18 
     3620.0   2.9540397476674744e-18 
     3625.0    1.009512832566141e-18 
     3630.0   5.1772846081756994e-18 
     3635.0   2.1892045632242036e-18 
     3640.0   2.0877233815985214e-18 
     3645.0    7.270481696219814e-18 
     3650.0   4.5220247771773885e-18 
     3655.0   3.1461722137267157e-18 
     3660.0   2.8839279579959863e-18 
     3665.0   3.1762162566718075e-18 
     3670.0   3.1560311887568427e-18 
     3675.0   2.9068704623953535e-18 
     3680.0    6.133845167504226e-18 
     3685.0   1.5110483130286902e-18 
     3690.0    3.750215125282874e-18 
     3695.0    4.269248853114586e-18 
     3700.0    4.398199070930533e-18 
     3705.0    2.444373314945578e-18 
     3710.0    7.810095552740998e-19 
     3715.0   3.8231187195331054e-18 
     3720.0   2.5109703482197238e-18 
     3725.0   1.8460119475176525e-18 
     3730.0    3.545015671653673e-18 
     3735.0    4.595241349789027e-18 
     3740.0     2.20428551485669e-18 
     3745.0    6.235688138330862e-18 
     3750.0   2.9934883047707647e-18 
     3755.0    4.428517557363705e-18 
     3760.0   3.8649892090895364e-18 
     3765.0    4.321506214136548e-18 
     3770.0    2.445328603854087e-18 
     3775.0    2.975616864384478e-18 
     3780.0   2.3932439291912907e-18 
     3785.0    8.212789678375708e-18 
     3790.0   4.9162462433467604e-18 
     3795.0     2.99632541132254e-18 
     3800.0    5.595205334732404e-18 
     3805.0    2.160961633992551e-18 
     3810.0     4.24010051100559e-18 
     3815.0    4.405207718501126e-18 
     3820.0   2.3216219484353944e-18 
     3825.0    2.884393760025755e-18 
     3830.0    4.749250827058237e-18 
     3835.0    3.559032026919898e-18 
     3840.0   1.8251701576395443e-18 
     3845.0   2.6657146510611856e-18 
     3850.0    4.234797109902601e-18 
     3855.0   2.1969712199493728e-18 
     3860.0   3.1399380231224866e-18 
     3865.0   3.7477911877631535e-18 
     3870.0    3.549120418892058e-18 
     3875.0   2.3830637988876124e-18 
     3880.0   2.1393795359382633e-18 
     3885.0   4.4726550253216744e-18 
     3890.0    4.420633572914464e-18 
     3895.0   3.2680645971825413e-18 
     3900.0   3.1660656071126827e-18 
     3905.0    4.001762632774031e-18 
     3910.0    9.340174077993146e-19 
     3915.0    2.755297610957812e-18 
     3920.0    3.749733282720469e-18 
     3925.0   2.5986762838353754e-18 
     3930.0   3.4768358889482725e-18 
     3935.0   2.9528376162655203e-18 
     3940.0     3.37328109252932e-18 
     3945.0    3.419650450223685e-18 
     3950.0    6.292944067677388e-18 
     3955.0    3.570438976007792e-18 
     3960.0    5.109504898911255e-18 
     3965.0    4.426313237292779e-18 
     3970.0    5.286072315075702e-18 
     3975.0    2.749524804971043e-18 
     3980.0   2.7827686835438226e-18 
     3985.0   2.8183178247581432e-18 
     3990.0   2.7305966005098223e-18 
     3995.0    3.348852489173666e-18 
     4000.0    4.122894030804575e-18 
     4005.0    5.629552125240614e-18 
     4010.0    4.662080244219333e-18 
     4015.0    2.666899833384709e-18 
     4020.0      4.9133880835959e-18 
     4025.0    3.714482959084836e-18 
     4030.0    3.917394443771744e-18 
     4035.0    2.610184332139711e-18 
     4040.0   2.4150550747731296e-18 
     4045.0    3.604758510142185e-18 
     4050.0   2.0267876851409862e-18 
     4055.0   4.8063237940793764e-18 
     4060.0   2.9404213041298005e-18 
     4065.0    3.859502845661161e-18 
     4070.0    3.641987897150194e-18 
     4075.0   3.5373318805707386e-18 
     4080.0    3.872453069432024e-18 
     4085.0   3.1745269880785112e-18 
     4090.0    4.239610209568553e-18 
     4095.0   2.1353367264596887e-18 
     4100.0    4.539783714531061e-18 
     4105.0   5.4536914950454674e-18 
     4110.0    1.857924298700261e-18 
     4115.0    3.893265660528067e-18 
     4120.0    3.850817461163394e-18 
     4125.0   1.2986529260786987e-18 
     4130.0   2.4837289184154057e-18 
     4135.0   2.2079429129436704e-18 
     4140.0   2.2927439770229904e-18 
     4145.0   4.1395298175820295e-18 
     4150.0    5.578568921371643e-18 
     4155.0    2.907937596424004e-18 
     4160.0   3.5728027615301256e-18 
     4165.0    5.008314514597942e-18 
     4170.0    3.974456132293373e-18 
     4175.0    3.614837102621107e-18 
     4180.0     4.45494715450745e-18 
     4185.0   1.8487576668942304e-18 
     4190.0    2.643421161650296e-18 
     4195.0     5.09856569426138e-18 
     4200.0    6.938840864332365e-18 
     4205.0    8.053522227293201e-18 
     4210.0    4.148195777997307e-18 
     4215.0    4.260818174730756e-18 
     4220.0    4.689509868319644e-18 
     4225.0   2.6436876788595535e-18 
     4230.0    2.224920093635464e-18 
     4235.0   3.7112742259742014e-18 
     4240.0   2.3295462848495486e-18 
     4245.0    4.602382519728862e-18 
     4250.0   2.8634820747798497e-18 
     4255.0    3.924073508523317e-18 
     4260.0   3.5105877386073215e-18 
     4265.0    4.718781020756638e-18 
     4270.0    3.799847415543852e-18 
     4275.0    2.768823476812007e-18 
     4280.0   2.3701021713005774e-18 
     4285.0     2.46302353572304e-18 
     4290.0    3.606468769276236e-18 
     4295.0    4.169222034000736e-18 
     4300.0   2.5069876907385363e-18 
     4305.0    4.117125078305139e-18 
     4310.0     4.18459306237479e-18 
     4315.0    3.501117558518642e-18 
     4320.0   2.2547932359838117e-18 
     4325.0   3.3300706545727537e-18 
     4330.0   2.9521650730738975e-18 
     4335.0     4.49081058990812e-18 
     4340.0    2.351489357546491e-18 
     4345.0    2.759303013413011e-18 
     4350.0    4.200084394743619e-18 
     4355.0    5.252214259546266e-18 
     4360.0    4.837265417610483e-18 
     4365.0    9.738624981478818e-19 
     4370.0   4.8419625993648025e-18 
     4375.0   4.5056975826781976e-18 
     4380.0    3.633775583048548e-18 
     4385.0   2.9053849900223725e-18 
     4390.0    2.722464677046351e-18 
     4395.0   2.5924436596894113e-18 
     4400.0    2.075748090122813e-18 
     4405.0     5.83690577227625e-18 
     4410.0    3.590042261323025e-18 
     4415.0   6.1338937277104506e-18 
     4420.0    7.216401917652004e-18 
     4425.0   3.4865563890677464e-18 
     4430.0    5.156102646220699e-18 
     4435.0    4.293088781454141e-18 
     4440.0    4.466747911203239e-18 
     4445.0    4.872430212624831e-18 
     4450.0     5.55771842198558e-18 
     4455.0    5.804036151912216e-18 
     4460.0    3.980151774545993e-18 
     4465.0   6.0304410643703965e-18 
     4470.0   6.2717505139312246e-18 
     4475.0   5.4190191945097294e-18 
     4480.0    4.495969563559049e-18 
     4485.0    5.122473293597996e-18 
     4490.0    4.885436828893245e-18 
     4495.0     4.26341442265966e-18 
     4500.0    4.645986765293324e-18 
     4505.0    4.658426323669701e-18 
     4510.0   6.5476382765318735e-18 
     4515.0    4.789458051228576e-18 
     4520.0    5.728791329138672e-18 
     4525.0    4.176073409161492e-18 
     4530.0   3.7919013993473064e-18 
     4535.0     4.70238960146857e-18 
     4540.0    4.370548889506469e-18 
     4545.0    4.919225646967356e-18 
     4550.0    6.962223386858453e-18 
     4555.0    5.139532337398734e-18 
     4560.0    5.256301775743732e-18 
     4565.0   3.6567107250940686e-18 
     4570.0    3.660515652220475e-18 
     4575.0    5.400639626391346e-18 
     4580.0    3.496152825692609e-18 
     4585.0    6.212832885656871e-18 
     4590.0    5.281154575997629e-18 
     4595.0   4.4638342988297866e-18 
     4600.0    4.493506464582696e-18 
     4605.0    4.541190707344951e-18 
     4610.0   4.8629728774939254e-18 
     4615.0    5.401349545277179e-18 
     4620.0     5.21962409533676e-18 
     4625.0   1.4186681286077228e-18 
     4630.0   3.2253262897471353e-18 
     4635.0    3.906360625042644e-18 
     4640.0   3.7326234856719346e-18 
     4645.0    4.871760395070589e-18 
     4650.0   5.1347975606460474e-18 
     4655.0    3.892845536421314e-18 
     4660.0     3.52550042129295e-18 
     4665.0    3.892763767299866e-18 
     4670.0    2.509360812352131e-18 
     4675.0    4.353916862228851e-18 
     4680.0    5.230201134835699e-18 
     4685.0    3.406454605796822e-18 
     4690.0   3.2847097827095876e-18 
     4695.0     4.32606022160542e-18 
     4700.0   3.3905384499464446e-18 
     4705.0   4.0381570975266365e-18 
     4710.0    5.494670669848945e-18 
     4715.0   3.9022696626369945e-18 
     4720.0   4.5776741469270256e-18 
     4725.0   4.6045912258829315e-18 
     4730.0   3.1054762545776048e-18 
     4735.0   2.8600130902930184e-18 
     4740.0    5.109853905812763e-18 
     4745.0    6.070477857881471e-18 
     4750.0   2.9953596584728193e-18 
     4755.0   3.2316337905981802e-18 
     4760.0     4.77158820862972e-18 
     4765.0    5.867118992713994e-18 
     4770.0    4.090932016359454e-18 
     4775.0     3.83454321295357e-18 
     4780.0    5.507281598759546e-18 
     4785.0    5.679459485572977e-18 
     4790.0    3.042519451007852e-18 
     4795.0   5.8617930346119835e-18 
     4800.0   2.4600300966363876e-18 
     4805.0    5.770189688173942e-18 
     4810.0   5.3915786052015616e-18 
     4815.0      3.8267995831649e-18 
     4820.0     5.11959508318134e-18 
     4825.0   4.4054348549495934e-18 
     4830.0    4.051618613275294e-18 
     4835.0    4.848175486136624e-18 
     4840.0    5.120122666325091e-18 
     4845.0    3.553247096546156e-18 
     4850.0    4.168151516422232e-18 
     4855.0    3.569477170632899e-18 
     4860.0    5.839852593564928e-18 
     4865.0   4.6052250148970705e-18 
     4870.0    5.708623178972972e-18 
     4875.0    4.736190637917149e-18 
     4880.0    3.600724880109046e-18 
     4885.0   5.5117146756503356e-18 
     4890.0    5.831999311697687e-18 
     4895.0    5.128996339106346e-18 
     4900.0     5.62062018021189e-18 
     4905.0    5.964823694095367e-18 
     4910.0    5.201486701666192e-18 
     4915.0    4.454745081391227e-18 
     4920.0    6.143593550580823e-18 
     4925.0   4.5436334423638556e-18 
     4930.0    4.043590827957299e-18 
     4935.0   2.6607733211216366e-18 
     4940.0    4.173398838319324e-18 
     4945.0   2.4435056537124303e-18 
     4950.0    3.682151260489105e-18 
     4955.0   4.2150995237997974e-18 
     4960.0    3.954568378157161e-18 
     4965.0    4.775603667746982e-18 
     4970.0   2.8059205607549294e-18 
     4975.0   6.3280509037359196e-18 
     4980.0    4.980753308003347e-18 
     4985.0   3.3085879326308168e-18 
     4990.0    6.508265348033631e-18 
     4995.0   5.5239587400352036e-18 
     5000.0   3.9527622517772734e-18 
     5005.0    5.054238684853309e-18 
     5010.0    3.429432982090465e-18 
     5015.0    4.080098704288313e-18 
     5020.0    5.566661645513814e-18 
     5025.0   4.7046684849529236e-18 
     5030.0    5.962426073074504e-18 
     5035.0    4.865165605773689e-18 
     5040.0   4.0363631895212185e-18 
     5045.0    5.027447862433586e-18 
     5050.0   6.5691031408495855e-18 
     5055.0    3.596722892532864e-18 
     5060.0    5.454511379301524e-18 
     5065.0    5.771533709365567e-18 
     5070.0    6.144375213255207e-18 
     5075.0   6.1050110569232495e-18 
     5080.0    7.039168443433152e-18 
     5085.0    6.934696955637348e-18 
     5090.0    5.018680082231066e-18 
     5095.0   6.1935776673681864e-18 
     5100.0    6.312935521350761e-18 
     5105.0    4.803804615897126e-18 
     5110.0        5.63336519795e-18 
     5115.0    8.418905196798455e-18 
     5120.0    5.929159198894391e-18 
     5125.0     7.10037623369137e-18 
     5130.0    7.214248664120527e-18 
     5135.0    7.874658696603481e-18 
     5140.0    6.176570629981856e-18 
     5145.0    7.902171656283505e-18 
     5150.0     8.19462064224818e-18 
     5155.0    6.292454706115309e-18 
     5160.0    7.407863219002896e-18 
     5165.0   5.1318745495230026e-18 
     5170.0    6.414433244775726e-18 
     5175.0     5.79651088640573e-18 
     5180.0    5.934007073933831e-18 
     5185.0    4.241256870497033e-18 
     5190.0    6.792086281873051e-18 
     5195.0    5.627160770052811e-18 
     5200.0    5.511789552355418e-18 
     5205.0   6.0629977063730244e-18 
     5210.0    6.627934613919348e-18 
     5215.0    5.099094843863397e-18 
     5220.0    5.143905888875443e-18 
     5225.0   4.7323869639573556e-18 
     5230.0   6.0650115451188905e-18 
     5235.0    4.787007483918345e-18 
     5240.0    5.796668785398872e-18 
     5245.0    5.589307619363561e-18 
     5250.0    4.218341152534003e-18 
     5255.0   5.5078812389835005e-18 
     5260.0    5.116333090489685e-18 
     5265.0    4.712275206289206e-18 
     5270.0    4.735520193779602e-18 
     5275.0     3.47514192098018e-18 
     5280.0   4.0174695098001645e-18 
     5285.0    4.116825571484814e-18 
     5290.0     6.59547227270429e-18 
     5295.0    5.594983837533691e-18 
     5300.0    4.134345780598856e-18 
     5305.0    4.914540057004199e-18 
     5310.0   4.6635207592401005e-18 
     5315.0     5.19838574088421e-18 
     5320.0   5.2202096374363285e-18 
     5325.0    4.238576973696763e-18 
     5330.0    4.980939403245264e-18 
     5335.0   4.8245407638298215e-18 
     5340.0    4.142997329598092e-18 
     5345.0   2.3908424233539286e-18 
     5350.0    1.935973896326985e-18 
     5355.0     3.27959091039025e-18 
     5360.0   3.0302443394201664e-18 
     5365.0    4.084240733233411e-18 
     5370.0    4.341940035624042e-18 
     5375.0    4.426408477955309e-18 
     5380.0   3.8924282319394385e-18 
     5385.0   4.0220335426019344e-18 
     5390.0     3.64849308503432e-18 
     5395.0    1.998587144269992e-18 
     5400.0   5.4837399240737026e-18 
     5405.0   4.3910958092807175e-18 
     5410.0   4.7114036289103945e-18 
     5415.0   5.4998384156661596e-18 
     5420.0    6.093845029116559e-18 
     5425.0    4.713392404324016e-18 
     5430.0    5.206084256674839e-18 
     5435.0    4.530926019624112e-18 
     5440.0   3.1261214852725826e-18 
     5445.0   2.9723018940742915e-18 
     5450.0   3.1190612385667318e-18 
     5455.0   4.5409673303963194e-18 
     5460.0   2.6607079998119734e-18 
     5465.0    4.138482796877506e-18 
     5470.0    5.741261590097049e-18 
     5475.0    4.355470162244719e-18 
     5480.0    7.366829218160133e-18 
     5485.0    4.580526040844825e-18 
     5490.0     3.48817266070588e-18 
     5495.0   4.5409864411871566e-18 
     5500.0   4.4391591349431745e-18 
     5505.0    4.809954531046682e-18 
     5510.0    4.919574653868864e-18 
     5515.0    4.126322694655658e-18 
     5520.0   3.4188991768396483e-18 
     5525.0    5.155083195181644e-18 
     5530.0    4.164997296059229e-18 
     5535.0   4.9371180465652314e-18 
     5540.0    5.641742930044462e-18 
     5545.0    7.032922347746105e-18 
     5550.0   4.1602960415134205e-18 
     5555.0   5.3115896069257385e-18 
     5560.0    4.942671454407363e-18 
     5565.0      4.3041849452222e-18 
     5570.0    4.810450785025127e-18 
     5575.0   1.0654263071793072e-17 
     5580.0    1.628909541455435e-18 
     5585.0    8.682602781178563e-18 
     5590.0    5.739643438708996e-18 
     5595.0   3.0774624981901645e-18 
     5600.0   6.6571155383602604e-18 
     5605.0    4.103065488790792e-18 
     5610.0     5.91378033822901e-18 
     5615.0    6.989287399599644e-18 
     5620.0   4.0484737916618835e-18 
     5625.0   5.3625336493380766e-18 
     5630.0   5.6237076694527896e-18 
     5635.0    4.702406832509487e-18 
     5640.0    7.068431136995513e-18 
     5645.0    9.628292746729233e-18 
     5650.0    5.004448495599189e-18 
     5655.0    4.663320565873796e-18 
     5660.0    4.245883561629415e-18 
     5665.0    7.147442038730484e-18 
     5670.0   3.8877106862276704e-18 
     5675.0    4.426077641969678e-18 
     5680.0    5.189312188028303e-18 
     5685.0     3.76182508736195e-18 
     5690.0   2.5129901395069976e-18 
     5695.0    6.597696643441012e-18 
     5700.0   4.2838686081046025e-18 
     5705.0    4.643642403853481e-18 
     5710.0   3.1632340771523316e-18 
     5715.0    6.488933059998295e-18 
     5720.0    3.563917496957707e-18 
     5725.0      2.9235739828282e-18 
     5730.0    5.328624213977538e-18 
     5735.0   3.2337425567149233e-18 
     5740.0    2.920150519618558e-18 
     5745.0    4.047396694958665e-18 
     5750.0    3.792990714424994e-18 
     5755.0    4.414301322022828e-18 
     5760.0    3.727814772089126e-18 
     5765.0     3.76948068219611e-18 
     5770.0   2.5334337983523976e-18 
     5775.0     4.53414947744244e-18 
     5780.0    4.582119128900633e-18 
     5785.0    5.276600255237105e-18 
     5790.0    5.111833909060099e-18 
     5795.0    4.186882911067001e-18 
     5800.0    4.455480063609304e-18 
     5805.0    4.620100729167638e-18 
     5810.0    3.559946211963526e-18 
     5815.0    5.715944804904971e-18 
     5820.0    5.716673834581639e-18 
     5825.0    5.365285916510204e-18 
     5830.0    6.639637310327728e-18 
     5835.0     6.88581217926057e-18 
     5840.0    4.950922929965642e-18 
     5845.0   6.8329504786398554e-18 
     5850.0    5.050636144134779e-18 
     5855.0   5.1462320793994096e-18 
     5860.0    6.567046694438904e-18 
     5865.0    5.181594248155185e-18 
     5870.0    5.157876503560322e-18 
     5875.0    5.658600214020629e-18 
     5880.0    4.761201650455842e-18 
     5885.0    3.543205785773949e-18 
     5890.0     7.43856078833627e-18 
     5895.0    3.365529630449324e-18 
     5900.0    5.008579246044778e-18 
     5905.0    4.144131445382166e-18 
     5910.0     6.36402712413169e-18 
     5915.0    6.371489731307565e-18 
     5920.0   5.5811388528016895e-18 
     5925.0     4.36659013617841e-18 
     5930.0    4.526002014712978e-18 
     5935.0    4.395296423764938e-18 
     5940.0    5.776505961191274e-18 
     5945.0   5.2037383287767305e-18 
     5950.0    5.682227417327757e-18 
     5955.0    5.434676258163027e-18 
     5960.0    5.061747659193837e-18 
     5965.0    5.283540291935677e-18 
     5970.0    7.962011301892812e-18 
     5975.0    6.669704850146799e-18 
     5980.0    4.208618146081304e-18 
     5985.0    5.653247626128109e-18 
     5990.0   3.8153340485378854e-18 
     5995.0    4.374177746723856e-18 
     6000.0   4.7903954198545295e-18 
     6005.0     3.60312156125495e-18 
     6010.0   5.4773290369771476e-18 
     6015.0   4.6953239348171204e-18 
     6020.0    7.751286010086949e-18 
     6025.0    7.051710761471732e-18 
     6030.0    5.309432907186078e-18 
     6035.0    6.439732485635232e-18 
     6040.0    6.011178327082038e-18 
     6045.0    3.925983647732021e-18 
     6050.0    4.406170150459325e-18 
     6055.0   3.0130090377354167e-18 
     6060.0    3.581679253936258e-18 
     6065.0    3.918427679643533e-18 
     6070.0    4.556605596550433e-18 
     6075.0   4.3797013918589465e-18 
     6080.0     4.06247698867868e-18 
     6085.0    3.370152248790216e-18 
     6090.0    4.075231405166382e-18 
     6095.0    5.794420917788169e-18 
     6100.0    3.474883768658059e-18 
     6105.0    5.133023703306425e-18 
     6110.0    5.621902169656208e-18 
     6115.0    3.816799626890897e-18 
     6120.0   3.0424624005978306e-18 
     6125.0    4.152848159045239e-18 
     6130.0    4.119345062958718e-18 
     6135.0    5.388744882199639e-18 
     6140.0   3.3661853498791777e-18 
     6145.0    4.983695743208881e-18 
     6150.0    4.745658624964258e-18 
     6155.0    3.010844161083611e-18 
     6160.0    4.587452606002316e-18 
     6165.0    3.918479999349594e-18 
     6170.0    5.565812938425676e-18 
     6175.0    4.062693159919291e-18 
     6180.0   4.5437969806067525e-18 
     6185.0    3.824535737679893e-18 
     6190.0   3.7660905532183535e-18 
     6195.0   3.9136396433098266e-18 
     6200.0    6.406648260488852e-18 
     6205.0    4.010138798410227e-18 
     6210.0    4.578387825312694e-18 
     6215.0   3.2397427184543173e-18 
     6220.0    3.820086996206449e-18 
     6225.0   3.0477350051313243e-18 
     6230.0    4.175298638903476e-18 
     6235.0   3.1726362729522975e-18 
     6240.0    4.375316248591074e-18 
     6245.0    3.748395840653558e-18 
     6250.0   3.3498005097158234e-18 
     6255.0   3.7300065604939296e-18 
     6260.0   4.5186744362395714e-18 
     6265.0    4.802890430853498e-18 
     6270.0    5.450390654188834e-18 
     6275.0   6.1535596713562956e-18 
     6280.0    4.381231195000836e-18 
     6285.0   3.5436863751697424e-18 
     6290.0    4.207591802625881e-18 
     6295.0    3.626224940918163e-18 
     6300.0   1.1200581369689729e-17 
     6305.0    3.545418564719508e-18 
     6310.0   2.9835571473437733e-18 
     6315.0    4.696085546825708e-18 
     6320.0   2.9353117679017235e-18 
     6325.0    2.634528002128221e-18 
     6330.0    3.746360384783631e-18 
     6335.0   4.0039644465117324e-18 
     6340.0    5.146688232046264e-18 
     6345.0   1.7967907272346536e-18 
     6350.0   3.2832796063133714e-18 
     6355.0   3.3046717869675745e-18 
     6360.0    3.705109272825298e-18 
     6365.0   4.8325381598574696e-18 
     6370.0    3.873332479102162e-18 
     6375.0    2.706488118565264e-18 
     6380.0    4.218210509914677e-18 
     6385.0   3.2888273749057478e-18 
     6390.0    4.159721777913362e-18 
     6395.0   1.6305099605359236e-18 
     6400.0   3.2008964332248682e-18 
     6405.0    3.294465998077511e-18 
     6410.0    3.787052271141253e-18 
     6415.0   2.9339290238617805e-18 
     6420.0   1.9381697888524438e-18 
     6425.0    4.096460674160993e-18 
     6430.0    4.137651947413592e-18 
     6435.0   3.2358782659138294e-18 
     6440.0    3.556119667713058e-18 
     6445.0   3.2139964104058948e-18 
     6450.0    2.804337278727863e-18 
     6455.0   4.2891093508769806e-18 
     6460.0    3.500614412123828e-18 
     6465.0   3.3688997087612843e-18 
     6470.0    3.425166576359102e-18 
     6475.0    4.033186098867543e-18 
     6480.0     3.36078796128027e-18 
     6485.0   3.2515127725681067e-18 
     6490.0    3.956418991951783e-18 
     6495.0    3.459502401659454e-18 
     6500.0    4.003787436727754e-18 
     6505.0    2.090665472183237e-18 
     6510.0   2.1037730623514323e-18 
     6515.0    1.285623126227958e-18 
     6520.0   1.7861217992938725e-18 
     6525.0    3.299692956017154e-18 
     6530.0   3.2939365351838405e-18 
     6535.0   3.2314802776881813e-18 
     6540.0    3.027225837001269e-18 
     6545.0   1.9492539222210244e-18 
     6550.0   1.8483145785093084e-18 
     6555.0    3.701178402454362e-18 
     6560.0   2.5571368808978973e-18 
     6565.0   2.9319627741180143e-18 
     6570.0    3.882265050714192e-18 
     6575.0    3.272328183289027e-18 
     6580.0   4.0065575615241054e-18 
     6585.0    2.407867193047822e-18 
     6590.0    3.650016622343148e-18 
     6595.0    2.654379477091008e-18 
     6600.0   2.8703991472002522e-18 
     6605.0    3.469797165378987e-18 
     6610.0    4.443049903982519e-18 
     6615.0    3.473153145566559e-18 
     6620.0   2.6803218430559152e-18 
     6625.0    4.867055381024943e-18 
     6630.0    4.538296205762335e-18 
     6635.0     3.90121449634949e-18 
     6640.0    3.062176340524924e-18 
     6645.0   3.1794394011984825e-18 
     6650.0    3.665976012441647e-18 
     6655.0   3.3507334922586345e-18 
     6660.0   3.4188098887185264e-18 
     6665.0   2.2274701623747067e-18 
     6670.0    4.235423379917067e-18 
     6675.0    4.473873416560422e-18 
     6680.0   3.8302091362251465e-18 
     6685.0    4.290188640621771e-18 
     6690.0    3.269954999017102e-18 
     6695.0   4.0015890691982364e-18 
     6700.0    3.559746958472181e-18 
     6705.0    4.597914667464582e-18 
     6710.0   2.8352208806448234e-18 
     6715.0    2.800105115774179e-18 
     6720.0    3.366409040119462e-18 
     6725.0    3.604658570104859e-18 
     6730.0   2.9016994896741123e-18 
     6735.0   3.2871891728519002e-18 
     6740.0    2.763495983580897e-18 
     6745.0   3.5690655054007794e-18 
     6750.0    2.700877628983945e-18 
     6755.0    2.024073984171351e-18 
     6760.0    3.116805006068894e-18 
     6765.0   2.9259896494482793e-18 
     6770.0    3.995453878756374e-18 
     6775.0    4.688022046259265e-18 
     6780.0    2.782882721705536e-18 
     6785.0     3.13116808120756e-18 
     6790.0     2.17553599302204e-18 
     6795.0   2.4438304744983223e-18 
     6800.0    3.288597418832402e-18 
     6805.0    2.539535967854028e-18 
     6810.0   3.3993820467290063e-18 
     6815.0    3.793279882620768e-18 
     6820.0   3.8304359593819605e-18 
     6825.0   2.8217089875983543e-18 
     6830.0     2.47783455526725e-18 
     6835.0   1.9601839787546306e-18 
     6840.0    3.789975282264298e-18 
     6845.0     4.10926365085492e-18 
     6850.0   3.6378236244977285e-18 
     6855.0    4.131529915221158e-18 
     6860.0    7.567630996855339e-19 
     6865.0   3.3710598547091292e-18 
     6870.0   2.5043737731604004e-18 
     6875.0   2.1632240070067885e-18 
     6880.0    1.578023332682252e-18 
     6885.0   2.3748939358049557e-18 
     6890.0   3.0793735146154962e-18 
     6895.0    4.277280397932417e-18 
     6900.0    2.944795200227328e-18 
     6905.0   3.6550518457911185e-18 
     6910.0    2.907325487192257e-18 
     6915.0   2.7054450453355676e-18 
     6920.0    5.004969499618227e-18 
     6925.0   2.6845783174418764e-18 
     6930.0    3.601152836507124e-18 
     6935.0   3.4149078411796714e-18 
     6940.0    3.341151467049812e-18 
     6945.0    3.882422949707334e-18 
     6950.0    4.959433497721001e-18 
     6955.0   3.1819482407561825e-18 
     6960.0   4.6211778258708556e-18 
     6965.0    3.665791170366342e-18 
     6970.0    3.619212847139387e-18 
     6975.0   3.1552426336660917e-18 
     6980.0    3.463293230661473e-18 
     6985.0    3.783183432517622e-18 
     6990.0    3.492003904331143e-18 
     6995.0    4.033838998672519e-18 
     7000.0   4.2589810324772165e-18 
     7005.0   3.8870709446721236e-18 
     7010.0     3.94075002321567e-18 
     7015.0   3.2550949493291875e-18 
     7020.0    4.384227516370696e-18 
     7025.0     3.60577075547322e-18 
     7030.0    4.201936261704853e-18 
     7035.0    4.851643624735991e-18 
     7040.0   4.1109723435307054e-18 
     7045.0    5.389363633214431e-18 
     7050.0     5.73710828265244e-18 
     7055.0     5.32101279326646e-18 
     7060.0   5.4841014626413325e-18 
     7065.0    6.348199943110782e-18 
     7070.0   5.8718597220080885e-18 
     7075.0    6.482322606118741e-18 
     7080.0    6.862131716372421e-18 
     7085.0    7.965101297466938e-18 
     7090.0     6.67082110830665e-18 
     7095.0    6.575945430552403e-18 
     7100.0    7.198360704518924e-18 
     7105.0    7.225390881761585e-18 
     7110.0    6.135551667138441e-18 
     7115.0    6.923109863848945e-18 
     7120.0    7.822432038163518e-18 
     7125.0    8.307294732104386e-18 
     7130.0    8.119787171415104e-18 
     7135.0    8.295275611126416e-18 
     7140.0    7.526077245160151e-18 
     7145.0    7.843220192510623e-18 
     7150.0    7.034752910874933e-18 
     7155.0   5.7398279674926486e-18 
     7160.0    6.506748703141171e-18 
     7165.0    5.427854959000964e-18 
     7170.0    6.681139995483468e-18 
     7175.0    6.064509338599035e-18 
     7180.0    5.238525920640794e-18 
     7185.0    4.840561245800668e-18 
     7190.0    5.564380568987889e-18 
     7195.0     4.53365478992226e-18 
     7200.0   6.0019813373148255e-18 
     7205.0   5.0759397710774285e-18 
     7210.0    5.688946583410923e-18 
     7215.0    5.628615383197966e-18 
     7220.0   5.6811120990428665e-18 
     7225.0    5.763534120296349e-18 
     7230.0    5.726792215100499e-18 
     7235.0    3.959401841780562e-18 
     7240.0    4.075334791411891e-18 
     7245.0   4.6277945455834705e-18 
     7250.0   2.7118819043101612e-18 
     7255.0    3.693874320854935e-18 
     7260.0    4.492499545209763e-18 
     7265.0   3.1875655600955376e-18 
     7270.0   3.4585722387415207e-18 
     7275.0    4.355538459825087e-18 
     7280.0    2.392127389068952e-18 
     7285.0    3.801704295171535e-18 
     7290.0   3.1903181405593177e-18 
     7295.0   3.6094381475639336e-18 
     7300.0   2.8298650658482767e-18 
     7305.0    4.999791101884808e-18 
     7310.0    3.118867592995976e-18 
     7315.0   3.3791202223590412e-18 
     7320.0   4.3731542228933106e-18 
     7325.0   3.0263272852111297e-18 
     7330.0   3.6995950264397996e-18 
     7335.0   5.4569757314444895e-18 
     7340.0    6.386875797680967e-18 
     7345.0   5.4667736146022694e-18 
     7350.0    4.216153123629036e-18 
     7355.0     3.84315528720452e-18 
     7360.0     4.01290798333162e-18 
     7365.0    4.389469825601339e-18 
     7370.0    3.583003851045392e-18 
     7375.0   3.4597981489799423e-18 
     7380.0    3.011284461172821e-18 
     7385.0   3.6392559939355165e-18 
     7390.0    3.330006429783877e-18 
     7395.0   5.6811694314153764e-18 
     7400.0   1.0437194250596065e-17 
     7405.0    4.821618692581737e-18 
     7410.0   3.1873183729812734e-18 
     7415.0   3.4657431713883973e-18 
     7420.0    3.576337004668288e-18 
     7425.0   2.4764696061932008e-18 
     7430.0   1.6742611712148358e-18 
     7435.0    2.494440360033507e-18 
     7440.0   2.0281805798304884e-18 
     7445.0    3.173340239296722e-18 
     7450.0    3.121651502625062e-18 
     7455.0   1.9675938276161306e-18 
     7460.0   1.4872979547727442e-18 
     7465.0   2.6139277287854564e-18 
     7470.0    3.707902581203976e-18 
     7475.0     3.83332262867325e-18 
     7480.0   2.5348018490138123e-18 
     7485.0    2.660506521949891e-18 
     7490.0   4.2050723111519775e-18 
     7495.0   3.5622695828626145e-18 
     7500.0   2.8922735150376786e-18 
     7505.0   3.0070079987793943e-18 
     7510.0   2.6894280409020708e-18 
     7515.0   3.1578557993442603e-18 
     7520.0   2.3284336295437085e-18 
     7525.0    2.831047961142733e-18 
     7530.0    5.171379373807183e-18 
     7535.0    3.637956146866973e-18 
     7540.0   2.5041206648338936e-18 
     7545.0   2.3574298372259773e-18 
     7550.0   2.4641006950845885e-18 
     7555.0   2.8525604771208757e-18 
     7560.0    3.267434567668239e-18 
     7565.0   2.6169499280458596e-18 
     7570.0    4.915324852595113e-18 
     7575.0    3.595768292865992e-18 
     7580.0     2.65990070988037e-18 
     7585.0    3.520745593874467e-18 
     7590.0   3.5851201361618085e-18 
     7595.0   3.0400032490963055e-18 
     7600.0    2.151579363541719e-18 
     7605.0   3.4309771966483944e-18 
     7610.0    4.795991435361477e-18 
     7615.0    3.771587255271281e-18 
     7620.0    3.768238794083382e-18 
     7625.0    2.572620318317069e-18 
     7630.0   1.7242630829680936e-18 
     7635.0   2.4266453934655585e-18 
     7640.0   2.1200959334258115e-18 
     7645.0   2.5715914685284217e-18 
     7650.0    3.099877168812457e-18 
     7655.0    3.422540879014811e-18 
     7660.0   3.5244972614198534e-18 
     7665.0   3.0704679800731256e-18 
     7670.0   2.7651903274989733e-18 
     7675.0   1.8281021915621968e-18 
     7680.0    1.733146467790593e-18 
     7685.0   2.2475411921279577e-18 
     7690.0   2.0243282203478084e-18 
     7695.0    5.973284135186237e-19 
     7700.0    2.409935889162139e-18 
     7705.0    1.911443034575772e-18 
     7710.0    1.465449026217546e-19 
     7715.0    7.745450326465412e-19 
     7720.0   3.3407799031492838e-18 
     7725.0    4.041305991931537e-18 
     7730.0   2.3514205586994794e-18 
     7735.0   2.8083437150455176e-18 
     7740.0    4.124343631283281e-18 
     7745.0   2.0615553203267503e-18 
     7750.0   1.4422586454622782e-18 
     7755.0   2.0640382819939074e-18 
     7760.0    3.743385053954526e-18 
     7765.0    3.975307345714735e-18 
     7770.0   3.3286376585516603e-18 
     7775.0    1.990271005314522e-18 
     7780.0   3.1477922448646864e-18 
     7785.0     2.24057750190958e-18 
     7790.0  -1.0227723065277398e-18 
     7795.0   -1.462685919154223e-18 
     7800.0    5.380682321508155e-20 
     7805.0   1.1380461531793627e-18 
     7810.0    9.858938688294878e-19 
     7815.0   3.1541501856718735e-18 
     7820.0     4.10222962666043e-18 
     7825.0    6.244026082385385e-18 
     7830.0   1.6488640580429136e-18 
     7835.0   1.4277966641487415e-18 
     7840.0   1.1209403036056576e-18 
     7845.0    2.492720012908227e-18 
     7850.0   4.2939744569573406e-18 
     7855.0   2.9945375498460263e-18 
     7860.0   2.4612195397263932e-18 
     7865.0   1.8269821112441787e-18 
     7870.0   1.1553959316341399e-18 
     7875.0   -4.469192212680408e-19 
     7880.0   3.0160218069170625e-18 
     7885.0   -9.255396730091964e-20 
     7890.0    2.729132651273406e-18 
     7895.0   1.0276292043667892e-18 
     7900.0   2.0588077838585848e-18 
     7905.0   2.1328084001611687e-18 
     7910.0   3.3298284801249393e-18 
     7915.0    3.096250943244956e-18 
     7920.0    3.311759070743084e-18 
     7925.0    4.661512873035642e-19 
     7930.0    6.609074456405171e-19 
     7935.0   1.0654417211286378e-18 
     7940.0   1.6579639273976771e-18 
     7945.0   1.6033458511115807e-18 
     7950.0   2.2493339409542597e-18 
     7955.0   1.5219602613047497e-18 
     7960.0    2.628014386698628e-18 
     7965.0   3.9869066558776074e-18 
     7970.0    3.666449709421073e-18 
     7975.0   3.1624323638121524e-18 
     7980.0    7.671832427246206e-19 
     7985.0   2.4736044913676417e-18 
     7990.0    4.822729938075138e-18 
     7995.0    5.324249096042563e-18 
     8000.0    4.722489767345555e-18 
     8005.0    3.344434450282222e-18 
     8010.0   2.7745763574496414e-18 
     8015.0   3.3715655074371673e-18 
     8020.0    4.404909464847413e-18 
     8025.0    5.846273819286033e-18 
     8030.0     4.93278209008689e-18 
     8035.0     4.71163358498374e-18 
     8040.0    3.452156965561823e-18 
     8045.0   3.7846336595796344e-18 
     8050.0   3.9473736353446515e-18 
     8055.0     3.88834040245032e-18 
     8060.0    4.667220420371079e-18 
     8065.0   2.8385349424092164e-18 
     8070.0   3.8107577973616464e-18 
     8075.0    3.717201390758432e-18 
     8080.0    3.925166269809188e-18 
     8085.0   3.1114729387796495e-18 
     8090.0   2.3451349882641485e-18 
     8095.0   2.8872045814078385e-18 
     8100.0   2.7150908880541183e-18 
     8105.0    3.403488987008962e-18 
     8110.0    3.801964953826881e-18 
     8115.0    3.923825068242441e-18 
     8120.0   3.1203762489512834e-18 
     8125.0    3.440366234198932e-18 
     8130.0    2.853523347687389e-18 
     8135.0     3.33551190400309e-18 
     8140.0   3.9294433274567556e-18 
     8145.0   2.3888525827486872e-18 
     8150.0    2.785844299031072e-18 
     8155.0    4.695265975861304e-18 
     8160.0    4.722211877649291e-18 
     8165.0    5.505792836824207e-18 
     8170.0   4.5177157637812096e-18 
     8175.0    3.607553071687475e-18 
     8180.0    4.473735881524729e-18 
     8185.0    3.460218586378348e-18 
     8190.0   3.4167731796819868e-18 
     8195.0   4.1549935802853895e-18 
     8200.0   4.9752732104080314e-18 
     8205.0    4.173442699150752e-18 
     8210.0    4.242293552577007e-18 
     8215.0    3.879939800065185e-18 
     8220.0    3.224026755970245e-18 
     8225.0    4.480690329639342e-18 
     8230.0   3.4184828122327325e-18 
     8235.0    4.602979340327941e-18 
     8240.0    4.989364442379338e-18 
     8245.0   3.9533026798788014e-18 
     8250.0    5.133839828062644e-18 
     8255.0    4.620930012173286e-18 
     8260.0   3.7924662641977725e-18 
     8265.0    4.232302368469289e-18 
     8270.0    4.142775519107725e-18 
     8275.0   4.7627728080959345e-18 
     8280.0    5.490183706793828e-18 
     8285.0   2.8396803366928013e-18 
     8290.0    6.474602786495704e-18 
     8295.0    6.410496108571727e-18 
     8300.0   2.9915119983649353e-18 
     8305.0   4.3436929024229094e-18 
     8310.0    5.378017775998885e-18 
     8315.0   3.1407563409202777e-18 
     8320.0   3.3913771317016847e-18 
     8325.0   3.0080871005491924e-18 
     8330.0    3.505498942286678e-18 
     8335.0   2.2584990689603557e-18 
     8340.0    3.488273853909818e-19 
     8345.0   1.9185975507400284e-18 
     8350.0   1.1272460500234455e-18 
     8355.0    4.196010663378887e-18 
     8360.0    2.275346202286964e-18 
     8365.0   1.0221132348771988e-18 
     8370.0   4.0485082537437196e-18 
     8375.0    2.616405333165346e-18 
     8380.0    1.314070478263232e-18 
     8385.0    3.967495105054045e-19 
     8390.0    2.211355003666306e-18 
     8395.0  -3.5220936878575818e-19 
     8400.0  -1.1398433194179726e-18 
     8405.0  -2.8436573549242333e-18 
     8410.0    2.206607507272505e-18 
     8415.0    5.913931031514132e-19 
     8420.0   1.4128857358963706e-18 
     8425.0    3.554949210097228e-18 
     8430.0    3.062440727350941e-18 
     8435.0    3.601999663845344e-18 
     8440.0    3.043524678605859e-18 
     8445.0    3.250888382303559e-18 
     8450.0    3.908274837042837e-18 
     8455.0    5.717343025552575e-18 
     8460.0   2.9546759490273423e-18 
     8465.0    5.681642815103149e-18 
     8470.0   1.0144002136830332e-19 
     8475.0   3.0015216666801837e-18 
     8480.0    5.256042056963346e-18 
     8485.0   2.3494876745167637e-18 
     8490.0   1.0239203324612106e-18 
     8495.0    2.112515841880039e-18 
     8500.0    2.420195407570702e-18 
     8505.0    4.717558243434747e-18 
     8510.0   3.9935615971718944e-18 
     8515.0     4.05410144962579e-18 
     8520.0   2.1184215148568702e-18 
     8525.0   1.9873005931643696e-18 
     8530.0   1.6587035463322198e-18 
     8535.0   1.3896686940214274e-18 
     8540.0   1.1405250107258647e-18 
     8545.0   2.8446341669693076e-18 
     8550.0    9.069012946562204e-19 
     8555.0   1.6662319447552373e-18 
     8560.0   2.5466510405991638e-18 
     8565.0    2.263822489399976e-18 
     8570.0    1.329439752204029e-18 
     8575.0    2.083272196450184e-18 
     8580.0   1.7991037281800257e-18 
     8585.0   1.4294956134541172e-18 
     8590.0   -1.488542443206192e-19 
     8595.0   2.6073108524270155e-18 
     8600.0    3.493868616250153e-18 
     8605.0   2.8093233780446346e-18 
     8610.0    2.990605269662651e-18 
     8615.0   2.7562902755605307e-18 
     8620.0   1.5146122562155635e-18 
     8625.0    1.087198698583663e-18 
     8630.0   -2.586626867554553e-19 
     8635.0   1.6285860991528166e-19 
     8640.0   1.2530263828937382e-18 
     8645.0    2.051968251122314e-18 
     8650.0    3.331922834825641e-18 
     8655.0   1.8412852536896144e-18 
     8660.0    9.554124394075602e-19 
     8665.0    2.239238023446924e-18 
     8670.0   1.8284779849000416e-18 
     8675.0   1.4058508031560868e-18 
     8680.0   2.5176300828763034e-18 
     8685.0   2.4438911277623544e-18 
     8690.0    2.805747905724928e-18 
     8695.0    2.731850393705366e-18 
     8700.0    2.605425400600573e-18 
     8705.0   2.8726656243351453e-18 
     8710.0   1.2610156646675717e-18 
     8715.0   1.2869180546175483e-18 
     8720.0   2.9836549883270235e-18 
     8725.0   2.7936574795667206e-18 
     8730.0    4.007213907537265e-18 
     8735.0   2.5936528714827246e-18 
     8740.0    4.049584723863632e-18 
     8745.0   3.1920409313594913e-18 
     8750.0    4.159747467828913e-18 
     8755.0   3.4779092261516535e-18 
     8760.0   -7.991137713586093e-19 
     8765.0   1.8128982416267194e-18 
     8770.0   1.0004296929856509e-18 
     8775.0    4.324730611829836e-18 
     8780.0    6.493104225067128e-18 
     8785.0   6.1714194886222544e-18 
     8790.0    5.592333390148809e-18 
     8795.0   6.3776888332466525e-18 
     8800.0    4.938316073846531e-18 
     8805.0   3.9931010584418976e-18 
     8810.0    2.009785472446113e-18 
     8815.0    2.284240019721511e-18 
     8820.0     3.22794008200861e-18 
     8825.0   3.0086320713796894e-19 
     8830.0   -2.655451498469447e-18 
     8835.0   1.1319120279291206e-18 
     8840.0   3.2188637095278262e-18 
     8845.0    9.965976348020892e-19 
     8850.0   1.6052389159251924e-18 
     8855.0   1.5183619813527012e-18 
     8860.0   2.0466267850834775e-18 
     8865.0   2.4982687213755625e-18 
     8870.0  -1.4785882275135354e-19 
     8875.0   2.5368122415514947e-18 
     8880.0    6.234285844891768e-19 
     8885.0  -2.5528859831033605e-18 
     8890.0   3.4458203285870436e-18 
     8895.0   3.1080619132486347e-18 
     8900.0    4.267777635511819e-18 
     8905.0   3.0818291885796717e-18 
     8910.0   2.0738522370134894e-18 
     8915.0    3.984758415012578e-18 
     8920.0    9.744443747351092e-19 
     8925.0   1.3725480884108632e-18 
     8930.0    3.558576814148003e-18 
     8935.0   1.4260212716800189e-18 
     8940.0   2.3390016775722043e-18 
     8945.0    9.138622592372168e-19 
     8950.0    2.893041392879327e-18 
     8955.0   3.6951227880923765e-18 
     8960.0    1.928258274812099e-18 
     8965.0   2.9766646996473008e-18 
     8970.0   2.6536086229786554e-18 
     8975.0   2.1896851212908312e-18 
     8980.0    9.124897911634942e-19 
     8985.0   2.0305886021342336e-18 
     8990.0   1.4724551987840789e-18 
     8995.0     1.75580785558967e-18 
     9000.0   2.4607736630457592e-18 
     9005.0   1.3747275331245361e-18 
     9010.0   1.1077863462728092e-18 
     9015.0   1.3046542783263743e-18 
     9020.0   2.4411949711252903e-18 
     9025.0   1.3047156521612085e-18 
     9030.0    9.996460252446879e-20 
     9035.0   2.5622819130702655e-18 
     9040.0    1.893123023200635e-18 
     9045.0    6.594775512067886e-19 
     9050.0   -5.971590167218145e-19 
     9055.0   1.7807974703084583e-18 
     9060.0   1.1267679043025464e-18 
     9065.0    9.773429177800496e-19 
     9070.0    1.628108548686058e-18 
     9075.0    2.198610267890684e-18 
     9080.0    8.798791690090441e-20 
     9085.0    6.270628303229965e-19 
     9090.0   2.0072977174166643e-18 
     9095.0   2.8692607079913646e-18 
     9100.0   3.1775878475289015e-18 
     9105.0     1.64683511863937e-18 
     9110.0    9.356329275374807e-19 
     9115.0   1.0199990801440233e-18 
     9120.0    8.927571477247125e-19 
     9125.0   1.6118687938872356e-18 
     9130.0    7.113926097686189e-19 
     9135.0    6.029703889110747e-19 
     9140.0    5.308460449894981e-19 
     9145.0    1.856185185404963e-18 
     9150.0  -1.5945439221188767e-19 
     9155.0   1.5520450008355735e-18 
     9160.0   1.7005434586233123e-18 
     9165.0   2.2461581974546923e-18 
     9170.0   1.3294076398095902e-18 
     9175.0    2.113053763648342e-18 
     9180.0   1.9800047198062528e-18 
     9185.0    1.749492052509819e-18 
     9190.0   3.1127137930299213e-18 
     9195.0   2.3348915417173872e-18 
     9200.0    5.826332178985495e-19 
     9205.0   1.2089990682809848e-18 
     9210.0   2.0407810761290417e-18 
     9215.0    1.551618736212421e-18 
     9220.0    8.404124723190418e-20 
     9225.0   4.5922685252931455e-19 
     9230.0    1.156775636745048e-18 
     9235.0    1.116431566780653e-18 
     9240.0   1.0175721976827638e-18 
     9245.0    5.583746692521756e-19 
     9250.0   1.7566172759045147e-18 
     9255.0    1.978341611065987e-18 
     9260.0   2.3540070632579725e-18 
