# STATUS =
# OBJECT = 2007bi
# TELESCOPE = Ekar
# INSTRUMENT = AFOSC
# DATE-OBS = 2007-04-22 00:00:00.00
# MJD = 54212.0
# EXPTIME = 7200
# AIRMASS = 1.251388
# SLIT = 2.1
# DISPERSER = --
# SOURCE = 2010A&amp;amp;amp;A...512A..70Y
# FILTER =
# RESOLUTION =
# FLUX_STANDARD =
# EXTINCTION_CORRECTED = --
# PHOTOMETRY_CALIBRATED =
# TELLURIC_CORRECTED =
# FLUX_UNITS = erg cm(-2) sec(-1) Ang(-1)
# WAVE_UNITS = Angstrom
# QUALITY = Low
# MIN_WAVE = 3523.6052246094
# MAX_WAVE = 13438.670898438
# COMMENT = --
       Wavelength           Flux 
 3527.81902217584   9.060507e-17 
 3532.03281974228   8.778712e-17 
 3536.24661730872    2.52856e-16 
 3540.46041487515   2.244156e-16 
 3544.67421244159   4.349023e-16 
 3548.88801000803   1.090936e-15 
 3553.10180757447   1.008061e-15 
 3557.31560514091   1.817493e-16 
 3561.52940270734   1.756707e-18 
 3565.74320027378   3.185296e-17 
 3569.95699784022   4.236942e-17 
 3574.17079540666   1.260669e-16 
  3578.3845929731    1.87421e-16 
 3582.59839053953   1.615034e-16 
 3586.81218810597   1.474319e-16 
 3591.02598567241   1.380036e-16 
 3595.23978323885   1.078931e-16 
 3599.45358080528   1.438947e-16 
 3603.66737837172   1.860786e-16 
 3607.88117593816   7.584604e-17 
  3612.0949735046  -5.784248e-17 
 3616.30877107104   6.836719e-18 
 3620.52256863747   1.471679e-16 
 3624.73636620391   1.667614e-16 
 3628.95016377035   9.595133e-17 
 3633.16396133679   4.956617e-17 
 3637.37775890322   3.949535e-17 
 3641.59155646966   6.272387e-17 
  3645.8053540361   1.447724e-16 
 3650.01915160254   1.450853e-16 
 3654.23294916898   9.010652e-17 
 3658.44674673541   1.215839e-16 
 3662.66054430185   1.812364e-16 
 3666.87434186829   1.989905e-16 
 3671.08813943473   1.331271e-16 
 3675.30193700116   9.928006e-17 
  3679.5157345676   8.209287e-17 
 3683.72953213404   6.008642e-17 
 3687.94332970048   1.254371e-16 
 3692.15712726692    1.22317e-16 
 3696.37092483335   1.099145e-16 
 3700.58472239979    9.71592e-17 
 3704.79851996623   1.024586e-16 
 3709.01231753267   1.103798e-16 
 3713.22611509911   6.501346e-17 
 3717.43991266554   6.235886e-17 
 3721.65371023198   7.391893e-17 
 3725.86750779842   9.453156e-17 
 3730.08130536486   1.018455e-16 
 3734.29510293129   9.537273e-17 
 3738.50890049773    7.95089e-17 
 3742.72269806417   7.715535e-17 
 3746.93649563061   6.247301e-17 
 3751.15029319705   7.123934e-17 
 3755.36409076348   9.788631e-17 
 3759.57788832992   9.794767e-17 
 3763.79168589636   1.236935e-16 
  3768.0054834628   9.928293e-17 
 3772.21928102923   8.517925e-17 
 3776.43307859567   9.541526e-17 
 3780.64687616211   9.877041e-17 
 3784.86067372855   8.366667e-17 
 3789.07447129499   7.418626e-17 
 3793.28826886142   7.605884e-17 
 3797.50206642786   1.270659e-16 
  3801.7158639943   1.251876e-16 
 3805.92966156074   7.701111e-17 
 3810.14345912717   8.913528e-17 
 3814.35725669361   1.005014e-16 
 3818.57105426005   8.490291e-17 
 3822.78485182649   1.073092e-16 
 3826.99864939293   1.070997e-16 
 3831.21244695936   1.019117e-16 
  3835.4262445258   1.124672e-16 
 3839.64004209224   1.128885e-16 
 3843.85383965868   7.458345e-17 
 3848.06763722512   8.056947e-17 
 3852.28143479155   1.030529e-16 
 3856.49523235799   1.096025e-16 
 3860.70902992443   1.198728e-16 
 3864.92282749087   1.132313e-16 
  3869.1366250573    9.42409e-17 
 3873.35042262374   9.803045e-17 
 3877.56422019018   1.071765e-16 
 3881.77801775662   1.187319e-16 
 3885.99181532305   1.188109e-16 
 3890.20561288949   1.044547e-16 
 3894.41941045593   9.827366e-17 
 3898.63320802237   1.054803e-16 
 3902.84700558881   1.121475e-16 
 3907.06080315524    1.03251e-16 
 3911.27460072168   1.018027e-16 
 3915.48839828812   9.899277e-17 
 3919.70219585456   1.032407e-16 
   3923.915993421   1.123845e-16 
 3928.12979098743   1.340564e-16 
 3932.34358855387   1.295091e-16 
 3936.55738612031   1.106308e-16 
 3940.77118368675   1.192023e-16 
 3944.98498125318   1.245002e-16 
 3949.19877881962   1.302394e-16 
 3953.41257638606   1.419124e-16 
  3957.6263739525   1.407837e-16 
 3961.84017151894   1.542102e-16 
 3966.05396908537   1.590128e-16 
 3970.26776665181   1.620433e-16 
 3974.48156421825   1.558184e-16 
 3978.69536178469   1.461149e-16 
 3982.90915935112   1.545656e-16 
 3987.12295691756   1.695684e-16 
   3991.336754484   1.810545e-16 
 3995.55055205044   1.892545e-16 
 3999.76434961688   1.823526e-16 
 4003.97814718331   1.748308e-16 
 4008.19194474975   1.664535e-16 
 4012.40574231619   1.799125e-16 
 4016.61953988263   1.907624e-16 
 4020.83333744906   1.837272e-16 
  4025.0471350155    1.88836e-16 
 4029.26093258194   1.934108e-16 
 4033.47473014838   1.856819e-16 
 4037.68852771482   1.654149e-16 
 4041.90232528126   1.755434e-16 
 4046.11612284769   1.964989e-16 
 4050.32992041413   1.973352e-16 
 4054.54371798057   1.879068e-16 
 4058.75751554701   2.288236e-16 
 4062.97131311344    2.41502e-16 
 4067.18511067988   2.278421e-16 
 4071.39890824632   2.180825e-16 
 4075.61270581276   2.183511e-16 
 4079.82650337919   2.179003e-16 
 4084.04030094563   1.889548e-16 
 4088.25409851207   1.584171e-16 
 4092.46789607851   1.630236e-16 
 4096.68169364494   1.605856e-16 
 4100.89549121138   1.567242e-16 
 4105.10928877782    1.61488e-16 
 4109.32308634426   1.682059e-16 
  4113.5368839107   1.882688e-16 
 4117.75068147713   1.817175e-16 
 4121.96447904357   1.707848e-16 
 4126.17827661001   1.651243e-16 
 4130.39207417645   1.660711e-16 
 4134.60587174289    1.70939e-16 
 4138.81966930932   1.578489e-16 
 4143.03346687576   1.486526e-16 
  4147.2472644422   1.516093e-16 
 4151.46106200864   1.522386e-16 
 4155.67485957507   1.501078e-16 
 4159.88865714151   1.558051e-16 
 4164.10245470795   1.530265e-16 
 4168.31625227439   1.506386e-16 
 4172.53004984083     1.4144e-16 
 4176.74384740726   1.336956e-16 
  4180.9576449737   1.368621e-16 
 4185.17144254014   1.336505e-16 
 4189.38524010658   1.213649e-16 
 4193.59903767302   1.285277e-16 
 4197.81283523945   1.341133e-16 
 4202.02663280589   1.350891e-16 
 4206.24043037233   1.442302e-16 
 4210.45422793877   1.468234e-16 
  4214.6680255052    1.48032e-16 
 4218.88182307164   1.535006e-16 
 4223.09562063808   1.556136e-16 
 4227.30941820452    1.45849e-16 
 4231.52321577095   1.401119e-16 
 4235.73701333739     1.2469e-16 
 4239.95081090383   1.305728e-16 
 4244.16460847027   1.427064e-16 
 4248.37840603671   1.310141e-16 
 4252.59220360315   1.188498e-16 
 4256.80600116958   1.178487e-16 
 4261.01979873602   1.210022e-16 
 4265.23359630246   1.173997e-16 
  4269.4473938689   1.159187e-16 
 4273.66119143533   1.227742e-16 
 4277.87498900177   1.204541e-16 
 4282.08878656821   1.178968e-16 
 4286.30258413465   1.228494e-16 
 4290.51638170108   1.227531e-16 
 4294.73017926752   1.253372e-16 
 4298.94397683396   1.266523e-16 
  4303.1577744004   1.377015e-16 
 4307.37157196683   1.450735e-16 
 4311.58536953327   1.421621e-16 
 4315.79916709971   1.206362e-16 
 4320.01296466615   1.185746e-16 
 4324.22676223259   1.252052e-16 
 4328.44055979902   1.244661e-16 
 4332.65435736546   1.309083e-16 
  4336.8681549319    1.45069e-16 
 4341.08195249834   1.527548e-16 
 4345.29575006478    1.55745e-16 
 4349.50954763121   1.538547e-16 
 4353.72334519765   1.422738e-16 
 4357.93714276409   1.426439e-16 
 4362.15094033053   1.552896e-16 
 4366.36473789696   1.673756e-16 
  4370.5785354634   1.635117e-16 
 4374.79233302984    1.62575e-16 
 4379.00613059628   1.513664e-16 
 4383.21992816272   1.433298e-16 
 4387.43372572915   1.725832e-16 
 4391.64752329559   1.804278e-16 
 4395.86132086203   1.816008e-16 
 4400.07511842847   1.772883e-16 
 4404.28891599491   1.768933e-16 
 4408.50271356134   1.778795e-16 
 4412.71651112778   1.847073e-16 
 4416.93030869422    1.84228e-16 
 4421.14410626066   1.891207e-16 
  4425.3579038271   2.037513e-16 
 4429.57170139353   1.972635e-16 
 4433.78549895997   1.944309e-16 
 4437.99929652641   1.972826e-16 
 4442.21309409284   1.898616e-16 
 4446.42689165928   1.794622e-16 
 4450.64068922572   1.852122e-16 
 4454.85448679216    1.94292e-16 
  4459.0682843586   1.849863e-16 
 4463.28208192503   1.791183e-16 
 4467.49587949147   1.713235e-16 
 4471.70967705791   1.709694e-16 
 4475.92347462435   1.814685e-16 
 4480.13727219079    1.85546e-16 
 4484.35106975722      1.787e-16 
 4488.56486732366   1.576883e-16 
  4492.7786648901   1.594103e-16 
 4496.99246245654   1.647857e-16 
 4501.20626002297   1.736498e-16 
 4505.42005758941   1.735377e-16 
 4509.63385515585   1.665095e-16 
 4513.84765272229   1.679578e-16 
 4518.06145028873   1.616315e-16 
 4522.27524785516   1.613955e-16 
  4526.4890454216   1.537548e-16 
 4530.70284298804   1.477701e-16 
 4534.91664055448   1.533962e-16 
 4539.13043812091   1.674427e-16 
 4543.34423568735    1.71346e-16 
 4547.55803325379   1.612631e-16 
 4551.77183082023    1.58634e-16 
 4555.98562838667   1.634795e-16 
  4560.1994259531   1.599848e-16 
 4564.41322351954   1.513283e-16 
 4568.62702108598   1.475818e-16 
 4572.84081865242   1.565505e-16 
 4577.05461621886   1.617691e-16 
 4581.26841378529   1.606737e-16 
 4585.48221135173   1.555619e-16 
 4589.69600891817   1.571737e-16 
 4593.90980648461    1.56127e-16 
 4598.12360405104   1.551115e-16 
 4602.33740161748   1.497614e-16 
 4606.55119918392   1.510257e-16 
 4610.76499675036   1.617034e-16 
  4614.9787943168   1.637818e-16 
 4619.19259188323   1.613543e-16 
 4623.40638944967   1.609756e-16 
 4627.62018701611   1.657827e-16 
 4631.83398458255   1.628556e-16 
 4636.04778214898    1.63374e-16 
 4640.26157971542   1.606575e-16 
 4644.47537728186   1.572781e-16 
  4648.6891748483   1.571016e-16 
 4652.90297241473   1.586506e-16 
 4657.11676998117   1.665753e-16 
 4661.33056754761   1.687372e-16 
 4665.54436511405   1.634708e-16 
 4669.75816268049   1.619773e-16 
 4673.97196024693   1.650554e-16 
 4678.18575781336   1.749932e-16 
  4682.3995553798   1.768472e-16 
 4686.61335294624   1.730941e-16 
 4690.82715051268   1.777287e-16 
 4695.04094807911   1.793201e-16 
 4699.25474564555   1.835293e-16 
 4703.46854321199   1.796415e-16 
 4707.68234077843   1.723398e-16 
 4711.89613834487   1.750581e-16 
  4716.1099359113   1.672088e-16 
 4720.32373347774   1.637245e-16 
 4724.53753104418   1.615647e-16 
 4728.75132861062   1.639686e-16 
 4732.96512617705   1.641613e-16 
 4737.17892374349   1.648979e-16 
 4741.39272130993   1.675983e-16 
 4745.60651887637   1.565479e-16 
  4749.8203164428   1.568703e-16 
 4754.03411400924   1.630361e-16 
 4758.24791157568   1.668256e-16 
 4762.46170914212   1.629624e-16 
 4766.67550670856   1.595725e-16 
 4770.88930427499   1.599396e-16 
 4775.10310184143    1.54975e-16 
 4779.31689940787    1.52123e-16 
 4783.53069697431    1.58029e-16 
 4787.74449454074   1.611807e-16 
 4791.95829210718    1.60187e-16 
 4796.17208967362   1.588028e-16 
 4800.38588724006   1.539431e-16 
  4804.5996848065   1.529978e-16 
 4808.81348237293   1.598976e-16 
 4813.02727993937   1.647474e-16 
 4817.24107750581   1.644623e-16 
 4821.45487507225    1.56608e-16 
 4825.66867263869   1.518682e-16 
 4829.88247020512   1.590972e-16 
 4834.09626777156   1.592175e-16 
   4838.310065338   1.552607e-16 
 4842.52386290444   1.501014e-16 
 4846.73766047087   1.440591e-16 
 4850.95145803731   1.395462e-16 
 4855.16525560375   1.371324e-16 
 4859.37905317019   1.370215e-16 
 4863.59285073663   1.328471e-16 
 4867.80664830306   1.336587e-16 
  4872.0204458695    1.25286e-16 
 4876.23424343594   1.181818e-16 
 4880.44804100238    1.21836e-16 
 4884.66183856882   1.226532e-16 
 4888.87563613525   1.185363e-16 
 4893.08943370169   1.274621e-16 
 4897.30323126813   1.338121e-16 
 4901.51702883457   1.267728e-16 
   4905.730826401   1.250463e-16 
 4909.94462396744   1.272852e-16 
 4914.15842153388   1.305975e-16 
 4918.37221910032   1.365695e-16 
 4922.58601666676   1.288148e-16 
 4926.79981423319   1.249523e-16 
 4931.01361179963   1.317302e-16 
 4935.22740936607   1.339745e-16 
 4939.44120693251   1.278722e-16 
 4943.65500449894   1.215839e-16 
 4947.86880206538   1.311268e-16 
 4952.08259963182   1.412524e-16 
 4956.29639719826   1.356771e-16 
  4960.5101947647   1.308406e-16 
 4964.72399233113   1.318816e-16 
 4968.93778989757   1.404547e-16 
 4973.15158746401   1.434743e-16 
 4977.36538503045   1.489689e-16 
 4981.57918259688   1.501355e-16 
 4985.79298016332   1.520352e-16 
 4990.00677772976   1.554475e-16 
  4994.2205752962   1.526247e-16 
 4998.43437286264   1.658995e-16 
 5002.64817042907   1.691311e-16 
 5006.86196799551   1.657054e-16 
 5011.07576556195   1.684526e-16 
 5015.28956312839   1.751216e-16 
 5019.50336069483   1.775572e-16 
 5023.71715826126   1.723742e-16 
  5027.9309558277   1.691944e-16 
 5032.14475339414   1.723047e-16 
 5036.35855096058    1.81247e-16 
 5040.57234852701    1.87025e-16 
 5044.78614609345   1.889537e-16 
 5048.99994365989   1.915382e-16 
 5053.21374122633   1.957859e-16 
 5057.42753879276   1.970659e-16 
  5061.6413363592   1.922261e-16 
 5065.85513392564   1.961511e-16 
 5070.06893149208   2.062838e-16 
 5074.28272905852   2.076537e-16 
 5078.49652662495   2.016134e-16 
 5082.71032419139   2.018767e-16 
 5086.92412175783   2.097821e-16 
 5091.13791932427   2.138905e-16 
 5095.35171689071   2.142242e-16 
 5099.56551445714   2.110187e-16 
 5103.77931202358   2.019244e-16 
 5107.99310959002   2.036034e-16 
 5112.20690715646    2.03785e-16 
 5116.42070472289   2.021928e-16 
 5120.63450228933   2.035815e-16 
 5124.84829985577   1.992621e-16 
 5129.06209742221   1.967036e-16 
 5133.27589498865   2.066449e-16 
 5137.48969255508   2.069286e-16 
 5141.70349012152   2.022883e-16 
 5145.91728768796   2.016409e-16 
  5150.1310852544   2.045366e-16 
 5154.34488282084   2.041789e-16 
 5158.55868038727   2.028601e-16 
 5162.77247795371   2.009342e-16 
 5166.98627552015   2.055325e-16 
 5171.20007308659   2.049394e-16 
 5175.41387065302   2.020933e-16 
 5179.62766821946   2.012286e-16 
  5183.8414657859    1.96941e-16 
 5188.05526335234     1.9059e-16 
 5192.26906091878   1.899231e-16 
 5196.48285848521   1.951289e-16 
 5200.69665605165   1.946503e-16 
 5204.91045361809   1.871081e-16 
 5209.12425118453   1.814929e-16 
 5213.33804875096   1.814852e-16 
  5217.5518463174   1.771853e-16 
 5221.76564388384   1.805615e-16 
 5225.97944145028   1.831331e-16 
 5230.19323901672   1.821803e-16 
 5234.40703658315   1.781747e-16 
 5238.62083414959   1.802793e-16 
 5242.83463171603   1.822731e-16 
 5247.04842928247   1.766777e-16 
  5251.2622268489   1.756143e-16 
 5255.47602441534   1.819089e-16 
 5259.68982198178   1.820899e-16 
 5263.90361954822   1.814251e-16 
 5268.11741711466   1.866638e-16 
 5272.33121468109   1.858635e-16 
 5276.54501224753   1.828123e-16 
 5280.75880981397   1.795623e-16 
 5284.97260738041   1.749066e-16 
 5289.18640494684   1.713024e-16 
 5293.40020251328   1.648816e-16 
 5297.61400007972   1.623913e-16 
 5301.82779764616   1.616791e-16 
  5306.0415952126    1.54876e-16 
 5310.25539277903   1.488703e-16 
 5314.46919034547   1.515049e-16 
 5318.68298791191   1.508662e-16 
 5322.89678547835   1.398719e-16 
 5327.11058304478   1.314376e-16 
 5331.32438061122   1.316463e-16 
 5335.53817817766   1.290343e-16 
  5339.7519757441   1.270499e-16 
 5343.96577331054   1.329783e-16 
 5348.17957087697   1.314824e-16 
 5352.39336844341   1.233359e-16 
 5356.60716600985   1.254141e-16 
 5360.82096357629   1.371275e-16 
 5365.03476114273   1.435285e-16 
 5369.24855870916   1.443068e-16 
  5373.4623562756   1.419203e-16 
 5377.67615384204   1.362556e-16 
 5381.88995140848   1.314428e-16 
 5386.10374897491   1.258734e-16 
 5390.31754654135   1.225859e-16 
 5394.53134410779   1.236709e-16 
 5398.74514167423   1.179366e-16 
 5402.95893924067   1.135934e-16 
  5407.1727368071   1.158904e-16 
 5411.38653437354   1.163628e-16 
 5415.60033193998    1.15602e-16 
 5419.81412950642    1.17103e-16 
 5424.02792707285   1.160535e-16 
 5428.24172463929   1.103795e-16 
 5432.45552220573   1.052233e-16 
 5436.66931977217   1.053862e-16 
 5440.88311733861   1.075457e-16 
 5445.09691490504   1.089602e-16 
 5449.31071247148   1.165395e-16 
 5453.52451003792   1.157189e-16 
 5457.73830760436   1.079268e-16 
  5461.9521051708   1.150864e-16 
 5466.16590273723   1.237252e-16 
 5470.37970030367   1.288802e-16 
 5474.59349787011   1.365611e-16 
 5478.80729543655   1.293286e-16 
 5483.02109300298   1.249893e-16 
 5487.23489056942   1.214788e-16 
 5491.44868813586   1.190034e-16 
  5495.6624857023   1.214623e-16 
 5499.87628326873   1.220572e-16 
 5504.09008083517   1.209364e-16 
 5508.30387840161     1.2153e-16 
 5512.51767596805   1.223421e-16 
 5516.73147353449    1.23079e-16 
 5520.94527110092   1.220153e-16 
 5525.15906866736    1.21409e-16 
  5529.3728662338   1.238871e-16 
 5533.58666380024   1.219035e-16 
 5537.80046136667   1.221386e-16 
 5542.01425893311   1.296058e-16 
 5546.22805649955   1.295936e-16 
 5550.44185406599   1.223026e-16 
 5554.65565163243   1.207731e-16 
 5558.86944919886   1.231449e-16 
  5563.0832467653   1.260253e-16 
 5567.29704433174   1.276803e-16 
 5571.51084189818   1.214067e-16 
 5575.72463946462   1.142296e-16 
 5579.93843703105   1.123582e-16 
 5584.15223459749   1.118608e-16 
 5588.36603216393   1.124015e-16 
 5592.57982973037   1.117922e-16 
  5596.7936272968   1.065193e-16 
 5601.00742486324   1.043243e-16 
 5605.22122242968   1.045504e-16 
 5609.43501999612   1.075493e-16 
 5613.64881756256   1.123515e-16 
 5617.86261512899    1.16818e-16 
 5622.07641269543   1.184307e-16 
 5626.29021026187   1.172117e-16 
 5630.50400782831   1.228371e-16 
 5634.71780539475   1.291002e-16 
 5638.93160296118   1.326779e-16 
 5643.14540052762   1.347557e-16 
 5647.35919809406   1.329001e-16 
  5651.5729956605   1.320356e-16 
 5655.78679322693   1.347294e-16 
 5660.00059079337   1.357644e-16 
 5664.21438835981   1.333188e-16 
 5668.42818592625   1.329023e-16 
 5672.64198349269   1.333534e-16 
 5676.85578105912   1.304881e-16 
 5681.06957862556   1.300513e-16 
   5685.283376192   1.292394e-16 
 5689.49717375844   1.254123e-16 
 5693.71097132488    1.26313e-16 
 5697.92476889131   1.328273e-16 
 5702.13856645775   1.323525e-16 
 5706.35236402419   1.281171e-16 
 5710.56616159063   1.305823e-16 
 5714.77995915706   1.303228e-16 
  5718.9937567235   1.311123e-16 
 5723.20755428994   1.343738e-16 
 5727.42135185638   1.371965e-16 
 5731.63514942281   1.361619e-16 
 5735.84894698925    1.35099e-16 
 5740.06274455569    1.31789e-16 
 5744.27654212213   1.317613e-16 
 5748.49033968857    1.38291e-16 
   5752.704137255   1.411953e-16 
 5756.91793482144   1.404259e-16 
 5761.13173238788   1.350384e-16 
 5765.34552995432   1.333307e-16 
 5769.55932752075   1.380835e-16 
 5773.77312508719   1.427152e-16 
 5777.98692265363   1.454865e-16 
 5782.20072022007   1.482584e-16 
 5786.41451778651   1.522977e-16 
 5790.62831535294    1.52212e-16 
 5794.84211291938   1.525514e-16 
 5799.05591048582   1.505547e-16 
 5803.26970805226    1.50414e-16 
  5807.4835056187   1.491626e-16 
 5811.69730318513   1.489134e-16 
 5815.91110075157   1.486226e-16 
 5820.12489831801   1.475129e-16 
 5824.33869588445   1.520893e-16 
 5828.55249345088   1.551035e-16 
 5832.76629101732   1.626642e-16 
 5836.98008858376   1.582047e-16 
  5841.1938861502    1.54243e-16 
 5845.40768371664   1.566078e-16 
 5849.62148128307   1.554551e-16 
 5853.83527884951   1.551967e-16 
 5858.04907641595   1.569237e-16 
 5862.26287398239   1.537988e-16 
 5866.47667154882   1.552562e-16 
 5870.69046911526   1.531583e-16 
  5874.9042666817   1.543554e-16 
 5879.11806424814   1.635308e-16 
 5883.33186181458   1.590685e-16 
 5887.54565938101   1.518882e-16 
 5891.75945694745   1.507953e-16 
 5895.97325451389   1.532879e-16 
 5900.18705208033   1.557867e-16 
 5904.40084964677   1.530855e-16 
  5908.6146472132    1.50362e-16 
 5912.82844477964   1.537645e-16 
 5917.04224234608   1.557204e-16 
 5921.25603991252   1.503873e-16 
 5925.46983747895   1.485319e-16 
 5929.68363504539   1.499081e-16 
 5933.89743261183   1.528068e-16 
 5938.11123017827    1.53618e-16 
  5942.3250277447    1.53337e-16 
 5946.53882531114   1.492505e-16 
 5950.75262287758   1.460834e-16 
 5954.96642044402   1.463555e-16 
 5959.18021801046   1.481492e-16 
 5963.39401557689   1.468559e-16 
 5967.60781314333   1.396683e-16 
 5971.82161070977   1.394453e-16 
 5976.03540827621   1.441673e-16 
 5980.24920584265   1.444028e-16 
 5984.46300340908   1.461123e-16 
 5988.67680097552   1.421668e-16 
 5992.89059854196   1.384927e-16 
  5997.1043961084   1.392109e-16 
 6001.31819367483   1.354296e-16 
 6005.53199124127   1.355672e-16 
 6009.74578880771   1.383562e-16 
 6013.95958637415     1.3946e-16 
 6018.17338394058   1.454087e-16 
 6022.38718150702   1.392222e-16 
 6026.60097907346   1.346622e-16 
  6030.8147766399   1.357807e-16 
 6035.02857420633   1.310506e-16 
 6039.24237177277   1.253925e-16 
 6043.45616933921   1.258516e-16 
 6047.66996690565   1.329254e-16 
 6051.88376447209   1.324584e-16 
 6056.09756203853   1.243222e-16 
 6060.31135960496   1.246308e-16 
  6064.5251571714   1.273577e-16 
 6068.73895473784   1.300011e-16 
 6072.95275230428   1.328805e-16 
 6077.16654987071   1.264654e-16 
 6081.38034743715   1.258822e-16 
 6085.59414500359   1.292793e-16 
 6089.80794257003   1.308667e-16 
 6094.02174013647   1.357526e-16 
  6098.2355377029   1.383554e-16 
 6102.44933526934   1.310897e-16 
 6106.66313283578    1.24487e-16 
 6110.87693040222   1.246131e-16 
 6115.09072796866   1.268009e-16 
 6119.30452553509   1.266063e-16 
 6123.51832310153   1.296464e-16 
 6127.73212066797   1.293621e-16 
 6131.94591823441   1.249066e-16 
 6136.15971580084   1.244145e-16 
 6140.37351336728   1.284013e-16 
 6144.58731093372    1.26378e-16 
 6148.80110850016   1.223517e-16 
 6153.01490606659   1.265335e-16 
 6157.22870363303   1.270838e-16 
 6161.44250119947   1.215485e-16 
 6165.65629876591   1.160165e-16 
 6169.87009633235   1.152429e-16 
 6174.08389389878   1.183348e-16 
 6178.29769146522    1.20386e-16 
 6182.51148903166   1.162692e-16 
  6186.7252865981    1.13502e-16 
 6190.93908416454   1.135125e-16 
 6195.15288173097   1.113406e-16 
 6199.36667929741   1.143348e-16 
 6203.58047686385   1.153824e-16 
 6207.79427443029   1.106807e-16 
 6212.00807199672   1.044165e-16 
 6216.22186956316   1.024221e-16 
  6220.4356671296   1.047702e-16 
 6224.64946469604   1.061607e-16 
 6228.86326226248   1.056587e-16 
 6233.07705982891   1.030538e-16 
 6237.29085739535   1.000172e-16 
 6241.50465496179   9.808799e-17 
 6245.71845252823   9.850877e-17 
 6249.93225009466   1.021842e-16 
  6254.1460476611   9.849817e-17 
 6258.35984522754   9.528052e-17 
 6262.57364279398   9.733241e-17 
 6266.78744036042   9.340349e-17 
 6271.00123792685   8.980343e-17 
 6275.21503549329    9.08507e-17 
 6279.42883305973   9.052113e-17 
 6283.64263062617   8.761144e-17 
  6287.8564281926   8.631364e-17 
 6292.07022575904   8.960251e-17 
 6296.28402332548   9.115411e-17 
 6300.49782089192   8.911968e-17 
 6304.71161845836   8.894217e-17 
 6308.92541602479    9.00575e-17 
 6313.13921359123   9.166839e-17 
 6317.35301115767   9.201515e-17 
 6321.56680872411   9.136318e-17 
 6325.78060629054   9.368821e-17 
 6329.99440385698   9.271038e-17 
 6334.20820142342   9.143723e-17 
 6338.42199898986   9.391307e-17 
  6342.6357965563   9.516839e-17 
 6346.84959412274   9.400812e-17 
 6351.06339168917   9.199215e-17 
 6355.27718925561   9.031683e-17 
 6359.49098682205   8.961482e-17 
 6363.70478438849   9.234808e-17 
 6367.91858195492    9.41981e-17 
 6372.13237952136    9.00476e-17 
  6376.3461770878   8.636269e-17 
 6380.55997465424   8.693356e-17 
 6384.77377222067   9.045851e-17 
 6388.98756978711   9.411069e-17 
 6393.20136735355    9.24794e-17 
 6397.41516491999   9.022867e-17 
 6401.62896248642   9.020992e-17 
 6405.84276005286   9.197986e-17 
  6410.0565576193   8.999616e-17 
 6414.27035518574   8.863298e-17 
 6418.48415275218   8.886959e-17 
 6422.69795031861   8.954292e-17 
 6426.91174788505   9.006319e-17 
 6431.12554545149   9.368472e-17 
 6435.33934301793   9.387745e-17 
 6439.55314058437   9.068098e-17 
  6443.7669381508   8.828777e-17 
 6447.98073571724   8.708936e-17 
 6452.19453328368   8.683951e-17 
 6456.40833085012   8.835351e-17 
 6460.62212841655    9.03005e-17 
 6464.83592598299   8.860804e-17 
 6469.04972354943   8.506176e-17 
 6473.26352111587   8.313043e-17 
 6477.47731868231   8.446133e-17 
 6481.69111624874     7.9966e-17 
 6485.90491381518   7.739505e-17 
 6490.11871138162   7.984929e-17 
 6494.33250894806   7.818587e-17 
  6498.5463065145   7.872529e-17 
 6502.76010408093   8.032544e-17 
 6506.97390164737   7.784944e-17 
 6511.18769921381   7.546591e-17 
 6515.40149678025    7.57409e-17 
 6519.61529434668   7.520406e-17 
 6523.82909191312   7.473505e-17 
 6528.04288947956   7.704965e-17 
   6532.256687046   7.960232e-17 
 6536.47048461244   8.044863e-17 
 6540.68428217887   7.887789e-17 
 6544.89807974531   7.511819e-17 
 6549.11187731175   7.298668e-17 
 6553.32567487819   7.487896e-17 
 6557.53947244462   7.517623e-17 
 6561.75327001106    7.27537e-17 
  6565.9670675775   7.528518e-17 
 6570.18086514394   7.719975e-17 
 6574.39466271038   7.780471e-17 
 6578.60846027681   7.506773e-17 
 6582.82225784325   7.163423e-17 
 6587.03605540969   7.409666e-17 
 6591.24985297613   7.660345e-17 
 6595.46365054256   7.428617e-17 
   6599.677448109   7.514603e-17 
 6603.89124567544   7.803121e-17 
 6608.10504324188   7.589221e-17 
 6612.31884080832   7.582274e-17 
 6616.53263837475   7.764198e-17 
 6620.74643594119   7.757144e-17 
 6624.96023350763   7.926535e-17 
 6629.17403107407   7.986345e-17 
 6633.38782864051   7.730444e-17 
 6637.60162620694   7.708488e-17 
 6641.81542377338   7.564815e-17 
 6646.02922133982    7.15288e-17 
 6650.24301890626   7.355825e-17 
 6654.45681647269   7.962538e-17 
 6658.67061403913   8.013265e-17 
 6662.88441160557    7.95624e-17 
 6667.09820917201   8.049742e-17 
 6671.31200673844   7.952652e-17 
 6675.52580430488   7.966652e-17 
 6679.73960187132   8.014361e-17 
 6683.95339943776    8.16619e-17 
  6688.1671970042   8.240899e-17 
 6692.38099457063   8.085685e-17 
 6696.59479213707   7.784008e-17 
 6700.80858970351   7.732368e-17 
 6705.02238726995   7.751484e-17 
 6709.23618483639   7.473667e-17 
 6713.44998240282   7.683957e-17 
 6717.66377996926   7.999999e-17 
  6721.8775775357   7.615591e-17 
 6726.09137510214   7.122043e-17 
 6730.30517266857   7.160676e-17 
 6734.51897023501   7.240154e-17 
 6738.73276780145   7.158107e-17 
 6742.94656536789   7.236523e-17 
 6747.16036293433   7.131687e-17 
 6751.37416050076   6.916381e-17 
  6755.5879580672   7.022423e-17 
 6759.80175563364   7.103732e-17 
 6764.01555320008   6.936226e-17 
 6768.22935076652   7.051542e-17 
 6772.44314833295   6.988353e-17 
 6776.65694589939    6.75466e-17 
 6780.87074346583   6.791813e-17 
 6785.08454103226   6.947565e-17 
  6789.2983385987   7.027313e-17 
 6793.51213616514   7.058913e-17 
 6797.72593373158   6.989409e-17 
 6801.93973129802   7.104564e-17 
 6806.15352886445   7.400157e-17 
 6810.36732643089   7.535351e-17 
 6814.58112399733   7.526645e-17 
 6818.79492156377   7.410976e-17 
 6823.00871913021   7.499382e-17 
 6827.22251669664   7.461822e-17 
 6831.43631426308   7.283666e-17 
 6835.65011182952   6.889468e-17 
 6839.86390939596   6.588039e-17 
  6844.0777069624   6.682259e-17 
 6848.29150452883   6.815307e-17 
 6852.50530209527   6.586479e-17 
 6856.71909966171   6.260747e-17 
 6860.93289722815   6.051557e-17 
 6865.14669479458    5.74367e-17 
 6869.36049236102   5.521972e-17 
 6873.57428992746   5.833303e-17 
  6877.7880874939   6.413139e-17 
 6882.00188506034   6.779609e-17 
 6886.21568262677   6.722711e-17 
 6890.42948019321   6.256369e-17 
 6894.64327775965   6.138305e-17 
 6898.85707532609   6.316259e-17 
 6903.07087289253   6.525728e-17 
 6907.28467045896   6.618138e-17 
  6911.4984680254   6.680197e-17 
 6915.71226559184    6.40505e-17 
 6919.92606315828   6.245103e-17 
 6924.13986072471   6.164314e-17 
 6928.35365829115   6.186833e-17 
 6932.56745585759   6.469256e-17 
 6936.78125342403   6.529625e-17 
 6940.99505099046   6.307678e-17 
  6945.2088485569    6.03838e-17 
 6949.42264612334   5.756809e-17 
 6953.63644368978    5.68686e-17 
 6957.85024125622   5.997516e-17 
 6962.06403882265   6.186528e-17 
 6966.27783638909   5.873673e-17 
 6970.49163395553    5.72439e-17 
 6974.70543152197   6.061715e-17 
  6978.9192290884   5.980288e-17 
 6983.13302665484   5.455651e-17 
 6987.34682422128   5.330563e-17 
 6991.56062178772     5.5368e-17 
 6995.77441935416   5.606584e-17 
 6999.98821692059   5.478363e-17 
 7004.20201448703    5.38884e-17 
 7008.41581205347   5.440203e-17 
 7012.62960961991   5.522716e-17 
 7016.84340718635   5.632389e-17 
 7021.05720475278   5.679932e-17 
 7025.27100231922   5.695996e-17 
 7029.48479988566   5.767046e-17 
  7033.6985974521   5.873729e-17 
 7037.91239501853    5.90772e-17 
 7042.12619258497   6.093403e-17 
 7046.33999015141   6.273311e-17 
 7050.55378771785   6.270769e-17 
 7054.76758528428   6.361984e-17 
 7058.98138285072   6.355615e-17 
 7063.19518041716    6.35169e-17 
  7067.4089779836   6.555569e-17 
 7071.62277555004   6.736661e-17 
 7075.83657311647   6.902577e-17 
 7080.05037068291   7.018969e-17 
 7084.26416824935    6.95775e-17 
 7088.47796581579   6.879626e-17 
 7092.69176338222   6.970443e-17 
 7096.90556094866   7.185371e-17 
  7101.1193585151   7.201804e-17 
 7105.33315608154   7.377971e-17 
 7109.54695364798   7.616242e-17 
 7113.76075121441   7.750808e-17 
 7117.97454878085   7.956219e-17 
 7122.18834634729    8.11807e-17 
 7126.40214391373   8.164614e-17 
 7130.61594148017    8.17541e-17 
  7134.8297390466   8.070299e-17 
 7139.04353661304   7.958936e-17 
 7143.25733417948     8.0351e-17 
 7147.47113174592   8.187023e-17 
 7151.68492931235   8.200434e-17 
 7155.89872687879   8.050967e-17 
 7160.11252444523   7.953088e-17 
 7164.32632201167    7.82671e-17 
 7168.54011957811   7.657654e-17 
 7172.75391714454    7.62016e-17 
 7176.96771471098   7.759662e-17 
 7181.18151227742   7.895594e-17 
 7185.39530984386    8.08169e-17 
  7189.6091074103   8.224981e-17 
 7193.82290497673   8.337394e-17 
 7198.03670254317   8.486464e-17 
 7202.25050010961   8.689747e-17 
 7206.46429767605   8.854184e-17 
 7210.67809524248   8.960297e-17 
 7214.89189280892   8.806681e-17 
 7219.10569037536   8.326401e-17 
  7223.3194879418   7.998253e-17 
 7227.53328550823   7.786366e-17 
 7231.74708307467   7.743857e-17 
 7235.96088064111   7.802469e-17 
 7240.17467820755   7.688912e-17 
 7244.38847577399   7.710695e-17 
 7248.60227334042    7.84411e-17 
 7252.81607090686   7.934776e-17 
  7257.0298684733   8.129526e-17 
 7261.24366603974   8.243972e-17 
 7265.45746360618   8.194465e-17 
 7269.67126117261   8.057083e-17 
 7273.88505873905   8.010175e-17 
 7278.09885630549   8.027017e-17 
 7282.31265387193   7.954783e-17 
 7286.52645143836   7.877441e-17 
  7290.7402490048   7.597704e-17 
 7294.95404657124   7.379581e-17 
 7299.16784413768   7.417352e-17 
 7303.38164170412   7.360448e-17 
 7307.59543927056   7.453503e-17 
 7311.80923683699   7.532197e-17 
 7316.02303440343   7.405796e-17 
 7320.23683196987   7.385147e-17 
  7324.4506295363   7.446128e-17 
 7328.66442710274   7.348249e-17 
 7332.87822466918   7.418535e-17 
 7337.09202223562   7.507489e-17 
 7341.30581980206   7.443659e-17 
 7345.51961736849   7.457713e-17 
 7349.73341493493   7.460792e-17 
 7353.94721250137   7.362764e-17 
 7358.16101006781    7.25263e-17 
 7362.37480763425    7.27391e-17 
 7366.58860520068   7.418677e-17 
 7370.80240276712   7.564313e-17 
 7375.01620033356   7.725269e-17 
     7379.2299979   7.905623e-17 
 7383.44379546643   8.030228e-17 
 7387.65759303287   8.119229e-17 
 7391.87139059931    8.27973e-17 
 7396.08518816575   8.413327e-17 
 7400.29898573219   8.336232e-17 
 7404.51278329862   8.146265e-17 
 7408.72658086506   8.004885e-17 
  7412.9403784315   8.016532e-17 
 7417.15417599794     8.0041e-17 
 7421.36797356438   7.798816e-17 
 7425.58177113081   7.598727e-17 
 7429.79556869725    7.54338e-17 
 7434.00936626369   7.583876e-17 
 7438.22316383013   7.621456e-17 
 7442.43696139656   7.844966e-17 
   7446.650758963   7.933956e-17 
 7450.86455652944   7.684646e-17 
 7455.07835409588   7.438471e-17 
 7459.29215166231   7.313462e-17 
 7463.50594922875   7.294501e-17 
 7467.71974679519   7.321468e-17 
 7471.93354436163   7.358979e-17 
 7476.14734192806    7.30886e-17 
  7480.3611394945   7.368465e-17 
 7484.57493706094   7.532236e-17 
 7488.78873462738   7.590959e-17 
 7493.00253219382   7.522943e-17 
 7497.21632976025   7.298122e-17 
 7501.43012732669    7.24325e-17 
 7505.64392489313   7.263657e-17 
 7509.85772245957   7.159124e-17 
 7514.07152002601    7.14285e-17 
 7518.28531759244   7.154209e-17 
 7522.49911515888   7.068691e-17 
 7526.71291272532   6.972324e-17 
 7530.92671029176   6.880288e-17 
  7535.1405078582   6.689962e-17 
 7539.35430542463   6.648138e-17 
 7543.56810299107   6.779003e-17 
 7547.78190055751   6.740544e-17 
 7551.99569812395   6.718702e-17 
 7556.20949569039   6.885212e-17 
 7560.42329325682   6.953509e-17 
 7564.63709082326   6.909587e-17 
  7568.8508883897    6.82381e-17 
 7573.06468595614   6.839087e-17 
 7577.27848352257   6.749364e-17 
 7581.49228108901    6.33314e-17 
 7585.70607865545   5.953135e-17 
 7589.91987622189   5.572681e-17 
 7594.13367378832   5.417083e-17 
 7598.34747135476   5.584826e-17 
  7602.5612689212   6.459002e-17 
 7606.77506648764   7.037474e-17 
 7610.98886405408   6.649636e-17 
 7615.20266162051   6.207546e-17 
 7619.41645918695   6.015665e-17 
 7623.63025675339   5.966302e-17 
 7627.84405431983   5.978628e-17 
 7632.05785188626   5.952977e-17 
  7636.2716494527   6.026448e-17 
 7640.48544701914   6.117084e-17 
 7644.69924458558   6.108983e-17 
 7648.91304215202   6.087629e-17 
 7653.12683971845   5.977592e-17 
 7657.34063728489   5.983197e-17 
 7661.55443485133   5.925921e-17 
 7665.76823241777   5.882746e-17 
  7669.9820299842   5.965547e-17 
 7674.19582755064   5.929659e-17 
 7678.40962511708   5.877784e-17 
 7682.62342268352   5.755651e-17 
 7686.83722024996    5.59374e-17 
 7691.05101781639   5.695356e-17 
 7695.26481538283   5.931833e-17 
 7699.47861294927   5.976981e-17 
 7703.69241051571   5.679114e-17 
 7707.90620808215   5.646782e-17 
 7712.12000564858   5.613452e-17 
 7716.33380321502   5.581708e-17 
 7720.54760078146   5.555414e-17 
  7724.7613983479    5.53996e-17 
 7728.97519591433   5.532996e-17 
 7733.18899348077   5.524173e-17 
 7737.40279104721   5.503197e-17 
 7741.61658861365   5.466206e-17 
 7745.83038618008   5.424509e-17 
 7750.04418374652   5.388291e-17 
 7754.25798131296   5.364473e-17 
  7758.4717788794   5.335225e-17 
 7762.68557644584   5.286626e-17 
 7766.89937401227   5.205462e-17 
 7771.11317157871   5.134726e-17 
 7775.32696914515    5.10764e-17 
 7779.54076671159   5.163384e-17 
 7783.75456427803   5.254168e-17 
 7787.96836184446   5.340333e-17 
  7792.1821594109   5.373103e-17 
 7796.39595697734   5.368016e-17 
 7800.60975454378   5.341453e-17 
 7804.82355211021   5.310921e-17 
 7809.03734967665   5.285004e-17 
 7813.25114724309   5.270835e-17 
 7817.46494480953   5.278255e-17 
 7821.67874237597    5.30508e-17 
  7825.8925399424   5.343202e-17 
 7830.10633750884   5.391821e-17 
 7834.32013507528   5.432726e-17 
 7838.53393264172    5.43799e-17 
 7842.74773020816   5.371211e-17 
 7846.96152777459   5.241875e-17 
 7851.17532534103   5.131083e-17 
 7855.38912290747   5.106359e-17 
 7859.60292047391   5.209265e-17 
 7863.81671804034   5.389841e-17 
 7868.03051560678   5.618317e-17 
 7872.24431317322   5.856921e-17 
 7876.45811073966   6.029176e-17 
 7880.67190830609   6.066066e-17 
 7884.88570587253   5.899276e-17 
 7889.09950343897   5.627615e-17 
 7893.31330100541   5.334873e-17 
 7897.52709857185   5.117787e-17 
 7901.74089613828   4.989066e-17 
 7905.95469370472   4.961234e-17 
 7910.16849127116   5.046385e-17 
  7914.3822888376   5.223016e-17 
 7918.59608640404   5.459818e-17 
 7922.80988397047   5.729746e-17 
 7927.02368153691   5.980006e-17 
 7931.23747910335   6.157744e-17 
 7935.45127666979   6.191884e-17 
 7939.66507423622   6.105783e-17 
 7943.87887180266   5.975273e-17 
  7948.0926693691   5.877029e-17 
 7952.30646693554   5.843676e-17 
 7956.52026450198   5.850918e-17 
 7960.73406206841     5.8911e-17 
 7964.94785963485   5.948172e-17 
 7969.16165720129    5.99659e-17 
 7973.37545476773   6.006492e-17 
 7977.58925233416   5.959228e-17 
  7981.8030499006   5.903197e-17 
 7986.01684746704   5.874275e-17 
 7990.23064503348   5.907564e-17 
 7994.44444259992    5.97398e-17 
 7998.65824016635   6.053739e-17 
 8002.87203773279   6.127608e-17 
 8007.08583529923   6.163138e-17 
 8011.29963286567   6.131924e-17 
  8015.5134304321   5.996866e-17 
 8019.72722799854    5.80184e-17 
 8023.94102556498   5.594187e-17 
 8028.15482313142   5.425981e-17 
 8032.36862069786   5.317026e-17 
 8036.58241826429   5.277929e-17 
 8040.79621583073   5.329203e-17 
 8045.01001339717   5.447007e-17 
 8049.22381096361   5.590121e-17 
 8053.43760853005   5.710429e-17 
 8057.65140609648   5.796342e-17 
 8061.86520366292   5.868348e-17 
 8066.07900122936   5.938772e-17 
  8070.2927987958   6.019518e-17 
 8074.50659636223   6.117198e-17 
 8078.72039392867   6.244629e-17 
 8082.93419149511   6.403121e-17 
 8087.14798906155   6.552105e-17 
 8091.36178662799   6.657622e-17 
 8095.57558419442   6.690729e-17 
 8099.78938176086   6.693538e-17 
  8104.0031793273   6.696947e-17 
 8108.21697689374   6.736153e-17 
 8112.43077446017   6.790807e-17 
 8116.64457202661   6.847915e-17 
 8120.85836959305   6.892575e-17 
 8125.07216715949   6.926331e-17 
 8129.28596472593   6.950707e-17 
 8133.49976229236   6.964219e-17 
  8137.7135598588   6.982936e-17 
 8141.92735742524   7.024305e-17 
 8146.14115499168   7.108133e-17 
 8150.35495255811   7.237642e-17 
 8154.56875012455   7.409983e-17 
 8158.78254769099   7.627542e-17 
 8162.99634525743   7.878825e-17 
 8167.21014282387   8.146241e-17 
  8171.4239403903   8.396106e-17 
 8175.63773795674   8.641301e-17 
 8179.85153552318   8.950183e-17 
 8184.06533308962   9.390497e-17 
 8188.27913065605    9.96774e-17 
 8192.49292822249   1.052527e-16 
 8196.70672578893   1.094255e-16 
 8200.92052335537    1.11209e-16 
 8205.13432092181   1.110384e-16 
 8209.34811848825   1.091142e-16 
 8213.56191605468   1.057488e-16 
 8217.77571362112   1.025177e-16 
 8221.98951118756   1.008144e-16 
   8226.203308754   1.021985e-16 
 8230.41710632043   1.055834e-16 
 8234.63090388687   1.099737e-16 
 8238.84470145331   1.142013e-16 
 8243.05849901975   1.177709e-16 
 8247.27229658618   1.202208e-16 
 8251.48609415262   1.209546e-16 
 8255.69989171906   1.201538e-16 
  8259.9136892855   1.182135e-16 
 8264.12748685194   1.156462e-16 
 8268.34128441837   1.127147e-16 
 8272.55508198481    1.09589e-16 
 8276.76887955125   1.063573e-16 
 8280.98267711768   1.034155e-16 
 8285.19647468412   1.013753e-16 
 8289.41027225056   1.009518e-16 
   8293.624069817   1.020376e-16 
 8297.83786738344   1.030484e-16 
 8302.05166494988   1.025938e-16 
 8306.26546251631   9.978092e-17 
 8310.47926008275   9.596604e-17 
 8314.69305764919    9.20976e-17 
 8318.90685521563   8.913914e-17 
 8323.12065278207   8.664685e-17 
  8327.3344503485    8.44426e-17 
 8331.54824791494   8.227923e-17 
 8335.76204548138   8.033638e-17 
 8339.97584304781   7.870021e-17 
 8344.18964061425   7.745024e-17 
 8348.40343818069     7.6503e-17 
 8352.61723574713   7.577007e-17 
 8356.83103331357   7.518515e-17 
    8361.04483088   7.459342e-17 
 8365.25862844644    7.38495e-17 
 8369.47242601288   7.275859e-17 
 8373.68622357932   7.142331e-17 
 8377.90002114576   7.004196e-17 
 8382.11381871219   6.882746e-17 
 8386.32761627863   6.786903e-17 
 8390.54141384507   6.716494e-17 
 8394.75521141151   6.673577e-17 
 8398.96900897795   6.657081e-17 
 8403.18280654438   6.662782e-17 
 8407.39660411082   6.685225e-17 
 8411.61040167726   6.718408e-17 
  8415.8241992437   6.757307e-17 
 8420.03799681013   6.796291e-17 
 8424.25179437657   6.829608e-17 
 8428.46559194301    6.85001e-17 
 8432.67938950945   6.851082e-17 
 8436.89318707589   6.827131e-17 
 8441.10698464232   6.779295e-17 
 8445.32078220876   6.709393e-17 
  8449.5345797752   6.622522e-17 
 8453.74837734164   6.513064e-17 
 8457.96217490807   6.378349e-17 
 8462.17597247451   6.209497e-17 
 8466.38977004095    6.03845e-17 
 8470.60356760739   5.896557e-17 
 8474.81736517383   5.821763e-17 
 8479.03116274026   5.803743e-17 
  8483.2449603067   5.820293e-17 
 8487.45875787314   5.852074e-17 
 8491.67255543957   5.877857e-17 
 8495.88635300601   5.878137e-17 
 8500.10015057245   5.823091e-17 
 8504.31394813889   5.719632e-17 
 8508.52774570533   5.608636e-17 
 8512.74154327176    5.53274e-17 
  8516.9553408382   5.504863e-17 
 8521.16913840464   5.474207e-17 
 8525.38293597108   5.401636e-17 
 8529.59673353752   5.262105e-17 
 8533.81053110395   5.105253e-17 
 8538.02432867039   4.964551e-17 
 8542.23812623683   4.872397e-17 
 8546.45192380327   4.819753e-17 
 8550.66572136971   4.804582e-17 
 8554.87951893614    4.82703e-17 
 8559.09331650258   4.839823e-17 
 8563.30711406902   4.802443e-17 
 8567.52091163546   4.660077e-17 
  8571.7347092019   4.474096e-17 
 8575.94850676833   4.304086e-17 
 8580.16230433477   4.222148e-17 
 8584.37610190121   4.220267e-17 
 8588.58989946765   4.278171e-17 
 8592.80369703408   4.377695e-17 
 8597.01749460052   4.497213e-17 
 8601.23129216696   4.613878e-17 
  8605.4450897334   4.705332e-17 
 8609.65888729984   4.755535e-17 
 8613.87268486627   4.757068e-17 
 8618.08648243271   4.688722e-17 
 8622.30027999915    4.57761e-17 
 8626.51407756558   4.515741e-17 
 8630.72787513202   4.591977e-17 
 8634.94167269846   4.842461e-17 
  8639.1554702649    5.14033e-17 
 8643.36926783134   5.389102e-17 
 8647.58306539778   5.501884e-17 
 8651.79686296421   5.519687e-17 
 8656.01066053065    5.46135e-17 
 8660.22445809709   5.353112e-17 
 8664.43825566353   5.229028e-17 
 8668.65205322997   5.125822e-17 
  8672.8658507964   5.085259e-17 
 8677.07964836284    5.09803e-17 
 8681.29344592928   5.154621e-17 
 8685.50724349572   5.243091e-17 
 8689.72104106215   5.351855e-17 
 8693.93483862859   5.468504e-17 
 8698.14863619503   5.572983e-17 
 8702.36243376147    5.67256e-17 
  8706.5762313279   5.779569e-17 
 8710.79002889434   5.908697e-17 
 8715.00382646078   6.053421e-17 
 8719.21762402722   6.195683e-17 
 8723.43142159366   6.324462e-17 
  8727.6452191601    6.42018e-17 
 8731.85901672653     6.4572e-17 
 8736.07281429297   6.408169e-17 
 8740.28661185941   6.271243e-17 
 8744.50040942584   6.096223e-17 
 8748.71420699228     5.9241e-17 
 8752.92800455872   5.791993e-17 
 8757.14180212516   5.705728e-17 
  8761.3555996916   5.677655e-17 
 8765.56939725803   5.715442e-17 
 8769.78319482447   5.786538e-17 
 8773.99699239091   5.861366e-17 
 8778.21078995735   5.902678e-17 
 8782.42458752379   5.945854e-17 
 8786.63838509022    6.01765e-17 
 8790.85218265666     6.1563e-17 
  8795.0659802231   6.320319e-17 
 8799.27977778954   6.470593e-17 
 8803.49357535597   6.562012e-17 
 8807.70737292241   6.601787e-17 
 8811.92117048885   6.607045e-17 
 8816.13496805529   6.588232e-17 
 8820.34876562173   6.574683e-17 
 8824.56256318816   6.599545e-17 
  8828.7763607546   6.707486e-17 
 8832.99015832104   6.891346e-17 
 8837.20395588748   7.105601e-17 
 8841.41775345391   7.303495e-17 
 8845.63155102035   7.467715e-17 
 8849.84534858679   7.631227e-17 
 8854.05914615323   7.815366e-17 
 8858.27294371967   8.030341e-17 
  8862.4867412861   8.243568e-17 
 8866.70053885254   8.434008e-17 
 8870.91433641898   8.579946e-17 
 8875.12813398542    8.65549e-17 
 8879.34193155185   8.636987e-17 
 8883.55572911829   8.502085e-17 
 8887.76952668473   8.302062e-17 
 8891.98332425117   8.081206e-17 
 8896.19712181761   7.891858e-17 
 8900.41091938405   7.725494e-17 
 8904.62471695048   7.575395e-17 
 8908.83851451692   7.434311e-17 
 8913.05231208336   7.294241e-17 
 8917.26610964979   7.146706e-17 
 8921.47990721623   6.975375e-17 
 8925.69370478267   6.792994e-17 
 8929.90750234911   6.618432e-17 
 8934.12129991555   6.477482e-17 
 8938.33509748198   6.363942e-17 
 8942.54889504842   6.255618e-17 
 8946.76269261486   6.128628e-17 
  8950.9764901813    5.98544e-17 
 8955.19028774774    5.85868e-17 
 8959.40408531417   5.770284e-17 
 8963.61788288061   5.737771e-17 
 8967.83168044705   5.767396e-17 
 8972.04547801349   5.873996e-17 
 8976.25927557992   6.052981e-17 
 8980.47307314636    6.19619e-17 
  8984.6868707128   6.211826e-17 
 8988.90066827924   6.013348e-17 
 8993.11446584568   5.742173e-17 
 8997.32826341211   5.507518e-17 
 9001.54206097855   5.440952e-17 
 9005.75585854499   5.448951e-17 
 9009.96965611143   5.459889e-17 
 9014.18345367786   5.384209e-17 
  9018.3972512443   5.256397e-17 
 9022.61104881074   5.111271e-17 
 9026.82484637718   4.975274e-17 
 9031.03864394361   4.883328e-17 
 9035.25244151005   4.865611e-17 
 9039.46623907649   4.976399e-17 
 9043.68003664293   5.161749e-17 
 9047.89383420937   5.328671e-17 
  9052.1076317758     5.3767e-17 
 9056.32142934224   5.284759e-17 
 9060.53522690868   5.100483e-17 
 9064.74902447512   4.858451e-17 
 9068.96282204156    4.59697e-17 
 9073.17661960799   4.349013e-17 
 9077.39041717443    4.15328e-17 
 9081.60421474087    4.03869e-17 
 9085.81801230731   4.004914e-17 
 9090.03180987375   4.053905e-17 
 9094.24560744018   4.179974e-17 
 9098.45940500662   4.347781e-17 
 9102.67320257306   4.522806e-17 
  9106.8870001395   4.666521e-17 
 9111.10079770593   4.791125e-17 
 9115.31459527237   4.903013e-17 
 9119.52839283881   5.016231e-17 
 9123.74219040525   5.099927e-17 
 9127.95598797169   5.128984e-17 
 9132.16978553812   5.078329e-17 
 9136.38358310456   4.955221e-17 
   9140.597380671   4.774563e-17 
 9144.81117823744   4.543444e-17 
 9149.02497580387   4.308084e-17 
 9153.23877337031   4.122188e-17 
 9157.45257093675   4.045001e-17 
 9161.66636850319   4.084749e-17 
 9165.88016606963   4.215607e-17 
 9170.09396363606   4.420638e-17 
  9174.3077612025     4.6628e-17 
 9178.52155876894   4.887083e-17 
 9182.73535633537   5.032109e-17 
 9186.94915390181   5.070352e-17 
 9191.16295146825   5.059592e-17 
 9195.37674903469   5.044336e-17 
 9199.59054660113     5.0613e-17 
 9203.80434416757   5.068627e-17 
   9208.018141734   5.045235e-17 
 9212.23193930044    4.97239e-17 
 9216.44573686688   4.830622e-17 
 9220.65953443332   4.603222e-17 
 9224.87333199976   4.259918e-17 
 9229.08712956619   3.937984e-17 
 9233.30092713263   3.755453e-17 
 9237.51472469907    3.85813e-17 
 9241.72852226551   4.161152e-17 
 9245.94231983194   4.568384e-17 
 9250.15611739838   4.984291e-17 
 9254.36991496482   5.341464e-17 
 9258.58371253126   5.588205e-17 
  9262.7975100977   5.611501e-17 
 9267.01130766413    5.52181e-17 
 9271.22510523057    5.50799e-17 
 9275.43890279701   5.815432e-17 
 9279.65270036345   6.391799e-17 
 9283.86649792988   6.930036e-17 
 9288.08029549632    7.14657e-17 
 9292.29409306276   6.930682e-17 
  9296.5078906292   6.508059e-17 
 9300.72168819564     6.0358e-17 
 9304.93548576207   5.650796e-17 
 9309.14928332851   5.326224e-17 
 9313.36308089495   5.074361e-17 
 9317.57687846139   4.895736e-17 
 9321.79067602782   4.796014e-17 
 9326.00447359426   4.769912e-17 
  9330.2182711607   4.810941e-17 
 9334.43206872714   4.838164e-17 
 9338.64586629358   4.782892e-17 
 9342.85966386002   4.572746e-17 
 9347.07346142645   4.234587e-17 
 9351.28725899289    3.80385e-17 
 9355.50105655933   3.297072e-17 
 9359.71485412577   2.840382e-17 
  9363.9286516922   2.559901e-17 
 9368.14244925864   2.607027e-17 
 9372.35624682508   2.940191e-17 
 9376.57004439152   3.447784e-17 
 9380.78384195795   4.043382e-17 
 9384.99763952439   4.588364e-17 
 9389.21143709083   4.928251e-17 
 9393.42523465727   4.884726e-17 
  9397.6390322237   4.442969e-17 
 9401.85282979014   3.798879e-17 
 9406.06662735658   3.107646e-17 
 9410.28042492302   2.521125e-17 
 9414.49422248946   2.141384e-17 
 9418.70802005589    2.10063e-17 
 9422.92181762233    2.46959e-17 
 9427.13561518877   2.951886e-17 
 9431.34941275521   3.298867e-17 
 9435.56321032165   3.247179e-17 
 9439.77700788808    3.12229e-17 
 9443.99080545452   3.160759e-17 
 9448.20460302096   3.655991e-17 
  9452.4184005874   4.346935e-17 
 9456.63219815384   5.016611e-17 
 9460.84599572027   5.413682e-17 
 9465.05979328671   5.551117e-17 
 9469.27359085315   5.460333e-17 
 9473.48738841958   5.156991e-17 
 9477.70118598602    4.73616e-17 
 9481.91498355246   4.310688e-17 
  9486.1287811189   4.019891e-17 
 9490.34257868534   3.890998e-17 
 9494.55637625177   3.894247e-17 
 9498.77017381821   4.001712e-17 
 9502.98397138465   4.189851e-17 
 9507.19776895109   4.442473e-17 
 9511.41156651753   4.737678e-17 
 9515.62536408397    5.03944e-17 
  9519.8391616504   5.287689e-17 
 9524.05295921684   5.427516e-17 
 9528.26675678328   5.426793e-17 
 9532.48055434971   5.337013e-17 
 9536.69435191615   5.197168e-17 
 9540.90814948259   5.050569e-17 
 9545.12194704903   4.931071e-17 
 9549.33574461547     4.8759e-17 
  9553.5495421819   4.927118e-17 
 9557.76333974834   5.019864e-17 
 9561.97713731478   5.098491e-17 
 9566.19093488122   5.078862e-17 
 9570.40473244766   5.047987e-17 
 9574.61853001409   5.081948e-17 
 9578.83232758053    5.29377e-17 
 9583.04612514697    5.58089e-17 
  9587.2599227134    5.82215e-17 
 9591.47372027984   5.873264e-17 
 9595.68751784628   5.751783e-17 
 9599.90131541272   5.530525e-17 
 9604.11511297916   5.282351e-17 
  9608.3289105456   5.044599e-17 
 9612.54270811203   4.828994e-17 
 9616.75650567847   4.648883e-17 
 9620.97030324491   4.535856e-17 
 9625.18410081135   4.546793e-17 
 9629.39789837779   4.735439e-17 
 9633.61169594422   5.109496e-17 
 9637.82549351066    5.55127e-17 
  9642.0392910771   5.964681e-17 
 9646.25308864354   6.264453e-17 
 9650.46688620997   6.477405e-17 
 9654.68068377641   6.612083e-17 
 9658.89448134285   6.684211e-17 
 9663.10827890929   6.754253e-17 
 9667.32207647572   6.879106e-17 
 9671.53587404216   7.123827e-17 
  9675.7496716086   7.454198e-17 
 9679.96346917504   7.835695e-17 
 9684.17726674148   8.219372e-17 
 9688.39106430791   8.593981e-17 
 9692.60486187435    8.94328e-17 
 9696.81865944079   9.273087e-17 
 9701.03245700723   9.493809e-17 
 9705.24625457366   9.508796e-17 
  9709.4600521401    9.21476e-17 
 9713.67384970654   8.639344e-17 
 9717.88764727298   7.886087e-17 
 9722.10144483942    7.00586e-17 
 9726.31524240585   6.160119e-17 
 9730.52903997229   5.597288e-17 
 9734.74283753873   5.606782e-17 
 9738.95663510517   6.208415e-17 
  9743.1704326716   6.868847e-17 
 9747.38423023804   7.150378e-17 
 9751.59802780448   6.738821e-17 
 9755.81182537092   5.979224e-17 
 9760.02562293736   5.085396e-17 
 9764.23942050379   4.297677e-17 
 9768.45321807023   3.857996e-17 
 9772.66701563667   4.008763e-17 
 9776.88081320311   5.015605e-17 
 9781.09461076955   6.474508e-17 
 9785.30840833598   8.028441e-17 
 9789.52220590242    9.23009e-17 
 9793.73600346886   1.018397e-16 
  9797.9498010353   1.099437e-16 
 9802.16359860173    1.18223e-16 
 9806.37739616817   1.259666e-16 
 9810.59119373461   1.324511e-16 
 9814.80499130105   1.361331e-16 
 9819.01878886749   1.393598e-16 
 9823.23258643392   1.454461e-16 
 9827.44638400036   1.585081e-16 
  9831.6601815668   1.771888e-16 
 9835.87397913324   1.961578e-16 
 9840.08777669967   2.107335e-16 
 9844.30157426611   2.180117e-16 
 9848.51537183255    2.18265e-16 
 9852.72916939899   2.107782e-16 
 9856.94296696543   1.964589e-16 
 9861.15676453187   1.802238e-16 
  9865.3705620983   1.665722e-16 
 9869.58435966474   1.593312e-16 
 9873.79815723118   1.553947e-16 
 9878.01195479761   1.526692e-16 
 9882.22575236405   1.485884e-16 
 9886.43954993049   1.436501e-16 
 9890.65334749693   1.378096e-16 
 9894.86714506337   1.313695e-16 
 9899.08094262981   1.226532e-16 
 9903.29474019624   1.104273e-16 
 9907.50853776268   9.314265e-17 
 9911.72233532912   7.303237e-17 
 9915.93613289556   5.271684e-17 
 9920.14993046199   3.445418e-17 
 9924.36372802843   2.087481e-17 
 9928.57752559487   1.419945e-17 
 9932.79132316131   1.787179e-17 
 9937.00512072774   2.922774e-17 
 9941.21891829418   4.249697e-17 
 9945.43271586062   5.167075e-17 
 9949.64651342706   5.456897e-17 
 9953.86031099349   5.354856e-17 
 9958.07410855993   4.989671e-17 
 9962.28790612637   4.537354e-17 
 9966.50170369281   4.188813e-17 
 9970.71550125925   4.164729e-17 
 9974.92929882568   4.614412e-17 
 9979.14309639212   5.352978e-17 
 9983.35689395856   6.247478e-17 
   9987.570691525   7.148092e-17 
 9991.78448909144   7.920966e-17 
 9995.99828665787    8.43213e-17 
 10000.2120842243   8.538817e-17 
 10004.4258817907   8.432295e-17 
 10008.6396793572   8.284214e-17 
 10012.8534769236   8.265311e-17 
 10017.0672744901   8.493187e-17 
 10021.2810720565   9.054919e-17 
 10025.4948696229   1.012783e-16 
 10029.7086671894   1.137395e-16 
 10033.9224647558   1.239089e-16 
 10038.1362623223   1.272753e-16 
 10042.3500598887   1.235294e-16 
 10046.5638574551    1.14317e-16 
 10050.7776550216   1.000575e-16 
  10054.991452588   8.418042e-17 
 10059.2052501544   7.197493e-17 
 10063.4190477209   6.975845e-17 
 10067.6328452873    7.80448e-17 
 10071.8466428538   8.795361e-17 
 10076.0604404202    9.20228e-17 
 10080.2742379866   8.540418e-17 
 10084.4880355531   7.390963e-17 
 10088.7018331195   6.112186e-17 
 10092.9156306859   5.084093e-17 
 10097.1294282524   4.375034e-17 
 10101.3432258188   4.128328e-17 
 10105.5570233853   4.482501e-17 
 10109.7708209517   5.155043e-17 
 10113.9846185181   5.890482e-17 
 10118.1984160846   6.333345e-17 
  10122.412213651   6.741372e-17 
 10126.6260112174   7.322081e-17 
 10130.8398087839   8.400883e-17 
 10135.0536063503   9.600968e-17 
 10139.2674039168    1.05182e-16 
 10143.4812014832   1.070239e-16 
 10147.6949990496   1.018879e-16 
 10151.9087966161   9.172745e-17 
 10156.1225941825    7.76959e-17 
 10160.3363917489     6.3033e-17 
 10164.5501893154   5.182809e-17 
 10168.7639868818    4.87222e-17 
 10172.9777844483   5.445282e-17 
 10177.1915820147   6.508866e-17 
 10181.4053795811   7.754288e-17 
 10185.6191771476   8.869973e-17 
  10189.832974714   9.635762e-17 
 10194.0467722804   9.789031e-17 
 10198.2605698469   9.175924e-17 
 10202.4743674133   8.121399e-17 
 10206.6881649798   6.894315e-17 
 10210.9019625462   5.788141e-17 
 10215.1157601126   4.848193e-17 
 10219.3295576791   4.158686e-17 
 10223.5433552455   3.799921e-17 
  10227.757152812   3.697763e-17 
 10231.9709503784   3.770929e-17 
 10236.1847479448   3.889469e-17 
 10240.3985455113   4.108551e-17 
 10244.6123430777   4.471712e-17 
 10248.8261406441   5.063681e-17 
 10253.0399382106   5.733643e-17 
  10257.253735777   6.304019e-17 
 10261.4675333435   6.551362e-17 
 10265.6813309099   6.516651e-17 
 10269.8951284763   6.346137e-17 
 10274.1089260428    6.22484e-17 
 10278.3227236092   6.142339e-17 
 10282.5365211756    5.92783e-17 
 10286.7503187421   5.410705e-17 
 10290.9641163085   4.606687e-17 
  10295.177913875   3.865708e-17 
 10299.3917114414   3.470178e-17 
 10303.6055090078   3.599139e-17 
 10307.8193065743   4.017891e-17 
 10312.0331041407   4.576605e-17 
 10316.2469017071   5.106938e-17 
 10320.4606992736   5.427254e-17 
   10324.67449684   5.361014e-17 
 10328.8882944065   4.732746e-17 
 10333.1020919729   3.836428e-17 
 10337.3158895393    2.92782e-17 
 10341.5296871058    2.28818e-17 
 10345.7434846722   2.003242e-17 
 10349.9572822386   2.141244e-17 
 10354.1710798051   2.809024e-17 
 10358.3848773715    3.78938e-17 
  10362.598674938   4.824603e-17 
 10366.8124725044    5.62279e-17 
 10371.0262700708    6.09257e-17 
 10375.2400676373   6.221397e-17 
 10379.4538652037   5.959834e-17 
 10383.6676627701   5.411458e-17 
 10387.8814603366   4.770413e-17 
  10392.095257903   4.251948e-17 
 10396.3090554695   3.964679e-17 
 10400.5228530359   3.868132e-17 
 10404.7366506023   3.938142e-17 
 10408.9504481688   4.157572e-17 
 10413.1642457352   4.575191e-17 
 10417.3780433017   5.208663e-17 
 10421.5918408681   6.039708e-17 
 10425.8056384345   6.879821e-17 
  10430.019436001   7.580557e-17 
 10434.2332335674   8.007066e-17 
 10438.4470311338   8.008255e-17 
 10442.6608287003   7.457485e-17 
 10446.8746262667   6.181108e-17 
 10451.0884238332   4.686412e-17 
 10455.3022213996   3.422929e-17 
  10459.516018966   2.978729e-17 
 10463.7298165325   3.019884e-17 
 10467.9436140989   3.183648e-17 
 10472.1574116653   3.043719e-17 
 10476.3712092318   2.604708e-17 
 10480.5850067982   1.965865e-17 
 10484.7988043647   1.140676e-17 
 10489.0126019311    3.46884e-18 
 10493.2263994975  -1.323673e-18 
  10497.440197064   5.451009e-19 
 10501.6539946304   8.803596e-18 
 10505.8677921968   1.968997e-17 
 10510.0815897633   3.000756e-17 
 10514.2953873297   3.740625e-17 
 10518.5091848962   4.164706e-17 
 10522.7229824626   4.185913e-17 
  10526.936780029   3.804221e-17 
 10531.1505775955   3.278289e-17 
 10535.3643751619   2.840921e-17 
 10539.5781727284   2.716065e-17 
 10543.7919702948   2.813201e-17 
 10548.0057678612   3.082483e-17 
 10552.2195654277   3.443149e-17 
 10556.4333629941   3.920633e-17 
 10560.6471605605   4.507584e-17 
  10564.860958127   5.209894e-17 
 10569.0747556934   5.859491e-17 
 10573.2885532599   6.299911e-17 
 10577.5023508263   6.374522e-17 
 10581.7161483927   6.049648e-17 
 10585.9299459592   5.333722e-17 
 10590.1437435256   4.205554e-17 
  10594.357541092   2.851444e-17 
 10598.5713386585   1.521621e-17 
 10602.7851362249   4.860792e-18 
 10606.9989337914  -1.376305e-18 
 10611.2127313578   -3.49633e-18 
 10615.4265289242  -1.478342e-18 
 10619.6403264907   4.290856e-18 
 10623.8541240571   1.305015e-17 
 10628.0679216235   2.419799e-17 
   10632.28171919   3.631019e-17 
 10636.4955167564   4.578472e-17 
 10640.7093143229   4.931503e-17 
 10644.9231118893   4.463488e-17 
 10649.1369094557   3.664299e-17 
 10653.3507070222   2.917102e-17 
 10657.5645045886   2.635633e-17 
  10661.778302155   2.568264e-17 
 10665.9920997215    2.55814e-17 
 10670.2058972879   2.406812e-17 
 10674.4196948544   2.197207e-17 
 10678.6334924208   1.982007e-17 
 10682.8472899872   1.790751e-17 
 10687.0610875537   1.696291e-17 
 10691.2748851201   1.760229e-17 
 10695.4886826865    2.13784e-17 
  10699.702480253   2.593484e-17 
 10703.9162778194   2.841939e-17 
 10708.1300753859   2.480367e-17 
 10712.3438729523   1.709171e-17 
 10716.5576705187   1.001608e-17 
 10720.7714680852   8.207016e-18 
 10724.9852656516   1.296412e-17 
 10729.1990632181   2.199882e-17 
 10733.4128607845   3.433272e-17 
 10737.6266583509   4.753249e-17 
 10741.8404559174    5.68446e-17 
 10746.0542534838    5.74322e-17 
 10750.2680510502   4.679249e-17 
 10754.4818486167    3.27807e-17 
 10758.6956461831    2.15077e-17 
 10762.9094437496   1.893912e-17 
  10767.123241316   2.167338e-17 
 10771.3370388824   2.773509e-17 
 10775.5508364489   3.468878e-17 
 10779.7646340153   4.141496e-17 
 10783.9784315817   4.650096e-17 
 10788.1922291482   4.814509e-17 
 10792.4060267146   4.737903e-17 
 10796.6198242811   4.532563e-17 
 10800.8336218475   4.363771e-17 
 10805.0474194139   4.189216e-17 
 10809.2612169804   3.953187e-17 
 10813.4750145468   3.566782e-17 
 10817.6888121132   3.128859e-17 
 10821.9026096797   2.788232e-17 
 10826.1164072461   2.714056e-17 
 10830.3302048126   2.884361e-17 
  10834.544002379   3.139648e-17 
 10838.7577999454   3.350416e-17 
 10842.9715975119   3.422512e-17 
 10847.1853950783    3.33213e-17 
 10851.3991926447   3.014823e-17 
 10855.6129902112   2.492785e-17 
 10859.8267877776   2.032867e-17 
 10864.0405853441   1.861776e-17 
 10868.2543829105   2.156052e-17 
 10872.4681804769   2.666142e-17 
 10876.6819780434   3.216909e-17 
 10880.8957756098   3.625417e-17 
 10885.1095731763   3.772301e-17 
 10889.3233707427   3.540562e-17 
 10893.5371683091   2.771839e-17 
 10897.7509658756   1.819464e-17 
  10901.964763442   1.007702e-17 
 10906.1785610084   7.438027e-18 
 10910.3923585749   8.906978e-18 
 10914.6061561413   1.267615e-17 
 10918.8199537078   1.688017e-17 
 10923.0337512742   2.040155e-17 
 10927.2475488406   2.238206e-17 
 10931.4613464071   2.145411e-17 
 10935.6751439735   1.816198e-17 
 10939.8889415399   1.405699e-17 
 10944.1027391064   1.066577e-17 
 10948.3165366728   8.887658e-18 
 10952.5303342393   8.803976e-18 
 10956.7441318057   1.080465e-17 
 10960.9579293721   1.465878e-17 
 10965.1717269386   1.900026e-17 
  10969.385524505   2.254429e-17 
 10973.5993220714    2.42714e-17 
 10977.8131196379   2.482551e-17 
 10982.0269172043     2.4594e-17 
 10986.2407147708   2.406714e-17 
 10990.4545123372   2.277807e-17 
 10994.6683099036   2.050023e-17 
 10998.8821074701   1.692928e-17 
 11003.0959050365   1.316235e-17 
 11007.3097026029   1.012693e-17 
 11011.5235001694    8.90028e-18 
 11015.7372977358   9.113915e-18 
 11019.9510953023   1.033417e-17 
 11024.1648928687   1.216885e-17 
 11028.3786904351   1.405731e-17 
 11032.5924880016   1.546857e-17 
  11036.806285568   1.556209e-17 
 11041.0200831344   1.484642e-17 
 11045.2338807009   1.429862e-17 
 11049.4476782673   1.498928e-17 
 11053.6614758338   1.708339e-17 
 11057.8752734002   2.000611e-17 
 11062.0890709666   2.336213e-17 
 11066.3028685331   2.670879e-17 
 11070.5166660995    2.96391e-17 
  11074.730463666   3.163748e-17 
 11078.9442612324   3.243521e-17 
 11083.1580587988   3.256682e-17 
 11087.3718563653   3.248758e-17 
 11091.5856539317    3.26086e-17 
 11095.7994514981   3.219833e-17 
 11100.0132490646   3.076817e-17 
  11104.227046631   2.780024e-17 
 11108.4408441975   2.421821e-17 
 11112.6546417639    2.07541e-17 
 11116.8684393303   1.816082e-17 
 11121.0822368968   1.666248e-17 
 11125.2960344632   1.642274e-17 
 11129.5098320296   1.787163e-17 
 11133.7236295961   1.982512e-17 
 11137.9374271625   2.105116e-17 
  11142.151224729   1.982526e-17 
 11146.3650222954   1.692198e-17 
 11150.5788198618    1.37172e-17 
 11154.7926174283   1.182479e-17 
 11159.0064149947    1.12843e-17 
 11163.2202125611   1.125966e-17 
 11167.4340101276   1.102544e-17 
  11171.647807694   1.038014e-17 
 11175.8616052605   9.788286e-18 
 11180.0754028269   9.554188e-18 
 11184.2892003933   9.856729e-18 
 11188.5029979598   1.048552e-17 
 11192.7167955262   1.127815e-17 
 11196.9305930926   1.213883e-17 
 11201.1443906591   1.357902e-17 
 11205.3581882255    1.59723e-17 
  11209.571985792    1.96431e-17 
 11213.7857833584   2.354419e-17 
 11217.9995809248   2.685623e-17 
 11222.2133784913   2.874632e-17 
 11226.4271760577   2.917814e-17 
 11230.6409736242   2.813763e-17 
 11234.8547711906    2.53548e-17 
  11239.068568757   2.236005e-17 
 11243.2823663235   2.061038e-17 
 11247.4961638899   2.218046e-17 
 11251.7099614563   2.575333e-17 
 11255.9237590228   2.949781e-17 
 11260.1375565892   3.119613e-17 
 11264.3513541557   3.091893e-17 
 11268.5651517221   2.965507e-17 
 11272.7789492885   2.826482e-17 
  11276.992746855   2.708616e-17 
 11281.2065444214   2.596123e-17 
 11285.4203419878   2.507493e-17 
 11289.6341395543   2.425179e-17 
 11293.8479371207   2.275293e-17 
 11298.0617346872   1.974982e-17 
 11302.2755322536   1.506805e-17 
   11306.48932982   1.105864e-17 
 11310.7031273865   9.623206e-18 
 11314.9169249529   1.235137e-17 
 11319.1307225193   1.673563e-17 
 11323.3445200858   2.091846e-17 
 11327.5583176522   2.281762e-17 
 11331.7721152187   2.333391e-17 
 11335.9859127851   2.300545e-17 
 11340.1997103515   2.248413e-17 
  11344.413507918   2.186575e-17 
 11348.6273054844   2.130139e-17 
 11352.8411030508   2.122363e-17 
 11357.0549006173   2.094145e-17 
 11361.2686981837   1.975176e-17 
 11365.4824957502   1.657218e-17 
 11369.6962933166   1.227602e-17 
  11373.910090883   8.229545e-18 
 11378.1238884495   5.927833e-18 
 11382.3376860159   5.576958e-18 
 11386.5514835823   6.555853e-18 
 11390.7652811488   8.423758e-18 
 11394.9790787152   1.068181e-17 
 11399.1928762817   1.286724e-17 
 11403.4066738481   1.438297e-17 
 11407.6204714145   1.493744e-17 
  11411.834268981   1.500082e-17 
 11416.0480665474   1.495868e-17 
 11420.2618641138   1.515007e-17 
 11424.4756616803   1.518723e-17 
 11428.6894592467   1.482966e-17 
 11432.9032568132   1.381805e-17 
 11437.1170543796   1.282835e-17 
  11441.330851946   1.238409e-17 
 11445.5446495125   1.315611e-17 
 11449.7584470789    1.42888e-17 
 11453.9722446454   1.506829e-17 
 11458.1860422118   1.447365e-17 
 11462.3998397782   1.335785e-17 
 11466.6136373447   1.256622e-17 
 11470.8274349111    1.32763e-17 
 11475.0412324775   1.485174e-17 
  11479.255030044   1.638249e-17 
 11483.4688276104   1.675936e-17 
 11487.6826251769   1.618872e-17 
 11491.8964227433   1.542798e-17 
 11496.1102203097   1.515783e-17 
 11500.3240178762   1.560072e-17 
 11504.5378154426   1.651643e-17 
  11508.751613009   1.787705e-17 
 11512.9654105755   1.936302e-17 
 11517.1792081419   2.019891e-17 
 11521.3930057084   1.967257e-17 
 11525.6068032748   1.740643e-17 
 11529.8206008412   1.425953e-17 
 11534.0343984077   1.083078e-17 
 11538.2481959741    7.76097e-18 
 11542.4619935406   5.985867e-18 
  11546.675791107   6.375326e-18 
 11550.8895886734   9.897788e-18 
 11555.1033862399   1.441961e-17 
 11559.3171838063   1.814245e-17 
 11563.5309813727   1.879154e-17 
 11567.7447789392   1.775141e-17 
 11571.9585765056   1.631394e-17 
 11576.1723740721   1.595204e-17 
 11580.3861716385   1.673664e-17 
 11584.5999692049    1.85202e-17 
 11588.8137667714   2.160451e-17 
 11593.0275643378   2.476653e-17 
 11597.2413619042   2.645617e-17 
 11601.4551594707   2.467273e-17 
 11605.6689570371   1.986651e-17 
 11609.8827546036   1.406728e-17 
   11614.09655217   9.119252e-18 
 11618.3103497364   6.069984e-18 
 11622.5241473029   4.712279e-18 
 11626.7379448693   5.225589e-18 
 11630.9517424357    7.31235e-18 
 11635.1655400022   9.709988e-18 
 11639.3793375686   1.126415e-17 
 11643.5931351351   1.101482e-17 
 11647.8069327015   9.407873e-18 
 11652.0207302679   6.667242e-18 
 11656.2345278344   3.104787e-18 
 11660.4483254008  -1.809583e-20 
 11664.6621229672  -1.561269e-18 
 11668.8759205337   -1.77101e-19 
 11673.0897181001    2.96691e-18 
 11677.3035156666   6.805803e-18 
  11681.517313233   9.862014e-18 
 11685.7311107994   1.259042e-17 
 11689.9449083659   1.542657e-17 
 11694.1587059323   1.929662e-17 
 11698.3725034987    2.28796e-17 
 11702.5863010652   2.462158e-17 
 11706.8000986316    2.23791e-17 
 11711.0138961981   1.733894e-17 
 11715.2276937645   1.214308e-17 
 11719.4414913309   9.574826e-18 
 11723.6552888974   1.019848e-17 
 11727.8690864638   1.233901e-17 
 11732.0828840302   1.483766e-17 
 11736.2966815967    1.66795e-17 
 11740.5104791631   1.747251e-17 
 11744.7242767296    1.64819e-17 
  11748.938074296   1.347128e-17 
 11753.1518718624   1.015921e-17 
 11757.3656694289   7.965174e-18 
 11761.5794669953   8.205924e-18 
 11765.7932645617   9.560935e-18 
 11770.0070621282   1.113889e-17 
 11774.2208596946   1.198252e-17 
 11778.4346572611   1.173147e-17 
 11782.6484548275   1.001699e-17 
 11786.8622523939   6.225378e-18 
 11791.0760499604   1.904573e-18 
 11795.2898475268  -1.453582e-18 
 11799.5036450933  -2.038702e-18 
 11803.7174426597  -2.281153e-19 
 11807.9312402261   3.231716e-18 
 11812.1450377926   7.762159e-18 
  11816.358835359    1.23334e-17 
 11820.5726329254    1.58652e-17 
 11824.7864304919   1.688082e-17 
 11829.0002280583   1.564637e-17 
 11833.2140256248   1.362704e-17 
 11837.4278231912   1.218628e-17 
 11841.6416207576    1.20296e-17 
 11845.8554183241   1.276785e-17 
 11850.0692158905   1.436968e-17 
 11854.2830134569   1.647386e-17 
 11858.4968110234    1.79863e-17 
 11862.7106085898   1.792261e-17 
 11866.9244061563   1.554592e-17 
 11871.1382037227   1.178913e-17 
 11875.3520012891   7.296176e-18 
 11879.5657988556   2.720757e-18 
  11883.779596422  -4.597823e-19 
 11887.9933939884  -9.468391e-19 
 11892.2071915549   2.965912e-18 
 11896.4209891213   8.505512e-18 
 11900.6347866878     1.3183e-17 
 11904.8485842542    1.36924e-17 
 11909.0623818206   1.166411e-17 
 11913.2761793871   8.957654e-18 
 11917.4899769535   7.907857e-18 
   11921.70377452   8.121046e-18 
 11925.9175720864   8.649456e-18 
 11930.1313696528   8.586413e-18 
 11934.3451672193   7.849693e-18 
 11938.5589647857   6.786341e-18 
 11942.7727623521   5.534759e-18 
 11946.9865599186   4.359675e-18 
  11951.200357485   3.605862e-18 
 11955.4141550515   3.714487e-18 
 11959.6279526179   4.728745e-18 
 11963.8417501843   5.855215e-18 
 11968.0555477508   6.427043e-18 
 11972.2693453172   5.971937e-18 
 11976.4831428836   5.126217e-18 
 11980.6969404501   4.312312e-18 
 11984.9107380165    3.97111e-18 
  11989.124535583   4.012125e-18 
 11993.3383331494   4.437556e-18 
 11997.5521307158   5.247334e-18 
 12001.7659282823   6.182562e-18 
 12005.9797258487   6.996401e-18 
 12010.1935234151   7.346109e-18 
 12014.4073209816   7.473933e-18 
  12018.621118548   7.610064e-18 
 12022.8349161145   8.111746e-18 
 12027.0487136809   8.706821e-18 
 12031.2625112473   9.068801e-18 
 12035.4763088138   8.749474e-18 
 12039.6901063802   7.958751e-18 
 12043.9039039466   7.116485e-18 
 12048.1177015131   6.695403e-18 
 12052.3314990795   6.670821e-18 
  12056.545296646   6.641842e-18 
 12060.7590942124     6.3395e-18 
 12064.9728917788   5.539494e-18 
 12069.1866893453   4.130617e-18 
 12073.4004869117   1.881292e-18 
 12077.6142844782  -1.084432e-18 
 12081.8280820446  -3.542171e-18 
  12086.041879611  -4.463213e-18 
 12090.2556771775  -3.028187e-18 
 12094.4694747439  -3.157494e-19 
 12098.6832723103   2.893614e-18 
 12102.8970698768   5.744842e-18 
 12107.1108674432   7.975506e-18 
 12111.3246650097   9.258997e-18 
 12115.5384625761   9.169638e-18 
 12119.7522601425   8.508886e-18 
  12123.966057709   8.027701e-18 
 12128.1798552754   8.703193e-18 
 12132.3936528418   1.013729e-17 
 12136.6074504083   1.181937e-17 
 12140.8212479747   1.326781e-17 
 12145.0350455412   1.413009e-17 
 12149.2488431076   1.413913e-17 
  12153.462640674   1.280874e-17 
 12157.6764382405   1.051948e-17 
 12161.8902358069   8.094079e-18 
 12166.1040333733    6.41862e-18 
 12170.3178309398   5.736844e-18 
 12174.5316285062   5.535428e-18 
 12178.7454260727   5.477621e-18 
 12182.9592236391   5.266407e-18 
 12187.1730212055   4.818667e-18 
  12191.386818772   3.933625e-18 
 12195.6006163384   2.556788e-18 
 12199.8144139048   1.359424e-18 
 12204.0282114713   8.985874e-19 
 12208.2420090377   1.707287e-18 
 12212.4558066042   3.122204e-18 
 12216.6696041706   4.645501e-18 
  12220.883401737   5.683628e-18 
 12225.0971993035   6.460164e-18 
 12229.3109968699   7.109241e-18 
 12233.5247944363   7.764075e-18 
 12237.7385920028   8.444081e-18 
 12241.9523895692   9.155733e-18 
 12246.1661871357   1.013812e-17 
 12250.3799847021   1.076114e-17 
 12254.5937822685   1.036512e-17 
  12258.807579835   7.896518e-18 
 12263.0213774014   4.194467e-18 
 12267.2351749679   7.522731e-19 
 12271.4489725343  -6.716211e-19 
 12275.6627701007  -6.779426e-20 
 12279.8765676672   1.166617e-18 
 12284.0903652336   1.723028e-18 
    12288.3041628   1.152373e-18 
 12292.5179603665   5.894901e-19 
 12296.7317579329   8.461785e-19 
 12300.9455554994   2.375409e-18 
 12305.1593530658   4.085647e-18 
 12309.3731506322   5.229741e-18 
 12313.5869481987   5.129295e-18 
 12317.8007457651   4.228487e-18 
 12322.0145433315   2.789792e-18 
  12326.228340898   1.131234e-18 
 12330.4421384644  -4.532943e-19 
 12334.6559360309  -1.653208e-18 
 12338.8697335973  -2.131739e-18 
 12343.0835311637   -1.96137e-18 
 12347.2973287302  -1.242876e-18 
 12351.5111262966  -6.320847e-20 
  12355.724923863   1.290989e-18 
 12359.9387214295   2.526489e-18 
 12364.1525189959    3.21392e-18 
 12368.3663165624   3.520466e-18 
 12372.5801141288   3.759003e-18 
 12376.7939116952   4.349369e-18 
 12381.0077092617   5.179769e-18 
 12385.2215068281   5.846016e-18 
 12389.4353043946   5.959759e-18 
  12393.649101961   5.465808e-18 
 12397.8628995274   4.727797e-18 
 12402.0766970939   4.007603e-18 
 12406.2904946603   3.526211e-18 
 12410.5042922267   3.344144e-18 
 12414.7180897932   3.572966e-18 
 12418.9318873596   4.237325e-18 
 12423.1456849261   4.974483e-18 
 12427.3594824925   5.473992e-18 
 12431.5732800589   5.423614e-18 
 12435.7870776254   4.951819e-18 
 12440.0008751918   4.143255e-18 
 12444.2146727582   3.135433e-18 
 12448.4284703247   1.900355e-18 
 12452.6422678911   4.576655e-19 
 12456.8560654576   -1.20978e-18 
  12461.069863024  -2.785668e-18 
 12465.2836605904  -3.965395e-18 
 12469.4974581569  -4.447894e-18 
 12473.7112557233  -4.170796e-18 
 12477.9250532897  -3.170047e-18 
 12482.1388508562  -1.355312e-18 
 12486.3526484226   8.181155e-19 
 12490.5664459891   2.710267e-18 
 12494.7802435555   3.552965e-18 
 12498.9940411219   3.331984e-18 
 12503.2078386884   2.691212e-18 
 12507.4216362548   2.199127e-18 
 12511.6354338212   2.180633e-18 
 12515.8492313877   2.432818e-18 
 12520.0630289541    2.87997e-18 
 12524.2768265206   3.421356e-18 
  12528.490624087   4.024144e-18 
 12532.7044216534   4.630039e-18 
 12536.9182192199   5.173546e-18 
 12541.1320167863   5.377616e-18 
 12545.3458143527   5.020537e-18 
 12549.5596119192   3.871139e-18 
 12553.7734094856   2.419051e-18 
 12557.9872070521   1.078494e-18 
 12562.2010046185   3.031694e-19 
 12566.4148021849   1.241772e-19 
 12570.6285997514   5.442162e-19 
 12574.8423973178   1.646675e-18 
 12579.0561948842   2.989414e-18 
 12583.2699924507   4.094947e-18 
 12587.4837900171   4.379468e-18 
 12591.6975875836    3.91914e-18 
   12595.91138515   3.018093e-18 
 12600.1251827164   1.862772e-18 
 12604.3389802829   8.523145e-19 
 12608.5527778493   4.543903e-19 
 12612.7665754158   1.292186e-18 
 12616.9803729822   3.247558e-18 
 12621.1941705486   5.266492e-18 
 12625.4079681151   6.432197e-18 
 12629.6217656815   6.177221e-18 
 12633.8355632479   4.988103e-18 
 12638.0493608144   3.125122e-18 
 12642.2631583808   9.411556e-19 
 12646.4769559472  -1.086031e-18 
 12650.6907535137  -2.470709e-18 
 12654.9045510801  -2.756378e-18 
 12659.1183486466  -2.306109e-18 
  12663.332146213  -1.411782e-18 
 12667.5459437794  -4.131219e-19 
 12671.7597413459    4.63721e-19 
 12675.9735389123   9.920944e-19 
 12680.1873364788   9.001752e-19 
 12684.4011340452   3.641368e-19 
 12688.6149316116  -3.901745e-19 
 12692.8287291781  -1.152643e-18 
 12697.0425267445  -1.654832e-18 
 12701.2563243109   -1.65341e-18 
 12705.4701218774  -8.151175e-19 
 12709.6839194438   6.845896e-19 
 12713.8977170103   2.428299e-18 
 12718.1115145767   4.031534e-18 
 12722.3253121431   5.192597e-18 
 12726.5391097096   5.731563e-18 
  12730.752907276   5.400006e-18 
 12734.9667048424   4.223987e-18 
 12739.1805024089   2.704531e-18 
 12743.3942999753   1.276549e-18 
 12747.6080975418   3.125095e-19 
 12751.8218951082  -1.851497e-19 
 12756.0356926746  -1.419689e-19 
 12760.2494902411   4.571411e-19 
 12764.4632878075   1.293865e-18 
  12768.677085374   2.081771e-18 
 12772.8908829404   2.511847e-18 
 12777.1046805068   2.661166e-18 
 12781.3184780733   2.578153e-18 
 12785.5322756397   2.266688e-18 
 12789.7460732061    2.04546e-18 
 12793.9598707726   2.199673e-18 
  12798.173668339   3.197968e-18 
 12802.3874659055   4.516359e-18 
 12806.6012634719    5.54924e-18 
 12810.8150610383     5.5504e-18 
 12815.0288586048    4.66743e-18 
 12819.2426561712   3.350395e-18 
 12823.4564537376   1.977919e-18 
 12827.6702513041   8.671246e-19 
 12831.8840488705   2.456416e-19 
  12836.097846437   4.759149e-19 
 12840.3116440034   1.474603e-18 
 12844.5254415698   2.567479e-18 
 12848.7392391363   3.136269e-18 
 12852.9530367027   2.819378e-18 
 12857.1668342691   2.091683e-18 
 12861.3806318356   1.260548e-18 
  12865.594429402   6.366329e-19 
 12869.8082269685   1.923341e-19 
 12874.0220245349  -2.189272e-20 
 12878.2358221013    2.53447e-20 
 12882.4496196678   2.565427e-19 
 12886.6634172342   5.882941e-19 
 12890.8772148006   9.195335e-19 
 12895.0910123671   1.205406e-18 
 12899.3048099335    1.39854e-18 
    12903.5186075   1.449534e-18 
 12907.7324050664   1.356176e-18 
 12911.9462026328   1.128712e-18 
 12916.1600001993   7.928478e-19 
 12920.3737977657   3.630374e-19 
 12924.5875953321  -1.391456e-19 
 12928.8013928986  -7.121879e-19 
  12933.015190465  -1.263877e-18 
 12937.2289880315  -1.668538e-18 
 12941.4427855979  -1.790247e-18 
 12945.6565831643   -1.61906e-18 
 12949.8703807308  -1.274288e-18 
 12954.0841782972  -8.513328e-19 
 12958.2979758636  -4.431015e-19 
 12962.5117734301  -1.134164e-19 
 12966.7255709965   5.407237e-20 
  12970.939368563   1.875648e-20 
 12975.1531661294  -8.217541e-20 
 12979.3669636958  -1.357729e-19 
 12983.5807612623  -3.190207e-20 
 12987.7945588287   1.155521e-19 
 12992.0083563952   2.309055e-19 
 12996.2221539616   2.296459e-19 
  13000.435951528   1.354846e-19 
 13004.6497490945  -3.636721e-20 
 13008.8635466609  -2.779443e-19 
 13013.0773442273  -5.151578e-19 
 13017.2911417938  -6.768028e-19 
 13021.5049393602  -6.781899e-19 
 13025.7187369267  -5.390738e-19 
 13029.9325344931   -3.00719e-19 
 13034.1463320595   1.030381e-20 
  13038.360129626   3.197726e-19 
 13042.5739271924   5.459584e-19 
 13046.7877247588   5.782815e-19 
 13051.0015223253   4.455624e-19 
 13055.2153198917   2.762917e-19 
 13059.4291174582   1.890411e-19 
 13063.6429150246   2.464343e-19 
  13067.856712591    4.14854e-19 
 13072.0705101575   6.857748e-19 
 13076.2843077239   1.025996e-18 
 13080.4981052903   1.354485e-18 
 13084.7119028568   1.595607e-18 
 13088.9257004232   1.683852e-18 
 13093.1394979897   1.627007e-18 
 13097.3532955561   1.427748e-18 
 13101.5670931225   1.098455e-18 
  13105.780890689   7.180918e-19 
 13109.9946882554   3.553408e-19 
 13114.2084858218   5.616746e-20 
 13118.4222833883  -7.267818e-20 
 13122.6360809547   6.006113e-20 
 13126.8498785212   7.708197e-19 
 13131.0636760876    1.40036e-18 
  13135.277473654   1.371366e-18 
 13139.4912712205   1.598526e-19 
 13143.7050687869  -1.718028e-18 
 13147.9188663534  -3.274738e-18 
 13152.1326639198  -5.405761e-18 
 13156.3464614862  -4.035936e-18 
 13160.5602590527   6.569782e-18 
 13164.7740566191   3.452114e-17 
 13168.9878541855    7.55664e-17 
  13173.201651752   1.125403e-16 
 13177.4154493184   1.295834e-16 
 13181.6292468849    1.19319e-16 
 13185.8430444513   9.447929e-17 
 13190.0568420177   6.383095e-17 
 13194.2706395842   3.606337e-17 
 13198.4844371506   1.281761e-17 
  13202.698234717  -2.358636e-18 
 13206.9120322835  -6.735457e-18 
 13211.1258298499  -4.840473e-18 
 13215.3396274164   -7.07646e-19 
 13219.5534249828   7.481478e-19 
 13223.7672225492   8.371256e-19 
 13227.9810201157   2.444934e-19 
 13232.1948176821  -1.110174e-19 
 13236.4086152485   -3.57021e-19 
  13240.622412815  -4.829022e-19 
 13244.8362103814  -2.778073e-19 
 13249.0500079479   1.329774e-19 
 13253.2638055143   5.755041e-19 
 13257.4776030807   8.450839e-19 
 13261.6914006472   9.318567e-19 
 13265.9051982136   9.022966e-19 
 13270.1189957801   8.075058e-19 
 13274.3327933465   6.841027e-19 
 13278.5465909129   5.528514e-19 
 13282.7603884794   4.483098e-19 
 13286.9741860458   3.875684e-19 
 13291.1879836122    3.60002e-19 
 13295.4017811787   3.609595e-19 
 13299.6155787451   3.789622e-19 
 13303.8293763116   3.876294e-19 
  13308.043173878   3.595003e-19 
 13312.2569714444    2.74352e-19 
 13316.4707690109   1.915033e-19 
 13320.6845665773   1.559166e-19 
 13324.8983641437   2.145817e-19 
 13329.1121617102   3.292468e-19 
 13333.3259592766   4.706823e-19 
  13337.539756843     6.1091e-19 
 13341.7535544095   7.106098e-19 
 13345.9673519759   7.347642e-19 
 13350.1811495424    6.29278e-19 
 13354.3949471088   4.578105e-19 
 13358.6087446752   2.913386e-19 
 13362.8225422417    2.21886e-19 
 13367.0363398081   2.286536e-19 
 13371.2501373746   2.614457e-19 
  13375.463934941    2.74955e-19 
 13379.6777325074   2.479892e-19 
 13383.8915300739   1.778305e-19 
 13388.1053276403   3.854022e-20 
 13392.3191252067  -1.379997e-19 
 13396.5329227732    -2.5801e-19 
 13400.7467203396  -2.233658e-19 
 13404.9605179061  -8.096533e-21 
 13409.1743154725   2.348932e-19 
 13413.3881130389   3.826493e-19 
 13417.6019106054   3.407742e-19 
 13421.8157081718   2.241544e-19 
 13426.0295057382   1.087991e-19 
 13430.2433033047   7.636914e-20 
 13434.4571008711   8.184293e-20 
 13438.6708984376   1.018401e-19 
