# STATUS =
# OBJECT = PTF12dam
# TELESCOPE = GTC
# INSTRUMENT = OSIRIS
# DATE-OBS = 2012-05-24 00:00:00.00
# MJD = 56071.0
# EXPTIME = 900
# AIRMASS = 1.35002
# SLIT = 1.0
# DISPERSER = --
# SOURCE = 2013Natur.502..346N
# FILTER =
# RESOLUTION =
# FLUX_STANDARD =
# EXTINCTION_CORRECTED = --
# PHOTOMETRY_CALIBRATED =
# TELLURIC_CORRECTED =
# FLUX_UNITS = Other
# WAVE_UNITS = Angstrom
# QUALITY = --
# MIN_WAVE = 3533.3400878906
# MAX_WAVE = 9998.13671875
# COMMENT = [Data obtained from: Nicholl, M.] [Prev. spec info - createdby: ilanm-UploadSet; modifiedby: ilanm]
       Wavelength          Flux 
 3538.55363356065  2.055421e-15 
  3543.7671792307  2.049443e-15 
 3548.98072490075  2.051465e-15 
  3554.1942705708  1.969249e-15 
 3559.40781624084   1.90836e-15 
 3564.62136191089  1.901429e-15 
 3569.83490758094   1.88119e-15 
 3575.04845325099   1.85764e-15 
 3580.26199892103  1.764241e-15 
 3585.47554459108  1.741983e-15 
 3590.68909026113  1.720249e-15 
 3595.90263593118  1.562906e-15 
 3601.11618160123   1.43122e-15 
 3606.32972727127  1.592439e-15 
 3611.54327294132   1.66529e-15 
 3616.75681861137  1.603073e-15 
 3621.97036428142  1.496719e-15 
 3627.18390995147  1.487732e-15 
 3632.39745562151  1.486141e-15 
 3637.61100129156  1.547557e-15 
 3642.82454696161  1.579553e-15 
 3648.03809263166  1.506023e-15 
 3653.25163830171  1.517663e-15 
 3658.46518397175  1.548366e-15 
  3663.6787296418  1.504515e-15 
 3668.89227531185  1.486839e-15 
  3674.1058209819  1.437259e-15 
 3679.31936665194  1.445661e-15 
 3684.53291232199  1.431598e-15 
 3689.74645799204  1.381504e-15 
 3694.96000366209  1.399279e-15 
 3700.17354933214  1.378758e-15 
 3705.38709500219   1.34822e-15 
 3710.60064067223  1.349669e-15 
 3715.81418634228  1.339407e-15 
 3721.02773201233  1.298348e-15 
 3726.24127768238   1.28354e-15 
 3731.45482335242  1.306722e-15 
 3736.66836902247   1.31089e-15 
 3741.88191469252  1.282989e-15 
 3747.09546036257  1.303473e-15 
 3752.30900603262  1.328688e-15 
 3757.52255170266  1.344664e-15 
 3762.73609737271  1.389573e-15 
 3767.94964304276  1.392711e-15 
 3773.16318871281  1.374217e-15 
 3778.37673438286  1.406533e-15 
  3783.5902800529  1.403764e-15 
 3788.80382572295  1.385739e-15 
   3794.017371393  1.422859e-15 
 3799.23091706305  1.441511e-15 
 3804.44446273309  1.420029e-15 
 3809.65800840314  1.430016e-15 
 3814.87155407319  1.416689e-15 
 3820.08509974324  1.411306e-15 
 3825.29864541329    1.4133e-15 
 3830.51219108333  1.393139e-15 
 3835.72573675338  1.403905e-15 
 3840.93928242343  1.383144e-15 
 3846.15282809348  1.409354e-15 
 3851.36637376353  1.422912e-15 
 3856.57991943357  1.401097e-15 
 3861.79346510362  1.383851e-15 
 3867.00701077367  1.394379e-15 
 3872.22055644372  1.406801e-15 
 3877.43410211376   1.42362e-15 
 3882.64764778381  1.416822e-15 
 3887.86119345386  1.439057e-15 
 3893.07473912391  1.444569e-15 
 3898.28828479396  1.465512e-15 
   3903.501830464  1.469452e-15 
 3908.71537613405  1.465116e-15 
  3913.9289218041  1.453978e-15 
 3919.14246747415  1.451541e-15 
  3924.3560131442  1.468479e-15 
 3929.56955881424   1.44149e-15 
 3934.78310448429  1.429235e-15 
 3939.99665015434  1.426166e-15 
 3945.21019582439   1.43957e-15 
 3950.42374149444  1.427514e-15 
 3955.63728716448  1.386048e-15 
 3960.85083283453  1.366881e-15 
 3966.06437850458   1.38626e-15 
 3971.27792417463  1.349948e-15 
 3976.49146984468  1.347213e-15 
 3981.70501551472    1.3457e-15 
 3986.91856118477  1.327444e-15 
 3992.13210685482  1.298175e-15 
 3997.34565252487  1.289763e-15 
 4002.55919819491  1.283329e-15 
 4007.77274386496  1.279726e-15 
 4012.98628953501  1.275679e-15 
 4018.19983520506  1.308384e-15 
 4023.41338087511  1.308471e-15 
 4028.62692654515  1.311708e-15 
  4033.8404722152  1.275981e-15 
 4039.05401788525  1.300622e-15 
  4044.2675635553  1.299438e-15 
 4049.48110922535  1.309176e-15 
 4054.69465489539   1.30931e-15 
 4059.90820056544  1.328664e-15 
 4065.12174623549  1.327584e-15 
 4070.33529190554  1.320725e-15 
 4075.54883757559  1.320843e-15 
 4080.76238324563  1.331959e-15 
 4085.97592891568  1.310051e-15 
 4091.18947458573  1.293932e-15 
 4096.40302025578  1.273158e-15 
 4101.61656592583  1.284519e-15 
 4106.83011159587  1.290974e-15 
 4112.04365726592  1.304073e-15 
 4117.25720293597  1.366562e-15 
 4122.47074860602  1.525905e-15 
 4127.68429427606  1.698944e-15 
 4132.89783994611  1.673932e-15 
 4138.11138561616   1.46122e-15 
 4143.32493128621  1.304554e-15 
 4148.53847695626  1.256355e-15 
  4153.7520226263   1.24993e-15 
 4158.96556829635  1.228145e-15 
  4164.1791139664  1.214483e-15 
 4169.39265963645  1.186883e-15 
  4174.6062053065  1.150374e-15 
 4179.81975097654  1.131997e-15 
 4185.03329664659  1.136066e-15 
 4190.24684231664  1.108481e-15 
 4195.46038798669  1.109456e-15 
 4200.67393365673  1.107237e-15 
 4205.88747932678  1.101301e-15 
 4211.10102499683  1.109567e-15 
 4216.31457066688  1.086795e-15 
 4221.52811633693  1.063804e-15 
 4226.74166200698  1.067726e-15 
 4231.95520767702  1.045401e-15 
 4237.16875334707  1.042241e-15 
 4242.38229901712  1.030088e-15 
 4247.59584468717  1.057108e-15 
 4252.80939035721  1.070582e-15 
 4258.02293602726  1.075055e-15 
 4263.23648169731  1.071849e-15 
 4268.45002736736   1.10081e-15 
 4273.66357303741  1.125126e-15 
 4278.87711870745  1.186636e-15 
  4284.0906643775  1.246324e-15 
 4289.30421004755  1.241584e-15 
  4294.5177557176  1.177297e-15 
 4299.73130138765  1.155296e-15 
 4304.94484705769  1.166924e-15 
 4310.15839272774  1.203386e-15 
 4315.37193839779  1.169013e-15 
 4320.58548406784  1.130613e-15 
 4325.79902973789  1.105103e-15 
 4331.01257540793  1.092853e-15 
 4336.22612107798  1.094184e-15 
 4341.43966674803  1.077214e-15 
 4346.65321241808  1.067478e-15 
 4351.86675808813   1.04839e-15 
 4357.08030375817  1.039694e-15 
 4362.29384942822  1.031127e-15 
 4367.50739509827  1.035427e-15 
 4372.72094076832  1.041175e-15 
 4377.93448643837   1.01718e-15 
 4383.14803210841  1.016564e-15 
 4388.36157777846  1.039706e-15 
 4393.57512344851  1.054504e-15 
 4398.78866911856  1.063579e-15 
  4404.0022147886  1.041825e-15 
 4409.21576045865  1.006452e-15 
  4414.4293061287  1.008688e-15 
 4419.64285179875  9.975521e-16 
  4424.8563974688  1.000536e-15 
 4430.06994313884  1.018686e-15 
 4435.28348880889  1.023358e-15 
 4440.49703447894   1.02839e-15 
 4445.71058014899  1.038655e-15 
 4450.92412581903  1.046225e-15 
 4456.13767148908   1.05213e-15 
 4461.35121715913  1.071874e-15 
 4466.56476282918  1.066371e-15 
 4471.77830849923  1.067879e-15 
 4476.99185416928  1.075476e-15 
 4482.20539983932  1.069234e-15 
 4487.41894550937  1.083946e-15 
 4492.63249117942  1.095377e-15 
 4497.84603684947  1.094168e-15 
 4503.05958251951  1.093128e-15 
 4508.27312818956  1.090051e-15 
 4513.48667385961  1.071812e-15 
 4518.70021952966  1.052555e-15 
 4523.91376519971  1.049131e-15 
 4529.12731086976   1.03445e-15 
  4534.3408565398  1.053969e-15 
 4539.55440220985  1.064225e-15 
  4544.7679478799  1.089876e-15 
 4549.98149354995  1.068523e-15 
 4555.19503921999  1.009558e-15 
 4560.40858489004  9.878522e-16 
 4565.62213056009  9.885892e-16 
 4570.83567623014  9.860389e-16 
 4576.04922190019  9.757001e-16 
 4581.26276757023  9.666813e-16 
 4586.47631324028  9.526163e-16 
 4591.68985891033   9.49313e-16 
 4596.90340458038  9.380515e-16 
 4602.11695025042  9.085584e-16 
 4607.33049592047  8.902754e-16 
 4612.54404159052  8.725209e-16 
 4617.75758726057  8.543515e-16 
 4622.97113293062  8.389664e-16 
 4628.18467860066  8.243009e-16 
 4633.39822427071  8.188581e-16 
 4638.61176994076  8.099551e-16 
 4643.82531561081  8.078747e-16 
 4649.03886128085   8.08141e-16 
  4654.2524069509   8.07378e-16 
 4659.46595262095  8.124084e-16 
   4664.679498291  8.155366e-16 
 4669.89304396105  8.192142e-16 
  4675.1065896311  8.269679e-16 
 4680.32013530114  8.388637e-16 
 4685.53368097119  8.371577e-16 
 4690.74722664124  8.303572e-16 
 4695.96077231129  8.196952e-16 
 4701.17431798133  8.231155e-16 
 4706.38786365138  8.206702e-16 
 4711.60140932143  8.190603e-16 
 4716.81495499148   8.16189e-16 
 4722.02850066153   8.21091e-16 
 4727.24204633157  8.392118e-16 
 4732.45559200162  8.573293e-16 
 4737.66913767167  8.567859e-16 
 4742.88268334172  8.532464e-16 
 4748.09622901177  8.504002e-16 
 4753.30977468181  8.550525e-16 
 4758.52332035186   8.51836e-16 
 4763.73686602191  8.401015e-16 
 4768.95041169196  8.467327e-16 
   4774.163957362  8.581552e-16 
 4779.37750303205  8.554543e-16 
  4784.5910487021  8.615244e-16 
 4789.80459437215  8.693888e-16 
  4795.0181400422  8.848759e-16 
 4800.23168571224  9.278011e-16 
 4805.44523138229  9.827546e-16 
 4810.65877705234  9.906719e-16 
 4815.87232272239   9.38758e-16 
 4821.08586839244  8.858219e-16 
 4826.29941406249  8.748668e-16 
 4831.51295973253  8.867025e-16 
 4836.72650540258  8.776115e-16 
 4841.94005107263  8.486972e-16 
 4847.15359674268  8.374568e-16 
 4852.36714241272  8.250242e-16 
 4857.58068808277  8.218889e-16 
 4862.79423375282  8.260114e-16 
 4868.00777942287  8.266139e-16 
 4873.22132509292  8.187328e-16 
 4878.43487076296  8.202839e-16 
 4883.64841643301  8.201236e-16 
 4888.86196210306  8.164529e-16 
 4894.07550777311  8.060644e-16 
 4899.28905344316  7.939869e-16 
  4904.5025991132  7.857964e-16 
 4909.71614478325   7.71868e-16 
  4914.9296904533  7.690825e-16 
 4920.14323612335  7.642828e-16 
  4925.3567817934  7.566535e-16 
 4930.57032746344  7.447033e-16 
 4935.78387313349  7.259683e-16 
 4940.99741880354  7.045985e-16 
 4946.21096447359  6.923212e-16 
 4951.42451014363  6.878992e-16 
 4956.63805581368  6.856193e-16 
 4961.85160148373  6.744275e-16 
 4967.06514715378  6.735947e-16 
 4972.27869282383  6.814024e-16 
 4977.49223849387  6.854829e-16 
 4982.70578416392  6.940684e-16 
 4987.91932983397  7.012917e-16 
 4993.13287550402  7.105267e-16 
 4998.34642117407  7.172803e-16 
 5003.55996684411  7.191721e-16 
 5008.77351251416  7.242688e-16 
 5013.98705818421  7.309148e-16 
 5019.20060385426  7.358196e-16 
 5024.41414952431  7.414409e-16 
 5029.62769519435  7.467728e-16 
  5034.8412408644  7.593489e-16 
 5040.05478653445  7.718032e-16 
  5045.2683322045  7.838836e-16 
 5050.48187787454  7.894364e-16 
 5055.69542354459  7.971594e-16 
 5060.90896921464  8.057601e-16 
 5066.12251488469  8.140942e-16 
 5071.33606055474  8.157896e-16 
 5076.54960622478  8.173331e-16 
 5081.76315189483   8.21509e-16 
 5086.97669756488  8.226412e-16 
 5092.19024323493  8.316651e-16 
 5097.40378890498  8.349029e-16 
 5102.61733457502  8.333854e-16 
 5107.83088024507  8.295671e-16 
 5113.04442591512  8.237348e-16 
 5118.25797158517   8.19469e-16 
 5123.47151725522  8.122846e-16 
 5128.68506292526  8.027686e-16 
 5133.89860859531  7.956394e-16 
 5139.11215426536  7.970742e-16 
 5144.32569993541  7.967755e-16 
 5149.53924560546  7.905077e-16 
  5154.7527912755   7.88221e-16 
 5159.96633694555  7.838345e-16 
  5165.1798826156  7.759636e-16 
 5170.39342828565  7.719426e-16 
 5175.60697395569  7.652046e-16 
 5180.82051962574  7.624347e-16 
 5186.03406529579  7.580517e-16 
 5191.24761096584  7.502864e-16 
 5196.46115663589  7.447194e-16 
 5201.67470230593  7.393619e-16 
 5206.88824797598  7.353277e-16 
 5212.10179364603    7.3165e-16 
 5217.31533931608  7.249428e-16 
 5222.52888498613  7.196193e-16 
 5227.74243065617  7.091136e-16 
 5232.95597632622  7.025646e-16 
 5238.16952199627  6.966287e-16 
 5243.38306766632  6.919456e-16 
 5248.59661333637  6.912273e-16 
 5253.81015900641  6.889742e-16 
 5259.02370467646  6.890335e-16 
 5264.23725034651  6.873133e-16 
 5269.45079601656  6.842437e-16 
 5274.66434168661  6.828509e-16 
 5279.87788735665  6.846288e-16 
  5285.0914330267  6.827116e-16 
 5290.30497869675  6.798331e-16 
  5295.5185243668  6.773125e-16 
 5300.73207003685  6.788765e-16 
 5305.94561570689  6.777604e-16 
 5311.15916137694  6.750484e-16 
 5316.37270704699  6.744145e-16 
 5321.58625271704  6.712996e-16 
 5326.79979838708  6.668763e-16 
 5332.01334405713  6.645665e-16 
 5337.22688972718   6.64645e-16 
 5342.44043539723  6.640278e-16 
 5347.65398106728  6.638642e-16 
 5352.86752673732  6.603317e-16 
 5358.08107240737  6.568204e-16 
 5363.29461807742   6.61875e-16 
 5368.50816374747  6.784103e-16 
 5373.72170941752  7.209937e-16 
 5378.93525508756  7.992026e-16 
 5384.14880075761  8.692653e-16 
 5389.36234642766  8.616857e-16 
 5394.57589209771  7.746982e-16 
 5399.78943776776  6.969475e-16 
  5405.0029834378  6.675277e-16 
 5410.21652910785  6.605572e-16 
  5415.4300747779  6.585717e-16 
 5420.64362044795  6.583168e-16 
 5425.85716611799  6.561315e-16 
 5431.07071178804  6.504138e-16 
 5436.28425745809  6.463688e-16 
 5441.49780312814  6.427348e-16 
 5446.71134879819  6.400005e-16 
 5451.92489446823  6.331375e-16 
 5457.13844013828  6.190458e-16 
 5462.35198580833  6.177071e-16 
 5467.56553147838  6.210976e-16 
 5472.77907714843  6.237555e-16 
 5477.99262281847  6.528848e-16 
 5483.20616848852  7.574159e-16 
 5488.41971415857   8.96983e-16 
 5493.63325982862   1.00827e-15 
 5498.84680549866  9.516987e-16 
 5504.06035116871  7.631288e-16 
 5509.27389683876  6.458988e-16 
 5514.48744250881  6.092485e-16 
 5519.70098817886  6.029838e-16 
 5524.91453384891  6.204882e-16 
 5530.12807951895  6.976493e-16 
   5535.341625189  9.743941e-16 
 5540.55517085905  1.410183e-15 
 5545.76871652909  1.756481e-15 
 5550.98226219914   1.68597e-15 
 5556.19580786919  1.182026e-15 
 5561.40935353924   7.94638e-16 
 5566.62289920929  6.488382e-16 
 5571.83644487934  6.059348e-16 
 5577.04999054938  6.073659e-16 
 5582.26353621943  6.118394e-16 
 5587.47708188948  6.132982e-16 
 5592.69062755953  6.193788e-16 
 5597.90417322958  6.193781e-16 
 5603.11771889962  6.183896e-16 
 5608.33126456967  6.205931e-16 
 5613.54481023972  6.231765e-16 
 5618.75835590977  6.224298e-16 
 5623.97190157981  6.224486e-16 
 5629.18544724986  6.227059e-16 
 5634.39899291991  6.173469e-16 
 5639.61253858996  6.170244e-16 
 5644.82608426001  6.193659e-16 
 5650.03962993006  6.180401e-16 
  5655.2531756001   6.18273e-16 
 5660.46672127015  6.178497e-16 
  5665.6802669402  6.157037e-16 
 5670.89381261025  6.149414e-16 
 5676.10735828029  6.147717e-16 
 5681.32090395034  6.135657e-16 
 5686.53444962039  6.137827e-16 
 5691.74799529044  6.123729e-16 
 5696.96154096049  6.078916e-16 
 5702.17508663053  6.058699e-16 
 5707.38863230058  6.053543e-16 
 5712.60217797063  6.049028e-16 
 5717.81572364068  6.027761e-16 
 5723.02926931073  6.001367e-16 
 5728.24281498077  5.982917e-16 
 5733.45636065082  5.959321e-16 
 5738.66990632087   5.94148e-16 
 5743.88345199092  5.913865e-16 
 5749.09699766097  5.880395e-16 
 5754.31054333101  5.857633e-16 
 5759.52408900106  5.817222e-16 
 5764.73763467111  5.773365e-16 
 5769.95118034116  5.731274e-16 
  5775.1647260112  5.671314e-16 
 5780.37827168125  5.659436e-16 
  5785.5918173513   5.62183e-16 
 5790.80536302135  5.551722e-16 
  5796.0189086914  5.520815e-16 
 5801.23245436144  5.503111e-16 
 5806.44600003149  5.464782e-16 
 5811.65954570154  5.423942e-16 
 5816.87309137159  5.407558e-16 
 5822.08663704164  5.393462e-16 
 5827.30018271168  5.359593e-16 
 5832.51372838173  5.329435e-16 
 5837.72727405178  5.300142e-16 
 5842.94081972183   5.29165e-16 
 5848.15436539187  5.285031e-16 
 5853.36791106192  5.245844e-16 
 5858.58145673197  5.198605e-16 
 5863.79500240202  5.182223e-16 
 5869.00854807207  5.147103e-16 
 5874.22209374211  5.115435e-16 
 5879.43563941216   5.09083e-16 
 5884.64918508221  5.036719e-16 
 5889.86273075226  5.028974e-16 
 5895.07627642231  4.987093e-16 
 5900.28982209235  4.952882e-16 
  5905.5033677624  4.965094e-16 
 5910.71691343245  4.951121e-16 
  5915.9304591025  4.945545e-16 
 5921.14400477255  4.904348e-16 
 5926.35755044259   4.87912e-16 
 5931.57109611264  4.879151e-16 
 5936.78464178269  4.879658e-16 
 5941.99818745274  4.862914e-16 
 5947.21173312278  4.823368e-16 
 5952.42527879283  4.804574e-16 
 5957.63882446288  4.795277e-16 
 5962.85237013293  4.795086e-16 
 5968.06591580298  4.779207e-16 
 5973.27946147303  4.739108e-16 
 5978.49300714307  4.710341e-16 
 5983.70655281312  4.689166e-16 
 5988.92009848317  4.658737e-16 
 5994.13364415322  4.631627e-16 
 5999.34718982326  4.620184e-16 
 6004.56073549331  4.587246e-16 
 6009.77428116336  4.512452e-16 
 6014.98782683341    4.4837e-16 
 6020.20137250346  4.471407e-16 
  6025.4149181735  4.360052e-16 
 6030.62846384355  4.327896e-16 
  6035.8420095136  4.393449e-16 
 6041.05555518365  4.404609e-16 
 6046.26910085369  4.399917e-16 
 6051.48264652374  4.364536e-16 
 6056.69619219379  4.326256e-16 
 6061.90973786384   4.30024e-16 
 6067.12328353389  4.269661e-16 
 6072.33682920394  4.256917e-16 
 6077.55037487398  4.248149e-16 
 6082.76392054403  4.245421e-16 
 6087.97746621408  4.231762e-16 
 6093.19101188413  4.203253e-16 
 6098.40455755417  4.181725e-16 
 6103.61810322422  4.166605e-16 
 6108.83164889427  4.158874e-16 
 6114.04519456432  4.163869e-16 
 6119.25874023437  4.142718e-16 
 6124.47228590442  4.113261e-16 
 6129.68583157446  4.123754e-16 
 6134.89937724451  4.155446e-16 
 6140.11292291456  4.183231e-16 
 6145.32646858461  4.175419e-16 
 6150.54001425465   4.18211e-16 
  6155.7535599247  4.180375e-16 
 6160.96710559475  4.157127e-16 
  6166.1806512648  4.136418e-16 
 6171.39419693485  4.121282e-16 
 6176.60774260489  4.096634e-16 
 6181.82128827494  4.086374e-16 
 6187.03483394499  4.086926e-16 
 6192.24837961504  4.074558e-16 
 6197.46192528508  4.063755e-16 
 6202.67547095513  4.055302e-16 
 6207.88901662518    4.0582e-16 
 6213.10256229523  4.055542e-16 
 6218.31610796528  4.047424e-16 
 6223.52965363532  4.025219e-16 
 6228.74319930537  4.020026e-16 
 6233.95674497542  4.019488e-16 
 6239.17029064547  4.005077e-16 
 6244.38383631552  3.992991e-16 
 6249.59738198556  3.954545e-16 
 6254.81092765561  3.936338e-16 
 6260.02447332566  3.917641e-16 
 6265.23801899571  3.913422e-16 
 6270.45156466575  3.886311e-16 
  6275.6651103358  3.812085e-16 
 6280.87865600585  3.782233e-16 
  6286.0922016759  3.786317e-16 
 6291.30574734595  3.820711e-16 
 6296.51929301599  3.827595e-16 
 6301.73283868604  3.838675e-16 
 6306.94638435609  3.849401e-16 
 6312.15993002614  3.859696e-16 
 6317.37347569619  3.859471e-16 
 6322.58702136624  3.856917e-16 
 6327.80056703628  3.847978e-16 
 6333.01411270633  3.842792e-16 
 6338.22765837638  3.851134e-16 
 6343.44120404643  3.870622e-16 
 6348.65474971647  3.867314e-16 
 6353.86829538652   3.83128e-16 
 6359.08184105657  3.841528e-16 
 6364.29538672662   3.85964e-16 
 6369.50893239667  3.858876e-16 
 6374.72247806671  3.836296e-16 
 6379.93602373676  3.820198e-16 
 6385.14956940681  3.820976e-16 
 6390.36311507686  3.817847e-16 
  6395.5766607469  3.804576e-16 
 6400.79020641695  3.810817e-16 
   6406.003752087  3.810623e-16 
 6411.21729775705  3.787418e-16 
  6416.4308434271  3.783188e-16 
 6421.64438909714  3.778705e-16 
 6426.85793476719  3.777735e-16 
 6432.07148043724  3.770847e-16 
 6437.28502610729  3.761784e-16 
 6442.49857177734  3.748754e-16 
 6447.71211744738  3.731532e-16 
 6452.92566311743  3.715744e-16 
 6458.13920878748  3.707169e-16 
 6463.35275445753  3.690802e-16 
 6468.56630012757  3.672759e-16 
 6473.77984579763  3.651239e-16 
 6478.99339146767  3.632957e-16 
 6484.20693713772   3.61376e-16 
 6489.42048280777  3.595542e-16 
 6494.63402847782  3.619177e-16 
 6499.84757414786  3.698808e-16 
 6505.06111981791  3.786627e-16 
 6510.27466548796  3.815991e-16 
 6515.48821115801   3.72479e-16 
 6520.70175682806  3.577244e-16 
  6525.9153024981  3.521599e-16 
 6531.12884816815  3.499005e-16 
  6536.3423938382  3.470349e-16 
 6541.55593950825  3.457766e-16 
  6546.7694851783  3.442187e-16 
 6551.98303084834  3.431743e-16 
 6557.19657651839  3.416138e-16 
 6562.41012218844  3.408542e-16 
 6567.62366785849   3.40163e-16 
 6572.83721352853  3.388621e-16 
 6578.05075919858  3.379871e-16 
 6583.26430486863  3.381145e-16 
 6588.47785053868   3.38266e-16 
 6593.69139620873  3.390639e-16 
 6598.90494187877  3.383625e-16 
 6604.11848754882  3.385637e-16 
 6609.33203321887  3.362154e-16 
 6614.54557888892  3.362702e-16 
 6619.75912455897   3.35323e-16 
 6624.97267022901  3.350215e-16 
 6630.18621589906  3.354155e-16 
 6635.39976156911  3.339997e-16 
 6640.61330723916   3.34411e-16 
 6645.82685290921  3.338777e-16 
 6651.04039857925   3.33747e-16 
  6656.2539442493  3.331206e-16 
 6661.46748991935   3.31468e-16 
  6666.6810355894  3.314174e-16 
 6671.89458125944  3.290379e-16 
 6677.10812692949  3.274411e-16 
 6682.32167259954   3.29011e-16 
 6687.53521826959  3.286066e-16 
 6692.74876393964  3.253888e-16 
 6697.96230960968  3.237479e-16 
 6703.17585527973  3.240692e-16 
 6708.38940094978  3.221381e-16 
 6713.60294661983  3.199818e-16 
 6718.81649228988  3.185213e-16 
 6724.03003795992  3.159617e-16 
 6729.24358362997  3.131991e-16 
 6734.45712930002  3.120972e-16 
 6739.67067497007   3.10143e-16 
 6744.88422064012  3.081093e-16 
 6750.09776631016  3.047684e-16 
 6755.31131198021  3.012456e-16 
 6760.52485765026  2.997605e-16 
 6765.73840332031  2.983411e-16 
 6770.95194899035   2.96622e-16 
  6776.1654946604  2.954085e-16 
 6781.37904033045  2.943849e-16 
  6786.5925860005  2.936835e-16 
 6791.80613167055   2.93787e-16 
 6797.01967734059   2.94841e-16 
 6802.23322301064  2.935855e-16 
 6807.44676868069  2.921533e-16 
 6812.66031435074  2.924889e-16 
 6817.87386002079  2.909978e-16 
 6823.08740569083  2.901969e-16 
 6828.30095136088  2.901704e-16 
 6833.51449703093  2.901194e-16 
 6838.72804270098  2.901013e-16 
 6843.94158837102  2.887334e-16 
 6849.15513404107  2.887733e-16 
 6854.36867971112   2.89376e-16 
 6859.58222538117  2.865413e-16 
 6864.79577105122  2.791182e-16 
 6870.00931672126  2.726763e-16 
 6875.22286239131  2.746969e-16 
 6880.43640806136  2.877641e-16 
 6885.64995373141  2.961106e-16 
 6890.86349940146  2.950247e-16 
 6896.07704507151  2.929193e-16 
 6901.29059074155  2.936485e-16 
  6906.5041364116  2.927712e-16 
 6911.71768208165   2.90803e-16 
  6916.9312277517  2.889294e-16 
 6922.14477342174  2.872635e-16 
 6927.35831909179  2.842583e-16 
 6932.57186476184   2.81949e-16 
 6937.78541043189  2.801824e-16 
 6942.99895610194  2.793196e-16 
 6948.21250177198  2.787299e-16 
 6953.42604744203  2.774651e-16 
 6958.63959311208  2.756338e-16 
 6963.85313878213  2.753321e-16 
 6969.06668445218  2.784679e-16 
 6974.28023012222  2.793329e-16 
 6979.49377579227  2.802986e-16 
 6984.70732146232  2.756947e-16 
 6989.92086713237  2.669251e-16 
 6995.13441280242  2.610863e-16 
 7000.34795847246  2.566888e-16 
 7005.56150414251  2.542761e-16 
 7010.77504981256  2.528458e-16 
 7015.98859548261  2.530905e-16 
 7021.20214115265  2.548775e-16 
  7026.4156868227  2.562234e-16 
 7031.62923249275  2.581727e-16 
  7036.8427781628  2.623676e-16 
 7042.05632383285  2.669647e-16 
 7047.26986950289   2.71529e-16 
 7052.48341517294  2.754803e-16 
 7057.69696084299   2.76903e-16 
 7062.91050651304  2.779413e-16 
 7068.12405218309  2.804292e-16 
 7073.33759785313  2.833965e-16 
 7078.55114352318  2.854396e-16 
 7083.76468919323  2.864041e-16 
 7088.97823486328  2.879782e-16 
 7094.19178053332  2.912133e-16 
 7099.40532620337  2.941877e-16 
 7104.61887187342  2.951593e-16 
 7109.83241754347  2.969608e-16 
 7115.04596321352  2.980554e-16 
 7120.25950888356  3.012083e-16 
 7125.47305455361  3.020233e-16 
 7130.68660022366  3.010306e-16 
 7135.90014589371  3.014459e-16 
 7141.11369156376  3.004135e-16 
  7146.3272372338  3.006758e-16 
 7151.54078290385  2.983402e-16 
  7156.7543285739  2.987812e-16 
 7161.96787424395  2.977477e-16 
   7167.181419914  2.982392e-16 
 7172.39496558404  2.940783e-16 
 7177.60851125409  2.913773e-16 
 7182.82205692414  2.911649e-16 
 7188.03560259419  2.930548e-16 
 7193.24914826423   2.95621e-16 
 7198.46269393428  2.966702e-16 
 7203.67623960433  2.992045e-16 
 7208.88978527438  3.013208e-16 
 7214.10333094443   3.02386e-16 
 7219.31687661447    2.9927e-16 
 7224.53042228452  2.962852e-16 
 7229.74396795457  2.938703e-16 
 7234.95751362462  2.925557e-16 
 7240.17105929467  2.942488e-16 
 7245.38460496471   3.01741e-16 
 7250.59815063476   3.29508e-16 
 7255.81169630481  4.174207e-16 
 7261.02524197486  6.151864e-16 
 7266.23878764491  8.441915e-16 
 7271.45233331495  9.462016e-16 
   7276.665878985  7.716261e-16 
 7281.87942465505  5.011237e-16 
  7287.0929703251  3.684568e-16 
 7292.30651599515  3.235195e-16 
 7297.52006166519  3.139511e-16 
 7302.73360733524  3.054652e-16 
 7307.94715300529  2.968661e-16 
 7313.16069867534  2.948913e-16 
 7318.37424434538  2.943337e-16 
 7323.58779001543  2.948397e-16 
 7328.80133568548  2.922223e-16 
 7334.01488135553  2.906074e-16 
 7339.22842702558   2.90538e-16 
 7344.44197269563   2.91004e-16 
 7349.65551836567   2.90357e-16 
 7354.86906403572  2.894019e-16 
 7360.08260970577  2.878431e-16 
 7365.29615537582   2.86716e-16 
 7370.50970104586   2.84309e-16 
 7375.72324671591  2.850655e-16 
 7380.93679238596  2.857582e-16 
 7386.15033805601  2.867823e-16 
 7391.36388372606  2.902383e-16 
  7396.5774293961  2.930947e-16 
 7401.79097506615  2.929141e-16 
  7407.0045207362  2.883699e-16 
 7412.21806640625  2.827915e-16 
 7417.43161207629   2.81378e-16 
 7422.64515774634  2.825811e-16 
 7427.85870341639   2.90096e-16 
 7433.07224908644  3.057504e-16 
 7438.28579475649    3.2101e-16 
 7443.49934042653  3.271556e-16 
 7448.71288609658   3.18739e-16 
 7453.92643176663  3.121653e-16 
 7459.13997743668  3.093878e-16 
 7464.35352310673  2.955244e-16 
 7469.56706877678  2.800298e-16 
 7474.78061444682  2.732695e-16 
 7479.99416011687   2.70534e-16 
 7485.20770578692  2.699357e-16 
 7490.42125145697  2.684791e-16 
 7495.63479712701  2.673248e-16 
 7500.84834279706   2.67067e-16 
 7506.06188846711  2.646995e-16 
 7511.27543413716  2.627949e-16 
 7516.48897980721   2.61926e-16 
 7521.70252547725  2.623506e-16 
  7526.9160711473  2.636169e-16 
 7532.12961681735  2.636887e-16 
  7537.3431624874  2.611415e-16 
 7542.55670815744  2.587322e-16 
 7547.77025382749  2.579773e-16 
 7552.98379949754  2.579308e-16 
 7558.19734516759  2.574521e-16 
 7563.41089083764  2.561177e-16 
 7568.62443650768  2.546273e-16 
 7573.83798217773  2.524034e-16 
 7579.05152784778  2.510293e-16 
 7584.26507351783   2.45629e-16 
 7589.47861918788  2.323642e-16 
 7594.69216485792  2.108057e-16 
 7599.90571052797  1.827236e-16 
 7605.11925619802  1.680818e-16 
 7610.33280186807  2.011722e-16 
 7615.54634753811  2.525081e-16 
 7620.75989320817  2.773571e-16 
 7625.97343887821  2.674305e-16 
 7631.18698454826  2.473476e-16 
 7636.40053021831  2.433644e-16 
 7641.61407588835  2.490957e-16 
  7646.8276215584  2.583392e-16 
 7652.04116722845  2.609585e-16 
  7657.2547128985  2.598339e-16 
 7662.46825856855  2.563351e-16 
  7667.6818042386  2.512548e-16 
 7672.89534990864  2.464259e-16 
 7678.10889557869   2.41961e-16 
 7683.32244124874  2.374621e-16 
 7688.53598691879  2.331792e-16 
 7693.74953258883  2.300146e-16 
 7698.96307825888  2.268621e-16 
 7704.17662392893  2.260299e-16 
 7709.39016959898  2.261955e-16 
 7714.60371526903  2.254029e-16 
 7719.81726093907  2.256472e-16 
 7725.03080660912  2.242719e-16 
 7730.24435227917  2.251234e-16 
 7735.45789794922  2.262274e-16 
 7740.67144361927  2.265696e-16 
 7745.88498928931   2.28403e-16 
 7751.09853495936  2.290881e-16 
 7756.31208062941  2.293722e-16 
 7761.52562629946  2.301003e-16 
 7766.73917196951  2.322363e-16 
 7771.95271763955  2.327653e-16 
  7777.1662633096  2.315703e-16 
 7782.37980897965  2.322692e-16 
  7787.5933546497  2.359596e-16 
 7792.80690031974  2.360987e-16 
 7798.02044598979  2.364499e-16 
 7803.23399165984  2.371027e-16 
 7808.44753732989  2.381019e-16 
 7813.66108299994  2.399836e-16 
 7818.87462866999  2.441672e-16 
 7824.08817434003  2.469261e-16 
 7829.30172001008  2.481364e-16 
 7834.51526568013    2.4491e-16 
 7839.72881135018  2.410036e-16 
 7844.94235702022  2.408431e-16 
 7850.15590269027  2.404847e-16 
 7855.36944836032   2.39616e-16 
 7860.58299403037  2.400961e-16 
 7865.79653970042  2.395143e-16 
 7871.01008537046  2.401749e-16 
 7876.22363104051  2.405144e-16 
 7881.43717671056  2.402563e-16 
 7886.65072238061  2.404133e-16 
 7891.86426805066  2.437309e-16 
  7897.0778137207  2.504951e-16 
 7902.29135939075  2.583448e-16 
  7907.5049050608  2.632269e-16 
 7912.71845073085   2.55472e-16 
 7917.93199640089  2.468229e-16 
 7923.14554207094  2.433142e-16 
 7928.35908774099  2.397336e-16 
 7933.57263341104  2.392434e-16 
 7938.78617908109  2.389009e-16 
 7943.99972475113  2.362843e-16 
 7949.21327042118  2.368186e-16 
 7954.42681609123  2.348312e-16 
 7959.64036176128  2.346425e-16 
 7964.85390743132  2.333715e-16 
 7970.06745310137  2.340382e-16 
 7975.28099877142  2.328477e-16 
 7980.49454444147  2.309401e-16 
 7985.70809011152  2.321504e-16 
 7990.92163578156  2.320442e-16 
 7996.13518145161   2.30982e-16 
 8001.34872712166  2.298492e-16 
 8006.56227279171  2.288839e-16 
 8011.77581846176  2.287383e-16 
 8016.98936413181  2.289245e-16 
 8022.20290980185   2.26681e-16 
  8027.4164554719  2.256062e-16 
 8032.63000114195  2.253295e-16 
   8037.843546812  2.241043e-16 
 8043.05709248204  2.232632e-16 
 8048.27063815209  2.226873e-16 
 8053.48418382214  2.235032e-16 
 8058.69772949219  2.240636e-16 
 8063.91127516224  2.229254e-16 
 8069.12482083228  2.219065e-16 
 8074.33836650233  2.207361e-16 
 8079.55191217238   2.19155e-16 
 8084.76545784243  2.190064e-16 
 8089.97900351248  2.199827e-16 
 8095.19254918252  2.191569e-16 
 8100.40609485257  2.186385e-16 
 8105.61964052262  2.208851e-16 
 8110.83318619267  2.225707e-16 
 8116.04673186271  2.217737e-16 
 8121.26027753276  2.171273e-16 
 8126.47382320281   2.11497e-16 
 8131.68736887286  2.055314e-16 
 8136.90091454291  2.022726e-16 
 8142.11446021296   1.99011e-16 
   8147.328005883   1.95463e-16 
 8152.54155155305  1.932941e-16 
  8157.7550972231   1.90616e-16 
 8162.96864289314  1.885323e-16 
 8168.18218856319  1.871036e-16 
 8173.39573423324  1.883384e-16 
 8178.60927990329  1.871551e-16 
 8183.82282557334  1.858368e-16 
 8189.03637124339   1.85627e-16 
 8194.24991691343  1.862796e-16 
 8199.46346258348  1.873064e-16 
 8204.67700825353  1.877056e-16 
 8209.89055392358    1.8851e-16 
 8215.10409959363  1.864572e-16 
 8220.31764526367  1.801861e-16 
 8225.53119093372  1.735274e-16 
 8230.74473660377    1.6923e-16 
 8235.95828227382  1.687231e-16 
 8241.17182794386  1.718245e-16 
 8246.38537361391  1.733544e-16 
 8251.59891928396  1.722469e-16 
 8256.81246495401  1.714181e-16 
 8262.02601062406  1.691746e-16 
  8267.2395562941  1.671373e-16 
 8272.45310196415  1.646542e-16 
  8277.6666476342  1.609817e-16 
 8282.88019330425  1.607809e-16 
  8288.0937389743  1.602504e-16 
 8293.30728464434  1.616452e-16 
 8298.52083031439   1.60486e-16 
 8303.73437598444  1.614793e-16 
 8308.94792165449  1.612257e-16 
 8314.16146732454  1.603403e-16 
 8319.37501299458  1.614015e-16 
 8324.58855866463  1.630299e-16 
 8329.80210433468  1.635945e-16 
 8335.01565000473  1.660597e-16 
 8340.22919567478  1.686423e-16 
 8345.44274134482  1.698467e-16 
 8350.65628701487  1.729777e-16 
 8355.86983268492  1.702588e-16 
 8361.08337835497  1.706817e-16 
 8366.29692402501  1.715288e-16 
 8371.51046969506  1.732422e-16 
 8376.72401536511  1.745386e-16 
 8381.93756103516  1.753893e-16 
 8387.15110670521   1.75248e-16 
 8392.36465237525     1.751e-16 
  8397.5781980453  1.761809e-16 
 8402.79174371535  1.770852e-16 
  8408.0052893854  1.762743e-16 
 8413.21883505544  1.762904e-16 
 8418.43238072549  1.796054e-16 
 8423.64592639554  1.815697e-16 
 8428.85947206559  1.823488e-16 
 8434.07301773564  1.826994e-16 
 8439.28656340568  1.791605e-16 
 8444.50010907573  1.783254e-16 
 8449.71365474578   1.80866e-16 
 8454.92720041583  1.828362e-16 
 8460.14074608588  1.862489e-16 
 8465.35429175592  1.849254e-16 
 8470.56783742597   1.83963e-16 
 8475.78138309602  1.830892e-16 
 8480.99492876607  1.832587e-16 
 8486.20847443612  1.853674e-16 
 8491.42202010616  1.846847e-16 
 8496.63556577621  1.858784e-16 
 8501.84911144626  1.847927e-16 
 8507.06265711631  1.848332e-16 
 8512.27620278636  1.860977e-16 
  8517.4897484564  1.844827e-16 
 8522.70329412645  1.849214e-16 
  8527.9168397965  1.859067e-16 
 8533.13038546655  1.869562e-16 
  8538.3439311366   1.87426e-16 
 8543.55747680664  1.881392e-16 
 8548.77102247669  1.872177e-16 
 8553.98456814674  1.883801e-16 
 8559.19811381679  1.877511e-16 
 8564.41165948683  1.862018e-16 
 8569.62520515688  1.869295e-16 
 8574.83875082693   1.88761e-16 
 8580.05229649698  1.910583e-16 
 8585.26584216703  1.924857e-16 
 8590.47938783707  1.924664e-16 
 8595.69293350712  1.907859e-16 
 8600.90647917717  1.872439e-16 
 8606.12002484722  1.857405e-16 
 8611.33357051727  1.866447e-16 
 8616.54711618731  1.866441e-16 
 8621.76066185736  1.861865e-16 
 8626.97420752741  1.852648e-16 
 8632.18775319746  1.841696e-16 
 8637.40129886751  1.834501e-16 
 8642.61484453755  1.833069e-16 
  8647.8283902076  1.848127e-16 
 8653.04193587765  1.867313e-16 
  8658.2554815477   1.86209e-16 
 8663.46902721775   1.85526e-16 
 8668.68257288779  1.851908e-16 
 8673.89611855784  1.833012e-16 
 8679.10966422789  1.839311e-16 
 8684.32320989794  1.836782e-16 
 8689.53675556798  1.840497e-16 
 8694.75030123803  1.827744e-16 
 8699.96384690808  1.825007e-16 
 8705.17739257813  1.823044e-16 
 8710.39093824818  1.820851e-16 
 8715.60448391822  1.807964e-16 
 8720.81802958827  1.815695e-16 
 8726.03157525832  1.810946e-16 
 8731.24512092837  1.803342e-16 
 8736.45866659841  1.795209e-16 
 8741.67221226847  1.780165e-16 
 8746.88575793851  1.769163e-16 
 8752.09930360856  1.754502e-16 
 8757.31284927861  1.756836e-16 
 8762.52639494865  1.760972e-16 
  8767.7399406187  1.769378e-16 
 8772.95348628875  1.769344e-16 
  8778.1670319588  1.755068e-16 
 8783.38057762885  1.752615e-16 
  8788.5941232989   1.73622e-16 
 8793.80766896894  1.737287e-16 
 8799.02121463899  1.739188e-16 
 8804.23476030904  1.724607e-16 
 8809.44830597909  1.710216e-16 
 8814.66185164913  1.699244e-16 
 8819.87539731918  1.758789e-16 
 8825.08894298923  1.741031e-16 
 8830.30248865928  1.740406e-16 
 8835.51603432933  1.744297e-16 
 8840.72957999937  1.711243e-16 
 8845.94312566942  1.699133e-16 
 8851.15667133947  1.700373e-16 
 8856.37021700952  1.722076e-16 
 8861.58376267957  1.734987e-16 
 8866.79730834961  1.713052e-16 
 8872.01085401966  1.694977e-16 
 8877.22439968971  1.752174e-16 
 8882.43794535976   1.73406e-16 
  8887.6514910298   1.73714e-16 
 8892.86503669985   1.74009e-16 
  8898.0785823699  1.707398e-16 
 8903.29212803995  1.671735e-16 
    8908.50567371  1.683505e-16 
 8913.71921938004  1.703208e-16 
 8918.93276505009  1.694521e-16 
 8924.14631072014  1.690115e-16 
 8929.35985639019  1.645885e-16 
 8934.57340206023  1.639253e-16 
 8939.78694773028  1.662674e-16 
 8945.00049340033  1.629496e-16 
 8950.21403907038  1.620304e-16 
 8955.42758474043  1.600136e-16 
 8960.64113041047  1.574148e-16 
 8965.85467608052  1.562921e-16 
 8971.06822175057  1.527685e-16 
 8976.28176742062  1.546905e-16 
 8981.49531309067  1.542693e-16 
 8986.70885876072  1.493177e-16 
 8991.92240443076  1.478045e-16 
 8997.13595010081  1.495094e-16 
 9002.34949577086  1.502835e-16 
 9007.56304144091  1.495694e-16 
 9012.77658711095  1.484167e-16 
   9017.990132781  1.503221e-16 
 9023.20367845105  1.528277e-16 
  9028.4172241211  1.548095e-16 
 9033.63076979115   1.56687e-16 
 9038.84431546119  1.579086e-16 
 9044.05786113124  1.607203e-16 
 9049.27140680129  1.599253e-16 
 9054.48495247134  1.589074e-16 
 9059.69849814139  1.564798e-16 
 9064.91204381143  1.553174e-16 
 9070.12558948148  1.517482e-16 
 9075.33913515153  1.482513e-16 
 9080.55268082158  1.483423e-16 
 9085.76622649163  1.499152e-16 
 9090.97977216167  1.502843e-16 
 9096.19331783172  1.500647e-16 
 9101.40686350177  1.505685e-16 
 9106.62040917182  1.516305e-16 
 9111.83395484187  1.520079e-16 
 9117.04750051191   1.51635e-16 
 9122.26104618196  1.518206e-16 
 9127.47459185201  1.507905e-16 
 9132.68813752206  1.481724e-16 
  9137.9016831921  1.460487e-16 
 9143.11522886215  1.471849e-16 
  9148.3287745322   1.50096e-16 
 9153.54232020225  1.496624e-16 
  9158.7558658723  1.487238e-16 
 9163.96941154235  1.489152e-16 
 9169.18295721239   1.49877e-16 
 9174.39650288244  1.484775e-16 
 9179.61004855249  1.485874e-16 
 9184.82359422253   1.50223e-16 
 9190.03713989259  1.524693e-16 
 9195.25068556263  1.540411e-16 
 9200.46423123268  1.562704e-16 
 9205.67777690273  1.563853e-16 
 9210.89132257278  1.545483e-16 
 9216.10486824282  1.537284e-16 
 9221.31841391287  1.541356e-16 
 9226.53195958292  1.554845e-16 
 9231.74550525297  1.560655e-16 
 9236.95905092302  1.543959e-16 
 9242.17259659306  1.536408e-16 
 9247.38614226311  1.546812e-16 
 9252.59968793316  1.547018e-16 
 9257.81323360321  1.552844e-16 
 9263.02677927325  1.560678e-16 
  9268.2403249433  1.542513e-16 
 9273.45387061335  1.510942e-16 
  9278.6674162834  1.477715e-16 
 9283.88096195345  1.468144e-16 
 9289.09450762349  1.467317e-16 
 9294.30805329354  1.444899e-16 
 9299.52159896359  1.449586e-16 
 9304.73514463364  1.449933e-16 
 9309.94869030369  1.438859e-16 
 9315.16223597373  1.435964e-16 
 9320.37578164378   1.42928e-16 
 9325.58932731383  1.347337e-16 
 9330.80287298388  1.402741e-16 
 9336.01641865392  1.348839e-16 
 9341.22996432397  1.445022e-16 
 9346.44350999402  1.479442e-16 
 9351.65705566407  1.512663e-16 
 9356.87060133412  1.495862e-16 
 9362.08414700417  1.362631e-16 
 9367.29769267421  1.459382e-16 
 9372.51123834426   1.43867e-16 
 9377.72478401431  1.436528e-16 
 9382.93832968435   1.47167e-16 
  9388.1518753544  1.460763e-16 
 9393.36542102445  1.497892e-16 
  9398.5789666945  1.549131e-16 
 9403.79251236455  1.544993e-16 
  9409.0060580346  1.519361e-16 
 9414.21960370464  1.475778e-16 
 9419.43314937469  1.450856e-16 
 9424.64669504474  1.414812e-16 
 9429.86024071479  1.421136e-16 
 9435.07378638484  1.451042e-16 
 9440.28733205488  1.434512e-16 
 9445.50087772493  1.473583e-16 
 9450.71442339498  1.521779e-16 
 9455.92796906503  1.500375e-16 
 9461.14151473508  1.452986e-16 
 9466.35506040512  1.475282e-16 
 9471.56860607517  1.460436e-16 
 9476.78215174522  1.437384e-16 
 9481.99569741527  1.413685e-16 
 9487.20924308531  1.410563e-16 
 9492.42278875536  1.406087e-16 
 9497.63633442541   1.43243e-16 
 9502.84988009546  1.450518e-16 
 9508.06342576551  1.532573e-16 
 9513.27697143556  1.518732e-16 
  9518.4905171056  1.366105e-16 
 9523.70406277565  1.407156e-16 
  9528.9176084457  1.385528e-16 
 9534.13115411574  1.409843e-16 
 9539.34469978579  1.436326e-16 
 9544.55824545584  1.496719e-16 
 9549.77179112589  1.408218e-16 
 9554.98533679594  1.364284e-16 
 9560.19888246599  1.388344e-16 
 9565.41242813603  1.436848e-16 
 9570.62597380608  1.504829e-16 
 9575.83951947613  1.462809e-16 
 9581.05306514618  1.406223e-16 
 9586.26661081622  1.366831e-16 
 9591.48015648627  1.346732e-16 
 9596.69370215632  1.429028e-16 
 9601.90724782637   1.51095e-16 
 9607.12079349642  1.505067e-16 
 9612.33433916646  1.503607e-16 
 9617.54788483651  1.508564e-16 
 9622.76143050656  1.461079e-16 
 9627.97497617661    1.4177e-16 
 9633.18852184666  1.367511e-16 
  9638.4020675167  1.377753e-16 
 9643.61561318675  1.331547e-16 
  9648.8291588568   1.31568e-16 
 9654.04270452685  1.318483e-16 
  9659.2562501969  1.333502e-16 
 9664.46979586694  1.313754e-16 
 9669.68334153699  1.283112e-16 
 9674.89688720704  1.261656e-16 
 9680.11043287709  1.224401e-16 
 9685.32397854714  1.264364e-16 
 9690.53752421718  1.316205e-16 
 9695.75106988723  1.246064e-16 
 9700.96461555728  1.254807e-16 
 9706.17816122733  1.244139e-16 
 9711.39170689737  1.288583e-16 
 9716.60525256742  1.220079e-16 
 9721.81879823747   1.22408e-16 
 9727.03234390752  1.232231e-16 
 9732.24588957757  1.133002e-16 
 9737.45943524761  1.122274e-16 
 9742.67298091766  1.142524e-16 
 9747.88652658771   1.11981e-16 
 9753.10007225776  1.092888e-16 
  9758.3136179278  1.073648e-16 
 9763.52716359785  1.086735e-16 
  9768.7407092679  1.086602e-16 
 9773.95425493795  1.024086e-16 
   9779.167800608  1.013332e-16 
 9784.38134627804  1.062496e-16 
 9789.59489194809  1.032133e-16 
 9794.80843761814  1.042518e-16 
 9800.02198328819  1.059116e-16 
 9805.23552895824  1.067478e-16 
 9810.44907462828  1.012904e-16 
 9815.66262029833  1.041624e-16 
 9820.87616596838  1.062222e-16 
 9826.08971163843  1.014175e-16 
 9831.30325730848  9.830037e-17 
 9836.51680297852  9.725546e-17 
 9841.73034864857  1.010624e-16 
 9846.94389431862  1.009161e-16 
 9852.15743998867  9.922931e-17 
 9857.37098565872  9.153346e-17 
 9862.58453132876  1.000963e-16 
 9867.79807699881   9.53129e-17 
 9873.01162266886   1.03076e-16 
 9878.22516833891  1.017387e-16 
 9883.43871400896  9.225803e-17 
   9888.652259679  9.066612e-17 
 9893.86580534905  9.469292e-17 
  9899.0793510191  8.667144e-17 
 9904.29289668915  8.902889e-17 
 9909.50644235919  1.015385e-16 
 9914.71998802924  9.559116e-17 
 9919.93353369929  9.326685e-17 
 9925.14707936934  8.774596e-17 
 9930.36062503939  7.770939e-17 
 9935.57417070944  9.531126e-17 
 9940.78771637948  1.010942e-16 
 9946.00126204953  9.352757e-17 
 9951.21480771958  1.009498e-16 
 9956.42835338963  8.973924e-17 
 9961.64189905968   8.56977e-17 
 9966.85544472972  9.244592e-17 
 9972.06899039977  8.340289e-17 
 9977.28253606982  8.458283e-17 
 9982.49608173987  8.528128e-17 
 9987.70962740991   8.57738e-17 
 9992.92317307996  9.004832e-17 
 9998.13671875001  7.556704e-17 
