# STATUS =
# OBJECT = PTF12dam
# TELESCOPE = NOT
# INSTRUMENT = ALFOSC
# DATE-OBS = 2012-08-09 00:00:00.00
# MJD = 56148.0
# EXPTIME = 1800
# AIRMASS = 1.59452
# SLIT = 1.3
# DISPERSER = --
# SOURCE = 2013Natur.502..346N
# FILTER =
# RESOLUTION =
# FLUX_STANDARD =
# EXTINCTION_CORRECTED = --
# PHOTOMETRY_CALIBRATED =
# TELLURIC_CORRECTED =
# FLUX_UNITS = Other
# WAVE_UNITS = Angstrom
# QUALITY = --
# MIN_WAVE = 3450.0
# MAX_WAVE = 8947.0542254448
# COMMENT = [Data obtained from: Nicholl, M.] [Prev. spec info - createdby: ilanm-UploadSet; modifiedby: ilanm]
       Wavelength           Flux 
 3452.94590258599   3.117843e-16 
 3455.89180517198   4.974253e-16 
 3458.83770775796   6.392166e-16 
 3461.78361034394   8.476004e-16 
 3464.72951292993   8.877851e-16 
 3467.67541551591   1.212483e-15 
 3470.62131810189   1.443116e-15 
 3473.56722068788   1.111193e-15 
 3476.51312327386   9.438466e-16 
 3479.45902585984   1.209887e-15 
 3482.40492844582   1.107473e-15 
 3485.35083103181   6.780838e-16 
 3488.29673361779    4.83392e-16 
 3491.24263620377     2.6773e-16 
 3494.18853878976   7.519742e-16 
 3497.13444137574   8.760076e-16 
 3500.08034396172   7.223169e-16 
 3503.02624654771   8.629935e-16 
 3505.97214913369   8.030095e-16 
 3508.91805171967   7.870728e-16 
 3511.86395430566    8.35416e-16 
 3514.80985689164   7.183479e-16 
 3517.75575947762   5.263694e-16 
 3520.70166206361    7.14185e-16 
 3523.64756464959   9.840778e-16 
 3526.59346723557   1.115513e-15 
 3529.53936982156   7.918086e-16 
 3532.48527240754    5.68167e-16 
 3535.43117499352   7.137788e-16 
 3538.37707757951   6.012244e-16 
 3541.32298016549    5.95301e-16 
 3544.26888275147    7.91316e-16 
 3547.21478533746   6.310416e-16 
 3550.16068792344   7.905933e-16 
 3553.10659050942   9.643598e-16 
 3556.05249309541   8.504232e-16 
 3558.99839568139   8.989014e-16 
 3561.94429826737   9.497834e-16 
 3564.89020085336   8.268445e-16 
 3567.83610343934   8.115624e-16 
 3570.78200602532   8.465202e-16 
 3573.72790861131   1.021891e-15 
 3576.67381119729   7.825166e-16 
 3579.61971378327   6.367403e-16 
 3582.56561636926   6.304908e-16 
 3585.51151895524   4.931893e-16 
 3588.45742154122   6.411313e-16 
 3591.40332412721    8.96135e-16 
 3594.34922671319   7.732477e-16 
 3597.29512929917   6.365499e-16 
 3600.24103188516   6.546623e-16 
 3603.18693447114   8.034275e-16 
 3606.13283705712   8.247548e-16 
 3609.07873964311   5.819025e-16 
 3612.02464222909   6.651123e-16 
 3614.97054481507   7.427013e-16 
 3617.91644740106   8.539163e-16 
 3620.86234998704   9.124443e-16 
 3623.80825257302   9.295009e-16 
 3626.75415515901   9.267931e-16 
 3629.70005774499   9.070556e-16 
 3632.64596033097   9.306687e-16 
 3635.59186291696   8.323894e-16 
 3638.53776550294   6.868264e-16 
 3641.48366808892   5.841574e-16 
 3644.42957067491   6.526411e-16 
 3647.37547326089   6.583063e-16 
 3650.32137584687   6.727385e-16 
 3653.26727843286    6.18583e-16 
 3656.21318101884   6.606941e-16 
 3659.15908360482   7.175972e-16 
 3662.10498619081   6.524049e-16 
 3665.05088877679   7.253742e-16 
 3667.99679136277   8.649588e-16 
 3670.94269394876   9.145435e-16 
 3673.88859653474   8.046821e-16 
 3676.83449912072   7.252142e-16 
 3679.78040170671    6.38203e-16 
 3682.72630429269   6.484139e-16 
 3685.67220687867   7.883248e-16 
 3688.61810946465   7.948548e-16 
 3691.56401205064   6.067377e-16 
 3694.50991463662   6.189529e-16 
 3697.45581722261   7.906046e-16 
 3700.40171980859   7.612148e-16 
 3703.34762239457   6.864482e-16 
 3706.29352498055   6.707757e-16 
 3709.23942756654   6.036131e-16 
 3712.18533015252    7.14826e-16 
  3715.1312327385   8.153011e-16 
 3718.07713532449   9.057859e-16 
 3721.02303791047   9.112809e-16 
 3723.96894049645   8.530333e-16 
 3726.91484308244   8.671219e-16 
 3729.86074566842   8.248378e-16 
  3732.8066482544   8.949462e-16 
 3735.75255084039   9.314735e-16 
 3738.69845342637   7.754623e-16 
 3741.64435601235   6.717779e-16 
 3744.59025859834   7.383002e-16 
 3747.53616118432   7.895108e-16 
  3750.4820637703    7.85373e-16 
 3753.42796635629   7.660462e-16 
 3756.37386894227   7.715489e-16 
 3759.31977152825   8.286916e-16 
 3762.26567411424   7.653796e-16 
 3765.21157670022   8.291224e-16 
  3768.1574792862    8.81989e-16 
 3771.10338187219   7.728955e-16 
 3774.04928445817   8.879717e-16 
 3776.99518704415   8.783133e-16 
 3779.94108963014   7.882458e-16 
 3782.88699221612   8.036059e-16 
  3785.8328948021    7.77695e-16 
 3788.77879738809   8.049385e-16 
 3791.72469997407   8.018909e-16 
 3794.67060256005   7.119458e-16 
 3797.61650514604   7.535638e-16 
 3800.56240773202   8.726424e-16 
   3803.508310318   8.982887e-16 
 3806.45421290399   8.636193e-16 
 3809.40011548997   8.228177e-16 
 3812.34601807595   8.762091e-16 
 3815.29192066194   8.599624e-16 
 3818.23782324792   8.132111e-16 
  3821.1837258339   8.066388e-16 
 3824.12962841989    7.85538e-16 
 3827.07553100587   8.290425e-16 
 3830.02143359185   8.563996e-16 
 3832.96733617784   8.387409e-16 
 3835.91323876382   8.455927e-16 
  3838.8591413498   9.350419e-16 
 3841.80504393579   9.614917e-16 
 3844.75094652177   9.169241e-16 
 3847.69684910775   9.017378e-16 
 3850.64275169374   9.603022e-16 
 3853.58865427972   9.875573e-16 
  3856.5345568657   9.427016e-16 
 3859.48045945169   8.704986e-16 
 3862.42636203767   8.994793e-16 
 3865.37226462365   8.588932e-16 
 3868.31816720964   8.291977e-16 
 3871.26406979562   8.817967e-16 
  3874.2099723816   8.868016e-16 
 3877.15587496759   8.921922e-16 
 3880.10177755357   9.071353e-16 
 3883.04768013955   8.991801e-16 
 3885.99358272554   8.774878e-16 
 3888.93948531152   9.116187e-16 
  3891.8853878975   9.053436e-16 
 3894.83129048349   9.067189e-16 
 3897.77719306947   9.427855e-16 
 3900.72309565545   1.005574e-15 
 3903.66899824144   9.934025e-16 
 3906.61490082742   9.182735e-16 
  3909.5608034134   9.015736e-16 
 3912.50670599938   9.431042e-16 
 3915.45260858537   9.762493e-16 
 3918.39851117135    9.76843e-16 
 3921.34441375733   9.736895e-16 
 3924.29031634332   9.698644e-16 
  3927.2362189293   9.912024e-16 
 3930.18212151528   1.053274e-15 
 3933.12802410127   1.006981e-15 
 3936.07392668725   9.601311e-16 
 3939.01982927323    9.37323e-16 
 3941.96573185922   9.055421e-16 
  3944.9116344452   9.880738e-16 
 3947.85753703118   1.013194e-15 
 3950.80343961717   1.011436e-15 
 3953.74934220315   1.075026e-15 
 3956.69524478913   1.075802e-15 
 3959.64114737512   1.076689e-15 
  3962.5870499611   1.080513e-15 
 3965.53295254708   1.058391e-15 
 3968.47885513307   1.017048e-15 
 3971.42475771905   9.807756e-16 
 3974.37066030503   9.231083e-16 
 3977.31656289102     9.5368e-16 
   3980.262465477   9.870742e-16 
 3983.20836806298   9.915782e-16 
 3986.15427064897   9.632756e-16 
 3989.10017323495   1.003217e-15 
 3992.04607582093    1.03618e-15 
 3994.99197840692   1.020264e-15 
  3997.9378809929   9.964851e-16 
 4000.88378357888   9.589591e-16 
 4003.82968616487   9.753349e-16 
 4006.77558875085   1.049785e-15 
 4009.72149133683   1.043491e-15 
 4012.66739392282   9.785508e-16 
  4015.6132965088   9.683617e-16 
 4018.55919909478   9.539147e-16 
 4021.50510168077   9.874246e-16 
 4024.45100426675   1.030869e-15 
 4027.39690685273   1.031827e-15 
 4030.34280943872   1.040631e-15 
  4033.2887120247   1.054367e-15 
 4036.23461461068   1.028503e-15 
 4039.18051719667   9.795839e-16 
 4042.12641978265   1.093088e-15 
 4045.07232236863   1.194801e-15 
 4048.01822495462   1.113776e-15 
  4050.9641275406   1.082052e-15 
 4053.91003012658    1.11115e-15 
 4056.85593271257   1.077122e-15 
 4059.80183529855   1.078554e-15 
 4062.74773788453   1.041913e-15 
 4065.69364047052   9.983228e-16 
  4068.6395430565   1.055025e-15 
 4071.58544564248   1.113183e-15 
 4074.53134822847    1.13454e-15 
 4077.47725081445   1.112692e-15 
 4080.42315340043   1.103926e-15 
 4083.36905598642   1.097833e-15 
  4086.3149585724   1.093121e-15 
 4089.26086115838    1.06557e-15 
 4092.20676374436   1.032541e-15 
 4095.15266633035   1.054247e-15 
 4098.09856891633   1.106428e-15 
 4101.04447150232   1.136885e-15 
  4103.9903740883     1.1128e-15 
 4106.93627667428   1.103214e-15 
 4109.88217926027    1.13355e-15 
 4112.82808184625   1.085964e-15 
 4115.77398443223   1.112386e-15 
 4118.71988701821   1.180149e-15 
  4121.6657896042   1.387317e-15 
 4124.61169219018   1.864529e-15 
 4127.55759477616   2.367049e-15 
 4130.50349736215   2.431291e-15 
 4133.44939994813   2.140687e-15 
 4136.39530253411   1.840953e-15 
  4139.3412051201   1.637411e-15 
 4142.28710770608   1.427961e-15 
 4145.23301029206   1.200593e-15 
 4148.17891287805   1.102193e-15 
 4151.12481546403   1.066285e-15 
 4154.07071805001   1.036129e-15 
   4157.016620636   1.045536e-15 
 4159.96252322198   1.083368e-15 
 4162.90842580796   1.087831e-15 
 4165.85432839395   1.055769e-15 
 4168.80023097993   1.050447e-15 
 4171.74613356591   1.040985e-15 
  4174.6920361519   1.025915e-15 
 4177.63793873788   1.008229e-15 
 4180.58384132386   9.721501e-16 
 4183.52974390985   9.780731e-16 
 4186.47564649583   9.994497e-16 
 4189.42154908181   9.421075e-16 
  4192.3674516678   9.557394e-16 
 4195.31335425378   1.101002e-15 
 4198.25925683976   1.235407e-15 
 4201.20515942575   1.065319e-15 
 4204.15106201173   9.597973e-16 
 4207.09696459771     9.7219e-16 
  4210.0428671837   9.945747e-16 
 4212.98876976968   1.023888e-15 
 4215.93467235566   1.009216e-15 
 4218.88057494165   9.956127e-16 
 4221.82647752763   1.003085e-15 
 4224.77238011361   9.919237e-16 
  4227.7182826996   9.487483e-16 
 4230.66418528558   9.541596e-16 
 4233.61008787156   9.895721e-16 
 4236.55599045755   9.631836e-16 
 4239.50189304353   9.233772e-16 
 4242.44779562951   9.581882e-16 
  4245.3936982155   1.011906e-15 
 4248.33960080148   1.079985e-15 
 4251.28550338746   1.065304e-15 
 4254.23140597344   9.595892e-16 
 4257.17730855943   9.436564e-16 
 4260.12321114541   1.018421e-15 
  4263.0691137314   9.874831e-16 
 4266.01501631738     9.6642e-16 
 4268.96091890336   1.036579e-15 
 4271.90682148934   1.035608e-15 
 4274.85272407533   1.030505e-15 
 4277.79862666131   1.070439e-15 
  4280.7445292473   1.207983e-15 
 4283.69043183328   1.345811e-15 
 4286.63633441926   1.415483e-15 
 4289.58223700524   1.380221e-15 
 4292.52813959123   1.270696e-15 
 4295.47404217721   1.195958e-15 
  4298.4199447632   1.140433e-15 
 4301.36584734918    1.10453e-15 
 4304.31174993516   1.157183e-15 
 4307.25765252114   1.196603e-15 
 4310.20355510713   1.189953e-15 
 4313.14945769311   1.171009e-15 
 4316.09536027909   1.153528e-15 
 4319.04126286508   1.128205e-15 
 4321.98716545106   1.152575e-15 
 4324.93306803705   1.152515e-15 
 4327.87897062303    1.12574e-15 
 4330.82487320901   1.116627e-15 
   4333.770775795   1.146528e-15 
 4336.71667838098   1.162872e-15 
 4339.66258096696   1.159812e-15 
 4342.60848355294   1.181714e-15 
 4345.55438613893   1.156361e-15 
 4348.50028872491   1.141444e-15 
 4351.44619131089   1.131434e-15 
 4354.39209389688   1.165728e-15 
 4357.33799648286   1.183214e-15 
 4360.28389906884   1.133241e-15 
 4363.22980165483   1.148476e-15 
 4366.17570424081   1.179511e-15 
 4369.12160682679   1.218315e-15 
 4372.06750941278   1.246931e-15 
 4375.01341199876   1.236442e-15 
 4377.95931458474   1.248836e-15 
 4380.90521717073   1.288941e-15 
 4383.85111975671   1.297645e-15 
 4386.79702234269   1.265871e-15 
 4389.74292492868   1.309501e-15 
 4392.68882751466     1.3625e-15 
 4395.63473010064   1.425694e-15 
 4398.58063268663   1.425188e-15 
 4401.52653527261   1.394151e-15 
 4404.47243785859   1.369334e-15 
 4407.41834044458   1.324263e-15 
 4410.36424303056   1.262129e-15 
 4413.31014561654    1.22576e-15 
 4416.25604820253   1.229794e-15 
 4419.20195078851   1.186757e-15 
 4422.14785337449   1.133515e-15 
 4425.09375596048   1.125746e-15 
 4428.03965854646   1.174301e-15 
 4430.98556113244   1.170398e-15 
 4433.93146371843   1.132918e-15 
 4436.87736630441    1.10475e-15 
 4439.82326889039   1.090615e-15 
 4442.76917147638   1.112696e-15 
 4445.71507406236   1.098206e-15 
 4448.66097664834   1.059427e-15 
 4451.60687923433   1.064008e-15 
 4454.55278182031    1.05059e-15 
 4457.49868440629   1.042093e-15 
 4460.44458699228   1.029259e-15 
 4463.39048957826   9.789933e-16 
 4466.33639216424   1.015072e-15 
 4469.28229475022   1.057757e-15 
 4472.22819733621   1.071239e-15 
 4475.17409992219   1.048467e-15 
 4478.12000250818   1.038983e-15 
 4481.06590509416   1.051718e-15 
 4484.01180768014   1.053876e-15 
 4486.95771026612   1.053359e-15 
 4489.90361285211   1.054614e-15 
 4492.84951543809   1.072827e-15 
 4495.79541802408   1.071737e-15 
 4498.74132061006   1.077007e-15 
 4501.68722319604   1.070166e-15 
 4504.63312578203    1.09578e-15 
 4507.57902836801   1.083322e-15 
 4510.52493095399   1.056139e-15 
 4513.47083353998   1.063888e-15 
 4516.41673612596   1.085222e-15 
 4519.36263871194   1.095901e-15 
 4522.30854129792   1.033799e-15 
 4525.25444388391   1.015048e-15 
 4528.20034646989    1.05644e-15 
 4531.14624905587   1.085246e-15 
 4534.09215164186   1.122598e-15 
 4537.03805422784   1.119329e-15 
 4539.98395681382   1.172851e-15 
 4542.92985939981   1.256029e-15 
 4545.87576198579   1.268596e-15 
 4548.82166457177   1.210726e-15 
 4551.76756715776   1.156547e-15 
 4554.71346974374   1.104051e-15 
 4557.65937232972   1.052332e-15 
 4560.60527491571   1.028881e-15 
 4563.55117750169   1.009683e-15 
 4566.49708008767   1.001488e-15 
 4569.44298267366    9.98928e-16 
 4572.38888525964   9.763102e-16 
 4575.33478784562   9.803884e-16 
 4578.28069043161   9.876647e-16 
 4581.22659301759   1.003954e-15 
 4584.17249560357    9.83963e-16 
 4587.11839818956   9.829183e-16 
 4590.06430077554   1.011091e-15 
 4593.01020336152   9.967799e-16 
 4595.95610594751   9.799061e-16 
 4598.90200853349   9.696562e-16 
 4601.84791111947   9.560717e-16 
 4604.79381370546   9.694701e-16 
 4607.73971629144   9.786604e-16 
 4610.68561887742   9.759045e-16 
 4613.63152146341   9.720978e-16 
 4616.57742404939   9.501026e-16 
 4619.52332663537   9.376714e-16 
 4622.46922922136   9.325816e-16 
 4625.41513180734   9.280959e-16 
 4628.36103439332   9.263557e-16 
 4631.30693697931   9.407166e-16 
 4634.25283956529   9.712531e-16 
 4637.19874215127   9.915687e-16 
 4640.14464473726   9.764729e-16 
 4643.09054732324   9.487217e-16 
 4646.03644990922   9.619986e-16 
 4648.98235249521   9.688516e-16 
 4651.92825508119   9.697086e-16 
 4654.87415766717    9.65866e-16 
 4657.82006025316   9.410008e-16 
 4660.76596283914   9.250798e-16 
 4663.71186542512   9.139619e-16 
 4666.65776801111    9.10121e-16 
 4669.60367059709   9.196796e-16 
 4672.54957318307   9.286474e-16 
 4675.49547576906   9.291242e-16 
 4678.44137835504   9.295443e-16 
 4681.38728094102   9.133549e-16 
 4684.33318352701   9.001703e-16 
 4687.27908611299   8.960457e-16 
 4690.22498869897   8.958738e-16 
 4693.17089128496   9.154059e-16 
 4696.11679387094   9.273281e-16 
 4699.06269645692   9.049092e-16 
  4702.0085990429   8.693384e-16 
 4704.95450162889   8.528922e-16 
 4707.90040421487   8.915515e-16 
 4710.84630680086   9.229116e-16 
 4713.79220938684   9.115265e-16 
 4716.73811197282   8.842029e-16 
 4719.68401455881   8.941603e-16 
 4722.62991714479   8.752141e-16 
 4725.57581973077   8.572718e-16 
 4728.52172231675   8.551334e-16 
 4731.46762490274   8.582311e-16 
 4734.41352748872   8.500611e-16 
  4737.3594300747   8.585047e-16 
 4740.30533266069   8.897078e-16 
 4743.25123524667   8.940021e-16 
 4746.19713783265   8.896211e-16 
 4749.14304041864    9.01689e-16 
 4752.08894300462   8.955966e-16 
 4755.03484559061   8.602991e-16 
 4757.98074817659   8.540775e-16 
 4760.92665076257   8.692739e-16 
 4763.87255334855   8.725978e-16 
 4766.81845593454   8.540057e-16 
 4769.76435852052   8.638904e-16 
  4772.7102611065   8.912245e-16 
 4775.65616369249   8.676058e-16 
 4778.60206627847   8.508452e-16 
 4781.54796886445   8.406652e-16 
 4784.49387145044   8.398362e-16 
 4787.43977403642   8.585412e-16 
  4790.3856766224   8.719069e-16 
 4793.33157920839   8.825063e-16 
 4796.27748179437   8.613247e-16 
 4799.22338438035   8.651466e-16 
 4802.16928696634   9.616829e-16 
 4805.11518955232   1.088373e-15 
  4808.0610921383   1.116077e-15 
 4811.00699472429   1.128438e-15 
 4813.95289731027   1.122655e-15 
 4816.89879989625   1.067694e-15 
 4819.84470248224   9.384398e-16 
 4822.79060506822   8.272338e-16 
  4825.7365076542     7.9859e-16 
 4828.68241024019   7.936336e-16 
 4831.62831282617   8.202894e-16 
 4834.57421541215   8.427137e-16 
 4837.52011799814   8.271758e-16 
 4840.46602058412   7.896639e-16 
  4843.4119231701   7.831423e-16 
 4846.35782575609   7.653375e-16 
 4849.30372834207   7.417059e-16 
 4852.24963092805   7.526911e-16 
 4855.19553351404   7.513633e-16 
 4858.14143610002   7.457436e-16 
   4861.087338686   7.455524e-16 
 4864.03324127198   7.403992e-16 
 4866.97914385797   7.474055e-16 
 4869.92504644395   7.534387e-16 
 4872.87094902994   7.577516e-16 
 4875.81685161592   7.952297e-16 
  4878.7627542019   8.128814e-16 
 4881.70865678789   8.038507e-16 
 4884.65455937387   8.054983e-16 
 4887.60046195985   8.282887e-16 
 4890.54636454583   8.146648e-16 
 4893.49226713182   8.224742e-16 
  4896.4381697178   8.312119e-16 
 4899.38407230378   8.208632e-16 
 4902.32997488977   8.294602e-16 
 4905.27587747575   8.190376e-16 
 4908.22178006173   8.237326e-16 
 4911.16768264772   8.473107e-16 
  4914.1135852337   8.603205e-16 
 4917.05948781968   8.516617e-16 
 4920.00539040567   8.542708e-16 
 4922.95129299165   8.675816e-16 
 4925.89719557764   8.589372e-16 
 4928.84309816362   8.369873e-16 
  4931.7890007496   8.558911e-16 
 4934.73490333558   9.105287e-16 
 4937.68080592157    9.35844e-16 
 4940.62670850755   9.222568e-16 
 4943.57261109353     9.0251e-16 
 4946.51851367952   9.428578e-16 
  4949.4644162655     9.7316e-16 
 4952.41031885148   9.606274e-16 
 4955.35622143747   9.890696e-16 
 4958.30212402345   9.764424e-16 
 4961.24802660943   9.435078e-16 
 4964.19392919542   9.652287e-16 
  4967.1398317814   9.780165e-16 
 4970.08573436738    9.81224e-16 
 4973.03163695337   9.815391e-16 
 4975.97753953935   9.661164e-16 
 4978.92344212533   9.797305e-16 
 4981.86934471132   1.025971e-15 
  4984.8152472973   1.034803e-15 
 4987.76114988328   1.019186e-15 
 4990.70705246927     1.0259e-15 
 4993.65295505525    1.02686e-15 
 4996.59885764123   1.027209e-15 
 4999.54476022722   1.036927e-15 
  5002.4906628132   1.037679e-15 
 5005.43656539918   1.061167e-15 
 5008.38246798517     1.0645e-15 
 5011.32837057115   1.052286e-15 
 5014.27427315713   1.061888e-15 
 5017.22017574312   1.081576e-15 
  5020.1660783291   1.096778e-15 
 5023.11198091508   1.097432e-15 
 5026.05788350107   1.100799e-15 
 5029.00378608705   1.093377e-15 
 5031.94968867303   1.066908e-15 
 5034.89559125902   1.091191e-15 
   5037.841493845   1.086727e-15 
 5040.78739643098   1.068391e-15 
 5043.73329901697   1.101633e-15 
 5046.67920160295   1.101912e-15 
 5049.62510418893   1.115024e-15 
 5052.57100677492   1.148083e-15 
  5055.5169093609   1.149366e-15 
 5058.46281194688   1.134155e-15 
 5061.40871453287   1.117095e-15 
 5064.35461711885   1.124806e-15 
 5067.30051970483   1.106369e-15 
 5070.24642229082   1.081629e-15 
  5073.1923248768   1.109737e-15 
 5076.13822746278   1.141968e-15 
 5079.08413004877   1.137054e-15 
 5082.03003263475   1.137979e-15 
 5084.97593522073   1.135315e-15 
 5087.92183780672   1.114871e-15 
  5090.8677403927   1.105664e-15 
 5093.81364297868   1.129479e-15 
 5096.75954556467   1.145783e-15 
 5099.70544815065   1.129867e-15 
 5102.65135073663   1.126541e-15 
 5105.59725332262   1.155284e-15 
  5108.5431559086   1.162299e-15 
 5111.48905849458   1.133122e-15 
 5114.43496108057   1.137208e-15 
 5117.38086366655   1.137992e-15 
 5120.32676625253   1.125847e-15 
 5123.27266883852   1.105394e-15 
  5126.2185714245   1.105989e-15 
 5129.16447401048   1.098145e-15 
 5132.11037659646   1.089478e-15 
 5135.05627918245   1.110444e-15 
 5138.00218176843   1.091789e-15 
 5140.94808435442   1.049847e-15 
  5143.8939869404   1.061801e-15 
 5146.83988952638   1.071128e-15 
 5149.78579211236   1.072578e-15 
 5152.73169469835   1.100946e-15 
 5155.67759728433   1.090383e-15 
 5158.62349987031   1.085104e-15 
  5161.5694024563   1.097279e-15 
 5164.51530504228   1.070135e-15 
 5167.46120762826   1.024427e-15 
 5170.40711021425   1.010961e-15 
 5173.35301280023    1.01768e-15 
 5176.29891538621   1.002565e-15 
  5179.2448179722    9.98665e-16 
 5182.19072055818   9.919954e-16 
 5185.13662314417   9.745091e-16 
 5188.08252573015   9.600032e-16 
 5191.02842831613   9.500386e-16 
 5193.97433090211   9.497482e-16 
  5196.9202334881   9.371718e-16 
 5199.86613607408   9.383487e-16 
 5202.81203866006   9.591689e-16 
 5205.75794124605   9.698065e-16 
 5208.70384383203   9.459902e-16 
 5211.64974641801   9.063115e-16 
   5214.595649004   8.831033e-16 
 5217.54155158998   8.975882e-16 
 5220.48745417596   9.006519e-16 
 5223.43335676195   8.888955e-16 
 5226.37925934793   8.966777e-16 
 5229.32516193391   8.693557e-16 
  5232.2710645199   8.512523e-16 
 5235.21696710588   8.839164e-16 
 5238.16286969186   8.794546e-16 
 5241.10877227785   8.527261e-16 
 5244.05467486383   8.426534e-16 
 5247.00057744981   8.446181e-16 
  5249.9464800358   8.499164e-16 
 5252.89238262178   8.477325e-16 
 5255.83828520776   8.345397e-16 
 5258.78418779375   8.170598e-16 
 5261.73009037973   8.412408e-16 
 5264.67599296571   8.642901e-16 
  5267.6218955517   8.672249e-16 
 5270.56779813768   8.431776e-16 
 5273.51370072366   7.877217e-16 
 5276.45960330965   7.664054e-16 
 5279.40550589563   7.797505e-16 
 5282.35140848161   7.910151e-16 
  5285.2973110676   7.887112e-16 
 5288.24321365358   8.021463e-16 
 5291.18911623956   8.202105e-16 
 5294.13501882555   8.191354e-16 
 5297.08092141153   8.066722e-16 
 5300.02682399751   7.813215e-16 
  5302.9727265835   7.874343e-16 
 5305.91862916948   8.255637e-16 
 5308.86453175546   8.294781e-16 
 5311.81043434145   8.205199e-16 
 5314.75633692743   8.241844e-16 
 5317.70223951341   8.160719e-16 
  5320.6481420994   8.116812e-16 
 5323.59404468538   8.230462e-16 
 5326.53994727136   8.260634e-16 
 5329.48584985735   8.279803e-16 
 5332.43175244333   8.116991e-16 
 5335.37765502931   8.048541e-16 
  5338.3235576153    8.29771e-16 
 5341.26946020128    8.30628e-16 
 5344.21536278726   8.128093e-16 
 5347.16126537325   8.189554e-16 
 5350.10716795923   8.149583e-16 
 5353.05307054521   8.092646e-16 
  5355.9989731312   8.132378e-16 
 5358.94487571718   8.007397e-16 
 5361.89077830316   7.985266e-16 
 5364.83668088914   8.308112e-16 
 5367.78258347513   8.394953e-16 
 5370.72848606111   8.134984e-16 
 5373.67438864709    7.94422e-16 
 5376.62029123308   8.684122e-16 
 5379.56619381906   1.124336e-15 
 5382.51209640504   1.417301e-15 
 5385.45799899103   1.526366e-15 
 5388.40390157701   1.480502e-15 
 5391.34980416299    1.36721e-15 
 5394.29570674898   1.229955e-15 
 5397.24160933496   1.102689e-15 
 5400.18751192094   9.687705e-16 
 5403.13341450693   8.740861e-16 
 5406.07931709291    8.49082e-16 
 5409.02521967889   8.483664e-16 
 5411.97112226488    8.29201e-16 
 5414.91702485086   8.148799e-16 
 5417.86292743684    8.42394e-16 
 5420.80883002283   8.711678e-16 
 5423.75473260881   8.687001e-16 
 5426.70063519479   8.653827e-16 
 5429.64653778078   8.692113e-16 
 5432.59244036676   8.818644e-16 
 5435.53834295274   8.806885e-16 
 5438.48424553873   8.681792e-16 
 5441.43014812471    8.83729e-16 
 5444.37605071069   8.937441e-16 
 5447.32195329668    8.94323e-16 
 5450.26785588266   9.014919e-16 
 5453.21375846864   9.048804e-16 
 5456.15966105463   9.080823e-16 
 5459.10556364061    8.86414e-16 
 5462.05146622659   8.689825e-16 
 5464.99736881258   8.796149e-16 
 5467.94327139856   9.048446e-16 
 5470.88917398454   9.091055e-16 
 5473.83507657053   8.903432e-16 
 5476.78097915651   8.956067e-16 
 5479.72688174249   8.949406e-16 
 5482.67278432848   8.858612e-16 
 5485.61868691446   1.076647e-15 
 5488.56458950044   1.684335e-15 
 5491.51049208643   2.247376e-15 
 5494.45639467241    2.36909e-15 
 5497.40229725839    2.25393e-15 
 5500.34819984437   1.998031e-15 
 5503.29410243036   1.665921e-15 
 5506.24000501634   1.354583e-15 
 5509.18590760233   1.052831e-15 
 5512.13181018831   8.754387e-16 
 5515.07771277429   8.713005e-16 
 5518.02361536028   9.042652e-16 
 5520.96951794626   8.827015e-16 
 5523.91542053224   8.317898e-16 
 5526.86132311822   8.056192e-16 
 5529.80722570421   8.197411e-16 
 5532.75312829019   8.514092e-16 
 5535.69903087617   8.414909e-16 
 5538.64493346216   1.355487e-15 
 5541.59083604814   3.138935e-15 
 5544.53673863412   4.842035e-15 
 5547.48264122011   5.311591e-15 
 5550.42854380609   4.988169e-15 
 5553.37444639207   4.288721e-15 
 5556.32034897806   3.411291e-15 
 5559.26625156404   2.491668e-15 
 5562.21215415002   1.567359e-15 
 5565.15805673601   9.751508e-16 
 5568.10395932199   8.080796e-16 
 5571.04986190798    7.77017e-16 
 5573.99576449396   7.686859e-16 
 5576.94166707994   7.678283e-16 
 5579.88756966592    7.72173e-16 
 5582.83347225191   8.021129e-16 
 5585.77937483789   8.552559e-16 
 5588.72527742387   8.509782e-16 
 5591.67118000986   7.842603e-16 
 5594.61708259584   7.643631e-16 
 5597.56298518182   7.832722e-16 
 5600.50888776781   8.138153e-16 
 5603.45479035379   8.188031e-16 
 5606.40069293977   8.100538e-16 
 5609.34659552576   8.234223e-16 
 5612.29249811174   8.240107e-16 
 5615.23840069772   8.119574e-16 
 5618.18430328371   7.950798e-16 
 5621.13020586969     7.8496e-16 
 5624.07610845567   7.935187e-16 
 5627.02201104166   8.103115e-16 
 5629.96791362764   8.055688e-16 
 5632.91381621362   8.004844e-16 
 5635.85971879961   8.117669e-16 
 5638.80562138559     8.1989e-16 
 5641.75152397157   8.187465e-16 
 5644.69742655756   8.085791e-16 
 5647.64332914354   8.018614e-16 
 5650.58923172952   8.038965e-16 
 5653.53513431551   8.019675e-16 
 5656.48103690149    8.21569e-16 
 5659.42693948747   8.208373e-16 
 5662.37284207346   7.943144e-16 
 5665.31874465944   7.940362e-16 
 5668.26464724542   8.015911e-16 
 5671.21054983141   8.258663e-16 
 5674.15645241739   8.285482e-16 
 5677.10235500337   7.866342e-16 
 5680.04825758935    7.82184e-16 
 5682.99416017534    7.88315e-16 
 5685.94006276132   7.613153e-16 
 5688.88596534731    7.55614e-16 
 5691.83186793329   7.887617e-16 
 5694.77777051927   7.871296e-16 
 5697.72367310525   7.734731e-16 
 5700.66957569124   7.852383e-16 
 5703.61547827722   7.916363e-16 
 5706.56138086321   7.913137e-16 
 5709.50728344919   8.007972e-16 
 5712.45318603517   8.218414e-16 
 5715.39908862115   8.072895e-16 
 5718.34499120714   7.645626e-16 
 5721.29089379312   7.716863e-16 
  5724.2367963791   8.063504e-16 
 5727.18269896509   8.061732e-16 
 5730.12860155107   8.016623e-16 
 5733.07450413706   8.147883e-16 
 5736.02040672304   8.430314e-16 
 5738.96630930902    8.32691e-16 
   5741.912211895    8.13271e-16 
 5744.85811448099    8.22106e-16 
 5747.80401706697   8.235561e-16 
 5750.74991965295   8.418878e-16 
 5753.69582223894   8.632246e-16 
 5756.64172482492   8.650525e-16 
  5759.5876274109   8.638163e-16 
 5762.53352999689   8.867919e-16 
 5765.47943258287   9.052312e-16 
 5768.42533516885   9.001281e-16 
 5771.37123775484   9.027514e-16 
 5774.31714034082   9.011267e-16 
  5777.2630429268   9.082796e-16 
 5780.20894551279   9.143621e-16 
 5783.15484809877   9.154713e-16 
 5786.10075068475   9.213283e-16 
 5789.04665327074   9.268671e-16 
 5791.99255585672   9.243477e-16 
  5794.9384584427   9.235435e-16 
 5797.88436102869   9.322249e-16 
 5800.83026361467   9.477184e-16 
 5803.77616620065   9.533534e-16 
 5806.72206878664   9.411929e-16 
 5809.66797137262   9.343842e-16 
  5812.6138739586   9.479751e-16 
 5815.55977654459   9.725044e-16 
 5818.50567913057   9.499524e-16 
 5821.45158171655    9.38067e-16 
 5824.39748430254    9.48869e-16 
 5827.34338688852   9.746118e-16 
  5830.2892894745   9.908666e-16 
 5833.23519206049   9.852002e-16 
 5836.18109464647   9.732615e-16 
 5839.12699723245   9.664766e-16 
 5842.07289981844   9.598984e-16 
 5845.01880240442   9.516235e-16 
  5847.9647049904   9.712706e-16 
 5850.91060757639   9.846887e-16 
 5853.85651016237   9.616781e-16 
 5856.80241274835   9.570909e-16 
 5859.74831533434   9.619288e-16 
 5862.69421792032   9.714304e-16 
  5865.6401205063   9.822708e-16 
 5868.58602309229   9.693071e-16 
 5871.53192567827    9.69102e-16 
 5874.47782826425   9.437615e-16 
 5877.42373085024   9.511932e-16 
 5880.36963343622   9.719916e-16 
  5883.3155360222   9.675605e-16 
 5886.26143860819   9.712347e-16 
 5889.20734119417   9.858438e-16 
 5892.15324378015    9.65839e-16 
 5895.09914636614   9.339968e-16 
 5898.04504895212   9.211822e-16 
  5900.9909515381    9.14663e-16 
 5903.93685412409   9.180586e-16 
 5906.88275671007   9.125005e-16 
 5909.82865929605   8.974164e-16 
 5912.77456188204   8.705399e-16 
 5915.72046446802   8.775163e-16 
   5918.666367054   8.848021e-16 
 5921.61226963998    8.61425e-16 
 5924.55817222597   8.421672e-16 
 5927.50407481195   8.550546e-16 
 5930.44997739794   8.823848e-16 
 5933.39587998392   8.922569e-16 
  5936.3417825699   8.890872e-16 
 5939.28768515588   8.771289e-16 
 5942.23358774187   8.589035e-16 
 5945.17949032785    8.43624e-16 
 5948.12539291384   8.466211e-16 
 5951.07129549982   8.560371e-16 
  5954.0171980858   8.635886e-16 
 5956.96310067179   8.851482e-16 
 5959.90900325777    8.98292e-16 
 5962.85490584375   9.073351e-16 
 5965.80080842973   9.201221e-16 
 5968.74671101572   8.997508e-16 
  5971.6926136017   8.624794e-16 
 5974.63851618769   8.764074e-16 
 5977.58441877367    8.79015e-16 
 5980.53032135965   8.813127e-16 
 5983.47622394563   8.979734e-16 
 5986.42212653162    8.83552e-16 
  5989.3680291176   8.626497e-16 
 5992.31393170358   8.587186e-16 
 5995.25983428957   8.657215e-16 
 5998.20573687555   8.796459e-16 
 6001.15163946154   8.896672e-16 
 6004.09754204752   9.022759e-16 
  6007.0434446335   9.241893e-16 
 6009.98934721948   9.003712e-16 
 6012.93524980547   8.640966e-16 
 6015.88115239145   8.771984e-16 
 6018.82705497743   9.035106e-16 
 6021.77295756342   9.031061e-16 
  6024.7188601494   8.827256e-16 
 6027.66476273538   8.612632e-16 
 6030.61066532137   8.552077e-16 
 6033.55656790735   8.631409e-16 
 6036.50247049333   8.705625e-16 
 6039.44837307932   8.642503e-16 
  6042.3942756653   8.680505e-16 
 6045.34017825128   8.593626e-16 
 6048.28608083727   8.472761e-16 
 6051.23198342325   8.409973e-16 
 6054.17788600923   8.614522e-16 
 6057.12378859522   8.590371e-16 
  6060.0696911812   8.313742e-16 
 6063.01559376718   8.375789e-16 
 6065.96149635317   8.751664e-16 
 6068.90739893915   8.745817e-16 
 6071.85330152513   8.464196e-16 
 6074.79920411112   8.167668e-16 
  6077.7451066971   8.055659e-16 
 6080.69100928308   8.149849e-16 
 6083.63691186907   8.076923e-16 
 6086.58281445505   8.099456e-16 
 6089.52871704103   8.173248e-16 
 6092.47461962702   8.027101e-16 
   6095.420522213   7.969654e-16 
 6098.36642479898   7.875532e-16 
 6101.31232738496   7.744865e-16 
 6104.25822997095   7.827788e-16 
 6107.20413255693   7.907121e-16 
 6110.15003514292     7.8402e-16 
  6113.0959377289   7.679365e-16 
 6116.04184031488   7.730508e-16 
 6118.98774290087   8.052894e-16 
 6121.93364548685   8.168642e-16 
 6124.87954807283   8.086992e-16 
 6127.82545065881   7.674525e-16 
  6130.7713532448   7.453779e-16 
 6133.71725583078   7.744441e-16 
 6136.66315841676   8.033956e-16 
 6139.60906100275   7.850725e-16 
 6142.55496358873   7.551663e-16 
 6145.50086617471   7.347422e-16 
  6148.4467687607   7.445621e-16 
 6151.39267134668   7.384553e-16 
 6154.33857393266   7.169011e-16 
 6157.28447651865   7.218622e-16 
 6160.23037910463   7.322677e-16 
 6163.17628169062    7.50301e-16 
  6166.1221842766   7.602652e-16 
 6169.06808686258   7.488253e-16 
 6172.01398944856   7.512432e-16 
 6174.95989203455   7.526445e-16 
 6177.90579462053   7.380758e-16 
 6180.85169720651   7.372431e-16 
  6183.7975997925   7.239623e-16 
 6186.74350237848   7.456744e-16 
 6189.68940496446   7.606906e-16 
 6192.63530755045   7.384975e-16 
 6195.58121013643   7.176823e-16 
 6198.52711272241   7.202359e-16 
  6201.4730153084   7.337069e-16 
 6204.41891789438   7.291587e-16 
 6207.36482048036   7.193551e-16 
 6210.31072306635   7.261687e-16 
 6213.25662565233    7.42659e-16 
 6216.20252823831   7.155096e-16 
  6219.1484308243   6.861582e-16 
 6222.09433341028   7.018429e-16 
 6225.04023599626   7.049058e-16 
 6227.98613858225    6.71247e-16 
 6230.93204116823   6.709207e-16 
 6233.87794375421   6.828142e-16 
  6236.8238463402   6.845183e-16 
 6239.76974892618    6.78612e-16 
 6242.71565151216   6.580368e-16 
 6245.66155409815   6.595063e-16 
 6248.60745668413    6.64849e-16 
 6251.55335927011   6.439868e-16 
  6254.4992618561    6.47195e-16 
 6257.44516444208   6.679891e-16 
 6260.39106702806   6.876855e-16 
 6263.33696961405   6.677467e-16 
 6266.28287220003   6.326454e-16 
 6269.22877478601   6.414865e-16 
 6272.17467737199   6.489365e-16 
 6275.12057995798   6.449889e-16 
 6278.06648254396   6.738615e-16 
 6281.01238512995   6.931019e-16 
 6283.95828771593   6.806191e-16 
 6286.90419030191   6.613621e-16 
 6289.85009288789   6.301362e-16 
 6292.79599547388   5.893634e-16 
 6295.74189805986   5.843953e-16 
 6298.68780064585   6.065813e-16 
 6301.63370323183   6.133083e-16 
 6304.57960581781   6.170159e-16 
 6307.52550840379   6.218878e-16 
 6310.47141098978   5.972045e-16 
 6313.41731357576   5.668062e-16 
 6316.36321616174   5.733993e-16 
 6319.30911874773   5.872647e-16 
 6322.25502133371   5.989387e-16 
 6325.20092391969   5.946348e-16 
 6328.14682650568     5.7106e-16 
 6331.09272909166   5.650683e-16 
 6334.03863167765   5.775262e-16 
 6336.98453426363    5.92546e-16 
 6339.93043684961   5.797526e-16 
 6342.87633943559   5.642896e-16 
 6345.82224202158   5.816893e-16 
 6348.76814460756   5.827406e-16 
 6351.71404719354   5.730296e-16 
 6354.65994977953   5.682473e-16 
 6357.60585236551   5.692269e-16 
 6360.55175495149   5.849296e-16 
 6363.49765753748   5.961086e-16 
 6366.44356012346   5.827814e-16 
 6369.38946270944    5.59103e-16 
 6372.33536529543   5.539655e-16 
 6375.28126788141    5.63948e-16 
 6378.22717046739   5.788213e-16 
 6381.17307305338   5.626762e-16 
 6384.11897563936   5.376252e-16 
 6387.06487822534   5.401234e-16 
 6390.01078081133   5.621766e-16 
 6392.95668339731   5.640788e-16 
 6395.90258598329   5.483525e-16 
 6398.84848856928   5.479746e-16 
 6401.79439115526   5.508326e-16 
 6404.74029374125   5.391443e-16 
 6407.68619632723    5.35031e-16 
 6410.63209891321   5.340934e-16 
 6413.57800149919   5.301534e-16 
 6416.52390408518   5.479864e-16 
 6419.46980667116   5.606867e-16 
 6422.41570925714   5.488211e-16 
 6425.36161184313   5.429864e-16 
 6428.30751442911   5.455792e-16 
  6431.2534170151   5.458123e-16 
 6434.19931960108   5.375751e-16 
 6437.14522218706   5.257547e-16 
 6440.09112477304   5.183763e-16 
 6443.03702735903   5.230914e-16 
 6445.98292994501   5.346454e-16 
 6448.92883253099    5.33562e-16 
 6451.87473511698   5.376221e-16 
 6454.82063770296    5.44304e-16 
 6457.76654028894   5.482516e-16 
 6460.71244287493   5.474373e-16 
 6463.65834546091   5.383223e-16 
 6466.60424804689   5.390895e-16 
 6469.55015063288    5.50597e-16 
 6472.49605321886   5.658966e-16 
 6475.44195580484    5.61383e-16 
 6478.38785839083   5.421972e-16 
 6481.33376097681   5.433766e-16 
 6484.27966356279   5.428054e-16 
 6487.22556614877   5.299503e-16 
 6490.17146873476   5.366604e-16 
 6493.11737132074   5.541194e-16 
 6496.06327390673   5.574183e-16 
 6499.00917649271   5.443119e-16 
 6501.95507907869   5.353855e-16 
 6504.90098166468   5.599884e-16 
 6507.84688425066   6.059922e-16 
 6510.79278683664   6.226599e-16 
 6513.73868942262   6.238849e-16 
 6516.68459200861   6.265275e-16 
 6519.63049459459   6.153464e-16 
 6522.57639718058    6.07436e-16 
 6525.52229976656   5.916939e-16 
 6528.46820235254   5.895608e-16 
 6531.41410493852   5.675667e-16 
 6534.36000752451   5.452933e-16 
 6537.30591011049   5.623261e-16 
 6540.25181269647   5.662671e-16 
 6543.19771528246   5.591049e-16 
 6546.14361786844   5.501672e-16 
 6549.08952045443   5.270901e-16 
 6552.03542304041    5.19106e-16 
 6554.98132562639   5.184681e-16 
 6557.92722821238   5.173202e-16 
 6560.87313079836   5.374118e-16 
 6563.81903338434   5.496355e-16 
 6566.76493597032   5.473109e-16 
 6569.71083855631    5.53419e-16 
 6572.65674114229   5.620311e-16 
 6575.60264372827   5.573952e-16 
 6578.54854631426   5.399647e-16 
 6581.49444890024   5.236951e-16 
 6584.44035148623   5.172411e-16 
 6587.38625407221   5.232208e-16 
 6590.33215665819   5.357987e-16 
 6593.27805924417   5.406057e-16 
 6596.22396183016   5.399075e-16 
 6599.16986441614   5.315816e-16 
 6602.11576700212   5.249507e-16 
 6605.06166958811   5.317856e-16 
 6608.00757217409   5.252839e-16 
 6610.95347476008   5.303693e-16 
 6613.89937734606   5.350716e-16 
 6616.84527993204   5.199144e-16 
 6619.79118251802   5.130987e-16 
 6622.73708510401   5.198313e-16 
 6625.68298768999   5.256566e-16 
 6628.62889027597   5.178559e-16 
 6631.57479286196   5.158162e-16 
 6634.52069544794   5.247541e-16 
 6637.46659803392   5.072727e-16 
 6640.41250061991    5.01209e-16 
 6643.35840320589   5.155966e-16 
 6646.30430579187   5.329075e-16 
 6649.25020837786    5.27689e-16 
 6652.19611096384   4.924425e-16 
 6655.14201354982   4.924969e-16 
 6658.08791613581   5.177787e-16 
 6661.03381872179   5.064695e-16 
 6663.97972130777   4.900317e-16 
 6666.92562389376    4.94216e-16 
 6669.87152647974   4.827044e-16 
 6672.81742906572   4.806886e-16 
 6675.76333165171   4.959254e-16 
 6678.70923423769    4.91248e-16 
 6681.65513682367   5.105478e-16 
 6684.60103940966   5.321726e-16 
 6687.54694199564   5.065579e-16 
 6690.49284458162   4.769466e-16 
 6693.43874716761   4.732157e-16 
 6696.38464975359   4.819131e-16 
 6699.33055233957   4.810363e-16 
 6702.27645492556   4.737304e-16 
 6705.22235751154   4.900331e-16 
 6708.16826009752   5.122844e-16 
 6711.11416268351    5.12574e-16 
 6714.06006526949   5.034135e-16 
 6717.00596785547   5.116356e-16 
 6719.95187044145   5.114072e-16 
 6722.89777302744   4.944617e-16 
 6725.84367561342    5.00376e-16 
 6728.78957819941   5.272556e-16 
 6731.73548078539   5.184893e-16 
 6734.68138337137   5.091588e-16 
 6737.62728595736    5.35987e-16 
 6740.57318854334   5.421283e-16 
 6743.51909112932   5.271294e-16 
  6746.4649937153   5.288999e-16 
 6749.41089630129   5.325986e-16 
 6752.35679888727   5.227909e-16 
 6755.30270147325    5.17644e-16 
 6758.24860405924   5.241377e-16 
 6761.19450664522   5.434826e-16 
 6764.14040923121   5.454568e-16 
 6767.08631181719   5.319709e-16 
 6770.03221440317   5.181591e-16 
 6772.97811698915   5.171605e-16 
 6775.92401957514   5.233513e-16 
 6778.86992216112   5.088339e-16 
  6781.8158247471   4.952087e-16 
 6784.76172733309   5.014509e-16 
 6787.70762991907   5.098902e-16 
 6790.65353250505   5.159009e-16 
 6793.59943509104   5.152298e-16 
 6796.54533767702   5.040324e-16 
   6799.491240263   5.022748e-16 
 6802.43714284899   5.087269e-16 
 6805.38304543497   5.153551e-16 
 6808.32894802095   5.119755e-16 
 6811.27485060694   4.893144e-16 
 6814.22075319292   4.767617e-16 
  6817.1666557789   4.891322e-16 
 6820.11255836489   4.999493e-16 
 6823.05846095087   5.050746e-16 
 6826.00436353685   4.905047e-16 
 6828.95026612284   4.891963e-16 
 6831.89616870882   4.880223e-16 
  6834.8420712948   4.580925e-16 
 6837.78797388079   4.459306e-16 
 6840.73387646677   4.482566e-16 
 6843.67977905275   4.340421e-16 
 6846.62568163874    4.32084e-16 
 6849.57158422472   4.446934e-16 
  6852.5174868107    4.45243e-16 
 6855.46338939669   4.414869e-16 
 6858.40929198267   4.410945e-16 
 6861.35519456865   4.512259e-16 
 6864.30109715464   4.532415e-16 
 6867.24699974062   4.342151e-16 
  6870.1929023266   4.136876e-16 
 6873.13880491259   3.841127e-16 
 6876.08470749857   3.446509e-16 
 6879.03061008455   3.202957e-16 
 6881.97651267054   3.135538e-16 
 6884.92241525652    3.20538e-16 
  6887.8683178425   3.483288e-16 
 6890.81422042849   3.739914e-16 
 6893.76012301447   3.787035e-16 
 6896.70602560045   3.864227e-16 
 6899.65192818644   3.905816e-16 
 6902.59783077242   3.772755e-16 
  6905.5437333584   3.752619e-16 
 6908.48963594438   3.759132e-16 
 6911.43553853037   3.755967e-16 
 6914.38144111635   3.990013e-16 
 6917.32734370233   4.075482e-16 
 6920.27324628832   4.012852e-16 
  6923.2191488743   4.053727e-16 
 6926.16505146029   4.120119e-16 
 6929.11095404627   4.332116e-16 
 6932.05685663225   4.466433e-16 
 6935.00275921823   4.461357e-16 
 6937.94866180422   4.454201e-16 
  6940.8945643902   4.434254e-16 
 6943.84046697618   4.501125e-16 
 6946.78636956217   4.545894e-16 
 6949.73227214815   4.501386e-16 
 6952.67817473414    4.33175e-16 
 6955.62407732012   4.343315e-16 
  6958.5699799061   4.442177e-16 
 6961.51588249208   4.543441e-16 
 6964.46178507807   4.732986e-16 
 6967.40768766405   4.848967e-16 
 6970.35359025003   4.879828e-16 
 6973.29949283602   4.825753e-16 
   6976.245395422   4.974114e-16 
 6979.19129800799   5.323622e-16 
 6982.13720059397    5.52991e-16 
 6985.08310317995   5.572564e-16 
 6988.02900576593   5.450082e-16 
 6990.97490835192   5.406834e-16 
  6993.9208109379   5.412099e-16 
 6996.86671352388   5.178839e-16 
 6999.81261610987   4.957081e-16 
 7002.75851869585    5.10342e-16 
 7005.70442128183   5.271306e-16 
 7008.65032386782   5.186515e-16 
  7011.5962264538   5.154089e-16 
 7014.54212903978   5.275805e-16 
 7017.48803162577   5.324794e-16 
 7020.43393421175   5.213846e-16 
 7023.37983679773   5.228559e-16 
 7026.32573938372    5.41012e-16 
  7029.2716419697   5.349351e-16 
 7032.21754455568   5.238276e-16 
 7035.16344714167   5.229761e-16 
 7038.10934972765   5.224633e-16 
 7041.05525231363   5.302726e-16 
 7044.00115489962   5.451012e-16 
  7046.9470574856   5.685198e-16 
 7049.89296007158   5.793198e-16 
 7052.83886265757   5.609141e-16 
 7055.78476524355   5.527916e-16 
 7058.73066782953   5.710202e-16 
 7061.67657041552   5.979816e-16 
  7064.6224730015   5.986637e-16 
 7067.56837558748   5.733993e-16 
 7070.51427817347   5.658062e-16 
 7073.46018075945   5.783171e-16 
 7076.40608334543   5.760651e-16 
 7079.35198593142   5.741483e-16 
  7082.2978885174   5.776189e-16 
 7085.24379110338   5.700344e-16 
 7088.18969368937   5.771886e-16 
 7091.13559627535   6.009087e-16 
 7094.08149886133   6.055734e-16 
 7097.02740144732   5.935358e-16 
  7099.9733040333   5.836116e-16 
 7102.91920661928   5.673771e-16 
 7105.86510920527   5.582233e-16 
 7108.81101179125   5.670585e-16 
 7111.75691437723   5.611267e-16 
 7114.70281696322   5.399769e-16 
  7117.6487195492   5.354942e-16 
 7120.59462213518   5.545308e-16 
 7123.54052472116   5.779866e-16 
 7126.48642730715   5.795085e-16 
 7129.43232989313   5.586064e-16 
 7132.37823247912   5.563771e-16 
  7135.3241350651   5.510014e-16 
 7138.27003765108    5.36351e-16 
 7141.21594023706   5.384888e-16 
 7144.16184282305    5.31286e-16 
 7147.10774540903   5.171117e-16 
 7150.05364799501   5.136552e-16 
   7152.999550581   5.160065e-16 
 7155.94545316698   5.365714e-16 
 7158.89135575297   5.609971e-16 
 7161.83725833895   5.586151e-16 
 7164.78316092493   5.513545e-16 
 7167.72906351091   5.457026e-16 
  7170.6749660969   5.233528e-16 
 7173.62086868288   4.847975e-16 
 7176.56677126886   4.660256e-16 
 7179.51267385485   4.486082e-16 
 7182.45857644083   4.173684e-16 
 7185.40447902681   4.039549e-16 
  7188.3503816128   4.070124e-16 
 7191.29628419878   4.119017e-16 
 7194.24218678476   4.159544e-16 
 7197.18808937075   4.192097e-16 
 7200.13399195673   4.269051e-16 
 7203.07989454271   4.278997e-16 
  7206.0257971287   4.290384e-16 
 7208.97169971468   4.265269e-16 
 7211.91760230066   4.268303e-16 
 7214.86350488665   4.363796e-16 
 7217.80940747263   4.429833e-16 
 7220.75531005861   4.447116e-16 
  7223.7012126446   4.438163e-16 
 7226.64711523058   4.409106e-16 
 7229.59301781656   4.439531e-16 
 7232.53892040255   4.489314e-16 
 7235.48482298853   4.532177e-16 
 7238.43072557451   4.545931e-16 
  7241.3766281605   4.753847e-16 
 7244.32253074648   5.082044e-16 
 7247.26843333246   5.069346e-16 
 7250.21433591845   4.529218e-16 
 7253.16023850443    4.40031e-16 
 7256.10614109041     4.5912e-16 
  7259.0520436764   4.323775e-16 
 7261.99794626238   4.584989e-16 
 7264.94384884836   8.068254e-16 
 7267.88975143435   1.547448e-15 
 7270.83565402033   2.158789e-15 
 7273.78155660631   2.328374e-15 
  7276.7274591923   2.184707e-15 
 7279.67336177828   1.855672e-15 
 7282.61926436426   1.474394e-15 
 7285.56516695025   1.088617e-15 
 7288.51106953623   7.330118e-16 
 7291.45697212221   5.151662e-16 
  7294.4028747082   4.568414e-16 
 7297.34877729418   4.419891e-16 
 7300.29467988016    4.01829e-16 
 7303.24058246615   3.905371e-16 
 7306.18648505213   4.095561e-16 
 7309.13238763811   4.337662e-16 
  7312.0782902241    4.44152e-16 
 7315.02419281008   4.345141e-16 
 7317.97009539606   4.245695e-16 
 7320.91599798204   4.225325e-16 
 7323.86190056803   4.017268e-16 
 7326.80780315401   3.871147e-16 
 7329.75370573999   4.096266e-16 
 7332.69960832598   4.182906e-16 
 7335.64551091196   3.969613e-16 
 7338.59141349795   3.820743e-16 
 7341.53731608393   3.956401e-16 
 7344.48321866991   4.165795e-16 
 7347.42912125589   4.323043e-16 
 7350.37502384188   4.628895e-16 
 7353.32092642786   4.745635e-16 
 7356.26682901385   4.707291e-16 
 7359.21273159983   4.899183e-16 
 7362.15863418581   4.800256e-16 
 7365.10453677179   4.379009e-16 
 7368.05043935778   4.177826e-16 
 7370.99634194376   3.926136e-16 
 7373.94224452974   3.674074e-16 
 7376.88814711573   3.816806e-16 
 7379.83404970171     3.7856e-16 
  7382.7799522877   3.760498e-16 
 7385.72585487368   4.014825e-16 
 7388.67175745966   4.165983e-16 
 7391.61766004564   4.475208e-16 
 7394.56356263163   4.753452e-16 
 7397.50946521761   4.701096e-16 
 7400.45536780359    4.81588e-16 
 7403.40127038958   4.724954e-16 
 7406.34717297556   4.340836e-16 
 7409.29307556154   4.044278e-16 
 7412.23897814753   3.617845e-16 
 7415.18488073351   3.742549e-16 
 7418.13078331949   4.128312e-16 
 7421.07668590548   4.150609e-16 
 7424.02258849146     4.0638e-16 
 7426.96849107744   4.102106e-16 
 7429.91439366343   4.029208e-16 
 7432.86029624941   4.182778e-16 
 7435.80619883539   4.978579e-16 
 7438.75210142138   5.548707e-16 
 7441.69800400736   5.360903e-16 
 7444.64390659334   5.277392e-16 
 7447.58980917933   5.266402e-16 
 7450.53571176531   5.257449e-16 
 7453.48161435129   5.511308e-16 
 7456.42751693728   5.322779e-16 
 7459.37341952326   4.660904e-16 
 7462.31932210924    4.49471e-16 
 7465.26522469523   4.617016e-16 
 7468.21112728121   4.411637e-16 
 7471.15702986719   4.241562e-16 
 7474.10293245318   4.309606e-16 
 7477.04883503916   4.350462e-16 
 7479.99473762514   4.361527e-16 
 7482.94064021112   4.469312e-16 
 7485.88654279711   4.448516e-16 
 7488.83244538309   4.247456e-16 
 7491.77834796908   4.124086e-16 
 7494.72425055506   4.209804e-16 
 7497.67015314104   4.138909e-16 
 7500.61605572703   3.811073e-16 
 7503.56195831301   3.756974e-16 
 7506.50786089899   3.832678e-16 
 7509.45376348497   3.855121e-16 
 7512.39966607096   4.044794e-16 
 7515.34556865694   4.036434e-16 
 7518.29147124293   3.913816e-16 
 7521.23737382891   3.987625e-16 
 7524.18327641489   4.324111e-16 
 7527.12917900088   4.781694e-16 
 7530.07508158686   4.781245e-16 
 7533.02098417284   4.525654e-16 
 7535.96688675882    4.42612e-16 
 7538.91278934481   4.182439e-16 
 7541.85869193079   3.872868e-16 
 7544.80459451677   3.842051e-16 
 7547.75049710276   3.779235e-16 
 7550.69639968874   3.629784e-16 
 7553.64230227472   3.771752e-16 
 7556.58820486071   4.071916e-16 
 7559.53410744669    4.32877e-16 
 7562.48001003267   4.636936e-16 
 7565.42591261866   4.677836e-16 
 7568.37181520464   4.552006e-16 
 7571.31771779062   4.611382e-16 
 7574.26362037661   4.538712e-16 
 7577.20952296259    4.26416e-16 
 7580.15542554857   3.977953e-16 
 7583.10132813456   3.722462e-16 
 7586.04723072054   3.399657e-16 
 7588.99313330652   3.242408e-16 
 7591.93903589251   3.125502e-16 
 7594.88493847849   2.828469e-16 
 7597.83084106447   2.431522e-16 
 7600.77674365046    2.03248e-16 
 7603.72264623644   1.676737e-16 
 7606.66854882242   1.419302e-16 
 7609.61445140841   1.318886e-16 
 7612.56035399439   1.250643e-16 
 7615.50625658037    1.28904e-16 
 7618.45215916636   1.626126e-16 
 7621.39806175234   1.927856e-16 
 7624.34396433832   1.794164e-16 
 7627.28986692431   1.488514e-16 
 7630.23576951029   1.548169e-16 
 7633.18167209627   1.693854e-16 
 7636.12757468226   1.772398e-16 
 7639.07347726824   1.977025e-16 
 7642.01937985422   2.213348e-16 
 7644.96528244021   2.472141e-16 
 7647.91118502619   2.618638e-16 
 7650.85708761217   2.628104e-16 
 7653.80299019816    2.77835e-16 
 7656.74889278414    2.94214e-16 
 7659.69479537012   2.828564e-16 
 7662.64069795611   2.476928e-16 
 7665.58660054209   2.383372e-16 
 7668.53250312807   2.668786e-16 
 7671.47840571406   2.812448e-16 
 7674.42430830004   2.949539e-16 
 7677.37021088602   3.233328e-16 
 7680.31611347201   3.371849e-16 
 7683.26201605799   3.569551e-16 
 7686.20791864397   3.942952e-16 
 7689.15382122996   4.298694e-16 
 7692.09972381594   4.371122e-16 
 7695.04562640192   4.283979e-16 
 7697.99152898791   4.299809e-16 
 7700.93743157389   4.235184e-16 
 7703.88333415987   3.922045e-16 
 7706.82923674586   3.663375e-16 
 7709.77513933184   3.565744e-16 
 7712.72104191782   3.229575e-16 
 7715.66694450381    2.86705e-16 
 7718.61284708979   3.122539e-16 
 7721.55874967577   3.553228e-16 
 7724.50465226176   3.500601e-16 
 7727.45055484774   3.546997e-16 
 7730.39645743372   3.866569e-16 
 7733.34236001971   3.960964e-16 
 7736.28826260569   3.888447e-16 
 7739.23416519167   3.868659e-16 
 7742.18006777766   4.303199e-16 
 7745.12597036364   4.567517e-16 
 7748.07187294962   4.260912e-16 
  7751.0177755356   4.219067e-16 
 7753.96367812159   4.514959e-16 
 7756.90958070757   4.676058e-16 
 7759.85548329355   4.837296e-16 
 7762.80138587954   5.153125e-16 
 7765.74728846552   5.273915e-16 
  7768.6931910515   4.815729e-16 
 7771.63909363749   3.975017e-16 
 7774.58499622347   3.257925e-16 
 7777.53089880945   2.842886e-16 
 7780.47680139544   2.809957e-16 
 7783.42270398142   3.399265e-16 
 7786.36860656741   4.072395e-16 
 7789.31450915339   4.278291e-16 
 7792.26041173937   4.610234e-16 
 7795.20631432535   5.070403e-16 
 7798.15221691134   5.303847e-16 
 7801.09811949732   5.220901e-16 
  7804.0440220833   4.901864e-16 
 7806.98992466929   4.612913e-16 
 7809.93582725527   4.548321e-16 
 7812.88172984126   4.521663e-16 
 7815.82763242724   4.439007e-16 
 7818.77353501322   4.695819e-16 
  7821.7194375992   4.923164e-16 
 7824.66534018519   4.446556e-16 
 7827.61124277117    3.86981e-16 
 7830.55714535715   3.772773e-16 
 7833.50304794314   3.534208e-16 
 7836.44895052912   3.466877e-16 
  7839.3948531151   4.246653e-16 
 7842.34075570109   4.972614e-16 
 7845.28665828707   5.349631e-16 
 7848.23256087305   5.008771e-16 
 7851.17846345904   4.193192e-16 
 7854.12436604502   4.185542e-16 
   7857.070268631   4.510577e-16 
 7860.01617121699     4.5249e-16 
 7862.96207380297   4.699355e-16 
 7865.90797638895   4.762252e-16 
 7868.85387897493   4.651107e-16 
 7871.79978156092   4.324294e-16 
  7874.7456841469    4.03126e-16 
 7877.69158673289    4.05832e-16 
 7880.63748931887   4.116777e-16 
 7883.58339190485   4.345061e-16 
 7886.52929449084   4.614129e-16 
 7889.47519707682   4.700092e-16 
  7892.4210996628   4.768133e-16 
 7895.36700224878   4.906751e-16 
 7898.31290483477   4.522406e-16 
 7901.25880742075   3.824422e-16 
 7904.20471000674   3.706262e-16 
 7907.15061259272   4.129684e-16 
  7910.0965151787   4.019686e-16 
 7913.04241776468    3.56657e-16 
 7915.98832035067   3.524205e-16 
 7918.93422293665   4.221365e-16 
 7921.88012552263   5.121981e-16 
 7924.82602810862   5.048339e-16 
  7927.7719306946   4.563527e-16 
 7930.71783328059   4.235545e-16 
 7933.66373586657   4.093775e-16 
 7936.60963845255   4.447037e-16 
 7939.55554103853   4.685017e-16 
 7942.50144362452   4.380538e-16 
  7945.4473462105   4.183499e-16 
 7948.39324879648   4.057805e-16 
 7951.33915138247   3.941266e-16 
 7954.28505396845    4.25817e-16 
 7957.23095655443   4.439716e-16 
 7960.17685914042   4.373631e-16 
  7963.1227617264   4.317441e-16 
 7966.06866431238   4.206205e-16 
 7969.01456689837   4.390104e-16 
 7971.96046948435   4.983875e-16 
 7974.90637207033   5.288435e-16 
 7977.85227465632    4.79411e-16 
  7980.7981772423   4.194015e-16 
 7983.74407982828    4.60361e-16 
 7986.68998241427   5.008923e-16 
 7989.63588500025   4.939988e-16 
 7992.58178758624   5.103092e-16 
 7995.52769017222   4.935416e-16 
  7998.4735927582    5.05345e-16 
 8001.41949534418   5.422702e-16 
 8004.36539793017   5.115107e-16 
 8007.31130051615   4.628195e-16 
 8010.25720310213   4.283117e-16 
 8013.20310568812   4.114307e-16 
  8016.1490082741   3.860328e-16 
 8019.09491086008   3.431059e-16 
 8022.04081344607   3.359839e-16 
 8024.98671603205   3.244609e-16 
 8027.93261861803   2.683785e-16 
 8030.87852120402   2.463286e-16 
    8033.82442379   3.095027e-16 
 8036.77032637598   3.923584e-16 
 8039.71622896197   4.344563e-16 
 8042.66213154795   4.716116e-16 
 8045.60803413393    5.09855e-16 
 8048.55393671992   5.394727e-16 
  8051.4998393059   5.678698e-16 
 8054.44574189188   5.761969e-16 
 8057.39164447787   5.799897e-16 
 8060.33754706385   5.778847e-16 
 8063.28344964983   5.553276e-16 
 8066.22935223582    4.92353e-16 
  8069.1752548218   4.096625e-16 
 8072.12115740778   3.569264e-16 
 8075.06705999377   3.281379e-16 
 8078.01296257975   3.189871e-16 
 8080.95886516573   3.148452e-16 
 8083.90476775172   3.094245e-16 
  8086.8506703377   3.310827e-16 
 8089.79657292368   3.750627e-16 
 8092.74247550967   4.108565e-16 
 8095.68837809565   4.378639e-16 
 8098.63428068163   4.642627e-16 
 8101.58018326761   4.760894e-16 
  8104.5260858536   4.728227e-16 
 8107.47198843958   4.666456e-16 
 8110.41789102557   4.552032e-16 
 8113.36379361155   4.303962e-16 
 8116.30969619753   3.950363e-16 
 8119.25559878351   3.525489e-16 
  8122.2015013695   3.225245e-16 
 8125.14740395548     3.2566e-16 
 8128.09330654146   3.403138e-16 
 8131.03920912745   3.431952e-16 
 8133.98511171343   3.357272e-16 
 8136.93101429941   3.138989e-16 
  8139.8769168854   2.932538e-16 
 8142.82281947138   3.002953e-16 
 8145.76872205737    3.18406e-16 
 8148.71462464335   3.228958e-16 
 8151.66052722933   3.131222e-16 
 8154.60642981531    3.17809e-16 
  8157.5523324013   3.460405e-16 
 8160.49823498728   3.694392e-16 
 8163.44413757326   3.675603e-16 
 8166.39004015925   3.493375e-16 
 8169.33594274523   3.382819e-16 
 8172.28184533122   3.441657e-16 
  8175.2277479172    3.36272e-16 
 8178.17365050318   3.088094e-16 
 8181.11955308916   3.159797e-16 
 8184.06545567515   3.544413e-16 
 8187.01135826113   3.578141e-16 
 8189.95726084711   3.373814e-16 
  8192.9031634331   3.240468e-16 
 8195.84906601908   3.178509e-16 
 8198.79496860506   3.367995e-16 
 8201.74087119105   3.692213e-16 
 8204.68677377703   3.705539e-16 
 8207.63267636301   3.709421e-16 
   8210.578578949   3.686799e-16 
 8213.52448153498   3.429365e-16 
 8216.47038412096   3.602946e-16 
 8219.41628670695   3.936981e-16 
 8222.36218929293   4.033206e-16 
 8225.30809187891   4.276901e-16 
  8228.2539944649   4.469585e-16 
 8231.19989705088   4.390004e-16 
 8234.14579963686    4.27591e-16 
 8237.09170222285   4.046818e-16 
 8240.03760480883   3.607707e-16 
 8242.98350739481   3.076652e-16 
  8245.9294099808   2.873396e-16 
 8248.87531256678   2.860156e-16 
 8251.82121515276   2.643872e-16 
 8254.76711773875   2.301356e-16 
 8257.71302032473   2.050055e-16 
 8260.65892291071   2.327109e-16 
  8263.6048254967     3.1481e-16 
 8266.55072808268   3.940097e-16 
 8269.49663066866   4.614108e-16 
 8272.44253325465   6.317702e-16 
 8275.38843584063    8.18623e-16 
 8278.33433842661   9.084404e-16 
  8281.2802410126   9.130033e-16 
 8284.22614359858   8.411691e-16 
 8287.17204618456   7.760352e-16 
 8290.11794877055   6.764953e-16 
 8293.06385135653   5.229397e-16 
 8296.00975394251   3.903275e-16 
  8298.9556565285   2.705876e-16 
 8301.90155911448   1.884816e-16 
 8304.84746170046    1.43775e-16 
 8307.79336428645   1.394463e-16 
 8310.73926687243   1.954599e-16 
 8313.68516945841   2.820303e-16 
 8316.63107204439   4.468946e-16 
 8319.57697463038   7.735881e-16 
 8322.52287721636    1.11893e-15 
 8325.46877980234   1.244794e-15 
 8328.41468238833   1.213365e-15 
 8331.36058497431   1.178972e-15 
 8334.30648756029   1.125421e-15 
 8337.25239014628    9.71589e-16 
 8340.19829273226   7.041895e-16 
 8343.14419531824   4.283692e-16 
 8346.09009790423   2.566459e-16 
 8349.03600049021   1.706514e-16 
 8351.98190307619    1.21335e-16 
 8354.92780566218   1.354469e-16 
 8357.87370824816   2.017729e-16 
 8360.81961083415   2.569919e-16 
 8363.76551342013   3.004583e-16 
 8366.71141600611   3.742262e-16 
 8369.65731859209   4.953862e-16 
 8372.60322117808   6.465645e-16 
 8375.54912376406   6.799376e-16 
 8378.49502635004     5.7695e-16 
 8381.44092893603   4.802064e-16 
 8384.38683152201   3.798873e-16 
 8387.33273410799   2.799217e-16 
 8390.27863669398   2.014087e-16 
 8393.22453927996   1.244746e-16 
 8396.17044186594    6.06129e-17 
 8399.11634445193   6.969058e-17 
 8402.06224703791   1.458363e-16 
 8405.00814962389   2.136092e-16 
 8407.95405220988   2.781043e-16 
 8410.89995479586   3.816959e-16 
 8413.84585738184   4.862892e-16 
 8416.79175996783   5.172859e-16 
 8419.73766255381   4.808171e-16 
 8422.68356513979   4.190885e-16 
 8425.62946772578   3.752261e-16 
 8428.57537031176   3.394525e-16 
 8431.52127289774   2.611789e-16 
 8434.46717548373   1.556878e-16 
 8437.41307806971   8.990685e-17 
 8440.35898065569   9.528403e-17 
 8443.30488324168   1.189772e-16 
 8446.25078582766    1.35997e-16 
 8449.19668841364   1.721713e-16 
 8452.14259099962   2.197366e-16 
 8455.08849358561   2.650488e-16 
 8458.03439617159   2.990333e-16 
 8460.98029875757   3.240222e-16 
 8463.92620134356   3.379907e-16 
 8466.87210392954    3.22987e-16 
 8469.81800651552    2.97503e-16 
 8472.76390910151   2.919864e-16 
 8475.70981168749   2.694614e-16 
 8478.65571427348   2.054011e-16 
 8481.60161685946   1.648712e-16 
 8484.54751944544   1.455263e-16 
 8487.49342203142     1.1667e-16 
 8490.43932461741   1.178998e-16 
 8493.38522720339   1.734131e-16 
 8496.33112978937   2.513726e-16 
 8499.27703237536   2.965319e-16 
 8502.22293496134   3.220552e-16 
 8505.16883754732   3.551012e-16 
 8508.11474013331   3.727599e-16 
 8511.06064271929   3.899699e-16 
 8514.00654530528    4.02599e-16 
 8516.95244789126   3.703162e-16 
 8519.89835047724   3.314865e-16 
 8522.84425306322    3.03822e-16 
 8525.79015564921   2.586119e-16 
 8528.73605823519   2.121265e-16 
 8531.68196082117   1.941418e-16 
 8534.62786340716   1.897495e-16 
 8537.57376599314   1.798759e-16 
 8540.51966857912   1.842452e-16 
 8543.46557116511   2.079842e-16 
 8546.41147375109   2.376308e-16 
 8549.35737633707   2.868564e-16 
 8552.30327892306   3.408867e-16 
 8555.24918150904    3.85361e-16 
 8558.19508409502    4.16126e-16 
 8561.14098668101   4.053432e-16 
 8564.08688926699   3.587069e-16 
 8567.03279185297   3.155634e-16 
 8569.97869443896   2.982175e-16 
 8572.92459702494   2.823716e-16 
 8575.87049961092    2.48503e-16 
 8578.81640219691   1.966005e-16 
 8581.76230478289   1.424775e-16 
 8584.70820736887   1.163022e-16 
 8587.65410995486    1.21981e-16 
 8590.60001254084   1.577421e-16 
 8593.54591512682   2.239635e-16 
 8596.49181771281   3.271485e-16 
 8599.43772029879   4.168374e-16 
 8602.38362288477   4.653625e-16 
 8605.32952547075   4.971164e-16 
 8608.27542805674   5.203611e-16 
 8611.22133064272   5.043251e-16 
 8614.16723322871   4.385224e-16 
 8617.11313581469    3.70774e-16 
 8620.05903840067   3.165401e-16 
 8623.00494098666    2.59219e-16 
 8625.95084357264   1.882055e-16 
 8628.89674615862   1.171743e-16 
 8631.84264874461   6.602111e-17 
 8634.78855133059   4.441877e-17 
 8637.73445391657   5.173798e-17 
 8640.68035650256   8.116164e-17 
 8643.62625908854   1.510568e-16 
 8646.57216167452   2.362656e-16 
 8649.51806426051    2.83713e-16 
 8652.46396684649   3.388629e-16 
 8655.40986943247   3.884184e-16 
 8658.35577201846   3.835047e-16 
 8661.30167460444   3.825522e-16 
 8664.24757719042   3.861751e-16 
 8667.19347977641   3.540299e-16 
 8670.13938236239   3.139178e-16 
 8673.08528494837    2.83396e-16 
 8676.03118753436   2.457992e-16 
 8678.97709012034   1.991518e-16 
 8681.92299270632   1.732607e-16 
 8684.86889529231    1.69681e-16 
 8687.81479787829   1.505383e-16 
 8690.76070046427    1.40972e-16 
 8693.70660305026   1.658796e-16 
 8696.65250563624   1.830768e-16 
 8699.59840822222   1.984122e-16 
  8702.5443108082   2.299573e-16 
 8705.49021339419    2.67987e-16 
 8708.43611598017   3.104799e-16 
 8711.38201856616    3.85006e-16 
 8714.32792115214   4.923928e-16 
 8717.27382373812   5.597571e-16 
 8720.21972632411   5.681662e-16 
 8723.16562891009   5.334308e-16 
 8726.11153149607   4.244116e-16 
 8729.05743408206   2.603436e-16 
 8732.00333666804   9.145522e-17 
 8734.94923925402  -6.755027e-17 
    8737.89514184  -1.834285e-16 
 8740.84104442599  -2.301844e-16 
 8743.78694701197     -2.203e-16 
 8746.73284959795  -1.596621e-16 
 8749.67875218394  -5.601313e-17 
 8752.62465476992   5.103438e-17 
  8755.5705573559   1.377879e-16 
 8758.51645994189   2.074524e-16 
 8761.46236252787   2.529495e-16 
 8764.40826511385   2.735457e-16 
 8767.35416769984   2.654882e-16 
 8770.30007028582   2.460535e-16 
  8773.2459728718   2.063563e-16 
 8776.19187545779   5.187009e-17 
 8779.13777804377  -1.774354e-16 
 8782.08368062975  -4.131468e-16 
 8785.02958321574  -6.539787e-16 
 8787.97548580172  -7.856454e-16 
  8790.9213883877  -7.452598e-16 
 8793.86729097369  -6.156325e-16 
 8796.81319355967  -4.865226e-16 
 8799.75909614565   -3.56328e-16 
 8802.70499873164  -1.998953e-16 
 8805.65090131762  -4.857271e-17 
  8808.5968039036   7.711697e-17 
 8811.54270648959   2.025521e-16 
 8814.48860907557   3.216526e-16 
 8817.43451166155   3.899984e-16 
 8820.38041424754   4.073102e-16 
 8823.32631683352   3.983328e-16 
  8826.2722194195   3.571284e-16 
 8829.21812200549    2.72819e-16 
 8832.16402459147   1.722567e-16 
 8835.10992717745   6.829902e-17 
 8838.05582976344  -3.912209e-17 
 8841.00173234942  -1.338165e-16 
  8843.9476349354  -2.024452e-16 
 8846.89353752139  -2.278697e-16 
 8849.83944010737  -2.155399e-16 
 8852.78534269335  -1.926469e-16 
 8855.73124527934  -1.605187e-16 
 8858.67714786532  -8.564623e-17 
  8861.6230504513   4.258472e-17 
 8864.56895303729     2.0785e-16 
 8867.51485562327   3.586947e-16 
 8870.46075820925   4.636128e-16 
 8873.40666079524   5.222595e-16 
 8876.35256338122   5.454565e-16 
  8879.2984659672   5.296996e-16 
 8882.24436855318   4.323503e-16 
 8885.19027113917    3.03683e-16 
 8888.13617372515   2.055565e-16 
 8891.08207631113   1.159563e-16 
 8894.02797889712   3.579794e-19 
  8896.9738814831  -9.522959e-17 
 8899.91978406909  -1.350485e-16 
 8902.86568665507  -1.678381e-16 
 8905.81158924105  -1.713586e-16 
 8908.75749182704  -1.330905e-16 
 8911.70339441302  -9.227299e-17 
   8914.649296999  -5.408222e-17 
 8917.59519958498  -1.035797e-17 
 8920.54110217097   5.401567e-17 
 8923.48700475695   9.712656e-17 
 8926.43290734294   1.090276e-16 
 8929.37880992892   1.429754e-16 
  8932.3247125149   1.350836e-16 
 8935.27061510089   1.778304e-16 
 8938.21651768687   6.463733e-16 
 8941.16242027285   8.143332e-16 
 8944.10832285884    3.08901e-16 
 8947.05422544482   7.158393e-17 
