# STATUS =
# OBJECT = PTF12dam
# TELESCOPE = Lick-3m
# INSTRUMENT = KAST
# DATE-OBS = 2012-05-21 00:00:00.00
# MJD = 56068.0
# EXPTIME = 0
# AIRMASS = --
# SLIT = 0.0
# DISPERSER = --
# SOURCE = 2018ApJ...855....2Q
# FILTER =
# RESOLUTION =
# FLUX_STANDARD =
# EXTINCTION_CORRECTED = --
# PHOTOMETRY_CALIBRATED =
# TELLURIC_CORRECTED =
# FLUX_UNITS = Other
# WAVE_UNITS = Angstrom
# QUALITY = --
# MIN_WAVE = 3450.748554
# MAX_WAVE = 10237.907373
# COMMENT = Spectrum is the smoothed version. For the unbinned versions check the related files - clipped or raw.  [Data obtained from:R. Quimby] [Prev. spec info - createdby: ofer-UploadSet; modifiedby: ofer-UploadSet]
    Wavelength       Flux      Error 
  3454.1927277  5.7819414   0.317544 
  3457.6482574  5.6677041  0.2516303 
  3461.1035168  5.5834579  0.2223817 
  3464.5701324  5.5415959   0.211645 
  3468.0364777  5.5204134  0.2127752 
  3471.5030933  5.4898734  0.2136658 
  3474.9694385  5.4659634  0.2079236 
  3478.4471399  5.4312577  0.2148828 
   3481.924571  5.3812838   0.215537 
  3485.4133582  5.3410287  0.2090497 
  3488.8907891  5.2221355  0.2087937 
  3492.3793061  5.1539845  0.2146238 
   3495.879179    5.09656  0.2136713 
   3499.367696  5.0700402  0.2066021 
  3502.8675689  5.1118994  0.2067011 
  3506.3782574  5.0866046  0.2127203 
  3509.8778601  4.9595547  0.2128382 
  3513.3888189  4.9181199  0.2062159 
  3516.9105933  4.9580503  0.2056323 
  3520.4212817  4.8720694  0.2048591 
  3523.9430561  4.9498987  0.2091677 
  3527.4651008   4.926147  0.2014187 
  3530.9979609  5.0266061  0.2002313 
   3534.530821  5.1331067  0.1993128 
  3538.0636811  5.0555902  0.2037236 
  3541.5968115  5.0401826  0.1963165 
  3545.1407574   5.110352  0.1949355 
  3548.6847034  5.1971312  0.1933778 
  3552.2397351   5.247674  0.1976979 
  3555.7836811  5.3446698  0.1961303 
  3559.3389832  5.2700863  0.1891654 
  3562.9051008  5.1392617  0.1885133 
  3566.4601324  5.0497909  0.1882135 
  3570.0373359   4.920476  0.1928032 
  3573.6034534  4.8372245  0.1864336 
  3577.1806567  4.7652035  0.1857092 
  3580.7578601   4.710382  0.1848721 
  3584.3350635  4.7846193  0.1838597 
  3587.9233527  4.8137426  0.1820194 
  3591.5116418  4.9093657  0.1803391 
  3595.0999311   4.876883  0.1788277 
  3598.6993061  4.9026241  0.1768882 
  3602.2986811  5.0685229  0.1753121 
  3605.8980561  5.0581937  0.1732482 
  3609.4974311  5.0242996  0.1714382 
  3613.1078918  5.0505714  0.1696073 
  3616.7294385   4.960814  0.1679459 
  3620.3398992  4.9559026  0.1664259 
   3623.961446  4.9879007  0.1600391 
  3627.5829926  4.9843984  0.1628036 
   3631.215625  5.0977802  0.1613832 
  3634.8482574  5.2683339  0.1599012 
  3638.4808899  5.3451414  0.1588332 
  3642.1246082  5.4194489  0.1532779 
  3645.7569702  5.5027151  0.1560475 
  3649.4117742  5.4110985  0.1545413 
  3653.0554926  5.4013119  0.1530397 
  3656.7102966  5.3085594  0.1517229 
  3660.3651008  5.3128991  0.1509949 
  3664.0307202  5.3127379  0.1464695 
  3667.6966101  5.3232718  0.1457395 
     3671.3625  5.3414559  0.1497622 
  3675.0283899   5.309814  0.1520197 
  3678.7050952  5.2828541  0.1541184 
   3682.382071  5.2147322  0.1492762 
  3686.0701324  5.1711392  0.1473907 
  3689.7581939   5.085217  0.1435928 
  3693.4459851  5.0199256  0.1431849 
  3697.1340466  4.9664373   0.139487 
  3700.8331939  5.0003896  0.1360329 
   3704.532071  5.0086164  0.1329237 
   3708.242304  4.9005156  0.1274016 
  3711.9522668  4.8584418  0.1257561 
     3715.6625  4.8717895  0.1239824 
  3719.3727332  4.8111148  0.1257744 
  3723.0937817  4.8087659  0.1245463 
  3726.8151008  4.7649288  0.1235187 
  3730.5472351  4.7534175  0.1193697 
  3734.2796399   4.778111  0.1181372 
  3738.0117742  4.7868781  0.1167808 
  3741.7552649  4.7566729  0.1154397 
  3745.4984851  4.7509794  0.1140044 
  3749.2419758  4.8179469   0.115868 
   3752.985196    4.80481  0.1149546 
  3756.7397723   4.836997   0.111362 
  3760.4940784  4.8619504  0.1104222 
  3764.2594702  4.9033599  0.1096714 
  3768.0251324  4.8752313   0.108822 
  3771.7905242  4.9068837  0.1077695 
  3775.5672723  4.8716373  0.1067291 
  3779.3326641  4.8179421  0.1057541 
  3783.1202277   4.834516  0.1047833 
  3786.8969758  4.8130779   0.104229 
  3790.6845391  4.8539724  0.1032203 
  3794.4831885  4.8883743   0.102262 
  3798.2710223  4.9230108    0.10132 
  3802.0696716  4.9146891  0.1005526 
   3805.868321  4.9318004  0.0996887 
  3809.6780561  4.8405581  0.0988193 
  3813.4880615  4.7407722  0.0980493 
  3817.3088824  4.7117472  0.0972837 
  3821.1186176   4.612844  0.0966259 
  3824.9394385  4.5483122  0.0934848 
  3828.7713452  4.5022922  0.0955608 
  3832.5924365  4.5007143  0.0947537 
  3836.4243433  4.4793921   0.094011 
  3840.2673359  4.4956961  0.0932232 
  3844.1103284  4.4689646  0.0925274 
   3847.953321  4.4957051  0.0917155 
  3851.7963135   4.541925  0.0909099 
  3855.6503918  4.4843683  0.0902458 
  3859.5044702  4.4413815  0.0895931 
  3863.3699048  4.3958716  0.0889185 
  3867.2350689  4.4168682  0.0858722 
  3871.1002332  4.4219971  0.0851038 
  3874.9653973  4.4320273  0.0842538 
  3878.8416473  4.4498014   0.083502 
  3882.7178973  4.5250578  0.0827908 
  3886.6052332  4.5806575  0.0820959 
  3890.4925689  4.5953574   0.083731 
  3894.3799048  4.5812249  0.0829894 
  3898.2780561  4.5565829  0.0823404 
  3902.1764777  4.5356121  0.0816726 
  3906.0748992  4.5291414  0.0811667 
  3909.9844067  4.5178337  0.0807465 
  3913.8939141  4.5276837  0.0802552 
  3917.8145074  4.4795713  0.0797085 
  3921.7240149  4.4649649  0.0793821 
  3925.6446082  4.4433446  0.0791481 
  3929.5760168  4.4001546  0.0769799 
   3933.507696  4.3641248  0.0774192 
   3937.439375  4.3164768  0.0778422 
   3941.371054  4.3112049  0.0825515 
  3945.3138189  4.3260803  0.0902339 
  3949.2563135  4.3669896  0.0837521 
  3953.2101641  4.3357711  0.0889251 
  3957.1640149  4.3247895  0.0981293 
  3961.1286811  4.2719131  0.1047398 
  3965.0825317  4.2151022  0.0982281 
  3969.0474683  4.1883316  0.0875306 
  3973.0232202  4.1146293  0.0787608 
  3976.9881567  4.0501084  0.0892884 
   3980.964179  3.9718544  0.0775914 
  3984.9510168  3.9120057  0.0715295 
   3988.938125  3.8502936  0.0689409 
  3992.9252332  3.7804155  0.0681869 
  3996.9231567  3.7338042  0.0674783 
  4000.9102649  3.7131059  0.0667705 
  4004.9192742  3.7045696  0.0662296 
  4008.9174683  3.7164803  0.0657914 
  4012.9264777  3.7546451  0.0653189 
  4016.9468433  3.7989459  0.0647477 
  4020.9558527   3.869015  0.0644105 
  4024.9762183  3.8976848  0.0640961 
  4029.0073992  3.9518561  0.0636894 
  4033.0388508  3.9393828  0.0634639 
  4037.0700317  3.8970947  0.0630944 
  4041.1125689  3.8926125  0.0629508 
    4045.14375  3.9192321   0.063438 
  4049.1971027  3.9399652  0.0641505 
  4053.2396399  3.9760773  0.0644484 
  4057.2929926  4.0369539  0.0646581 
  4061.3574311  4.1035986  0.0643976 
   4065.411054  4.2015643  0.0633688 
  4069.4865784  4.2071948  0.0646408 
  4073.5510168  4.1943421  0.0666079 
  4077.6268115  4.1574869  0.0658192 
  4081.7023359  4.1688099  0.0651848 
   4085.788946   4.094481  0.0632967 
  4089.8644702  4.0349851  0.0610763 
  4093.9624365  4.0080094  0.0591946 
  4098.0490466  4.0129867  0.0608514 
  4102.1578284  4.0195003  0.0638372 
  4106.2555242  4.0389891  0.0709596 
  4110.3643061  4.0447202  0.0638253 
  4114.4733582  4.0352039  0.0705431 
  4118.5821399  4.0732069  0.0776054 
  4122.7020074   4.030592  0.0816368 
  4126.8329609  4.0386109  0.0732227 
  4130.9528284  3.9820669  0.0644384 
  4135.0837817  4.0111561  0.0595685 
   4139.225821  4.0350018  0.0667743 
  4143.3567742  4.0657663  0.0573314 
  4147.5098992  4.0405331  0.0542584 
  4151.6519385  3.9600813   0.055465 
  4155.8050635   3.938489  0.0564392 
  4159.9581885  3.9260092  0.0567716 
  4164.1223992  3.8662546  0.0561885 
  4168.2866101  3.7694774  0.0545909 
   4172.450821  3.7130411  0.0529217 
  4176.6261176  3.6527405  0.0521578 
  4180.8014141  3.6448362  0.0519077 
  4184.9877966  3.6087508  0.0524958 
  4189.1630933  3.6193588  0.0510799 
  4193.3605615   3.659364  0.0507458 
  4197.5469439  3.6759267  0.0502501 
  4201.7441418  3.6594124  0.0497491 
   4205.952696   3.608134  0.0491232 
    4210.16125   3.557693  0.0484173 
   4214.369804  3.5149717  0.0479006 
  4218.5783582  3.4522922  0.0475889 
  4222.7977277  3.3973031  0.0472231 
  4227.0284534  3.3469465  0.0457529 
  4231.2480933  3.3880787  0.0466733 
  4235.4788189  3.4034729    0.04649 
  4239.7203601  3.4203069  0.0463458 
  4243.9621716  3.4060309  0.0460989 
  4248.2039832  3.3889811  0.0457936 
  4252.4455242  3.4011128  0.0454692 
  4256.6984216   3.397814  0.0452461 
  4260.9624048   3.417964  0.0463001 
  4265.2261176  3.4189746  0.0499256 
  4269.4901008   3.545095  0.0465515 
  4273.7538135  3.6154029  0.0503845 
  4278.0288824  3.6671069  0.0564606 
  4282.3036811  3.6666625  0.0616997 
  4286.5898359  3.6824884  0.0573822 
  4290.8757202  3.6668177  0.0519018 
  4295.1729609  3.6695049  0.0471287 
  4299.4588452  3.6395364  0.0448503 
  4303.7671716  3.6216714  0.0495825 
  4308.0641418  3.6154923  0.0456039 
  4312.3724683  3.6019788  0.0444879 
  4316.6916101  3.5887794   0.043442 
  4321.0110223  3.5669723   0.043034 
  4325.3301641  3.5544028  0.0426448 
  4329.6493061  3.5065565  0.0432657 
   4333.979804  3.4770586  0.0459539 
  4338.3211176  3.4222205  0.0508515 
  4342.6513452  3.4211521  0.0452065 
  4347.0040149   3.405509  0.0495563 
  4351.3453284    3.38129  0.0546626 
  4355.6977277  3.3813162  0.0581113 
  4360.0503973  3.3823051  0.0566597 
  4364.4138824  3.3219593  0.0484987 
  4368.7773676  3.2636943  0.0461275 
  4373.1519385  3.2064724  0.0529398 
  4377.5156939  3.2307334  0.0474141 
  4381.9013508  3.2094541  0.0460565 
  4386.2759216  3.1719837  0.0476559 
  4390.6615784  3.1523957  0.0480958 
   4395.058321  3.1681354   0.047156 
  4399.4550635   3.163388  0.0451665 
  4403.8518061  3.1257269  0.0428801 
  4408.2599048  3.1034575  0.0415831 
  4412.6677332  3.1189046  0.0411027 
  4417.0755615   3.180047  0.0400308 
  4421.4944758  3.1920915  0.0398583 
  4425.9133899  3.2048354  0.0390412 
  4430.3433899  3.2243645  0.0397816 
  4434.7733899  3.2259066   0.039441 
  4439.2033899  3.2277863  0.0390719 
  4443.6444758  3.2169204  0.0388069 
  4448.0855615  3.2333741  0.0378556 
  4452.5377332   3.242203  0.0385529 
  4456.9899048  3.2632174  0.0382688 
  4461.4528918  3.2813737  0.0380755 
  4465.9050635  3.3051548  0.0371071 
  4470.3794067  3.3290341  0.0378209 
    4474.85375  3.3393013   0.037605 
  4479.3280933  3.3623691  0.0374403 
  4483.8024365  3.3715236  0.0366019 
  4488.2875952   3.380383  0.0365414 
  4492.7730242   3.359587  0.0372464 
  4497.2695391  3.3832376  0.0371186 
   4501.766054  3.3845332  0.0363078 
  4506.2625689  3.3578105  0.0363271 
  4510.7698992  3.3283005  0.0372135 
  4515.2885859  3.2593169  0.0372096 
  4519.7961865  3.1782217  0.0364978 
  4524.3256885  3.1361291  0.0365538 
   4528.844375  3.0707221   0.037368 
  4533.3741473  3.0380225  0.0364359 
  4537.9039197  3.0472591  0.0362776 
  4542.4442371  3.0525453   0.036067 
  4546.9850952  3.0547998  0.0365433 
  4551.5373096  3.0690379  0.0355864 
  4556.0889832  3.0294333  0.0353074 
  4560.6406567  3.0010898  0.0352117 
  4565.2036865  2.9807594  0.0354042 
  4569.7667163  2.9618914  0.0354969 
  4574.3405615  2.9230297  0.0354646 
  4578.9144067  2.8930502  0.0360791 
   4583.488252  2.8820844  0.0349712 
  4588.0734534  2.8696177  0.0346405 
  4592.6694702  2.8512318  0.0343869 
  4597.2546716  2.8035944  0.0341987 
  4601.8620447  2.7568715  0.0339503 
  4606.4580615   2.686471  0.0338032 
  4611.0654346  2.6170788  0.0336274 
  4615.6722668  2.5409794  0.0334768 
  4620.2904553   2.491071  0.0333868 
  4624.9091846  2.4458358  0.0324958 
  4629.5381885  2.4082084  0.0330538 
  4634.1677332  2.4066002  0.0328983 
  4638.8080933  2.4189198  0.0327541 
  4643.4376379  2.3994355  0.0324215 
  4648.0888135  2.4211118   0.032181 
  4652.7291736  2.4285724  0.0320174 
  4657.3808899  2.4691174  0.0317436 
  4662.0434216  2.4942005  0.0316559 
  4666.7059534  2.5336623  0.0309446 
  4671.3684851  2.5608723  0.0315923 
   4676.042373  2.5864916  0.0316461 
  4680.7157202  2.6023002  0.0311206 
  4685.4004236  2.5953431  0.0312651 
   4690.085127   2.586009   0.032363 
  4694.7811865  2.5341976    0.03221 
  4699.4767053  2.5179641  0.0324376 
  4704.1727649  2.4656875   0.033349 
  4708.8796399  2.4748399  0.0323415 
  4713.5865149   2.478554  0.0326475 
  4718.3042053  2.5268183  0.0322868 
  4723.0224365  2.5704794  0.0312746 
   4727.740127  2.6329792   0.031697 
  4732.4691736  2.6221161  0.0308875 
  4737.1982202  2.6020601  0.0307719 
   4741.938623  2.5899374  0.0313949 
  4746.6784851  2.5570011  0.0307432 
  4751.4297034  2.5450962  0.0308469 
  4756.1809216  2.5445158  0.0318611 
  4760.9321399   2.568532  0.0317204 
  4765.6941736  2.5810735    0.03218 
  4770.4675635  2.6116064  0.0325346 
  4775.2301379  2.6099856  0.0332104 
  4780.0143433  2.6090953  0.0355168 
  4784.7877332  2.6092412  0.0325808 
  4789.5719385  2.6121974   0.033698 
     4794.3675  2.6396763  0.0359962 
  4799.1630615   2.672636  0.0388143 
   4803.958623  2.6997828  0.0385017 
      4808.765  2.6907423  0.0356449 
   4813.571377  2.6754868  0.0322825 
  4818.3891101  2.6498442  0.0311951 
  4823.2068433  2.6234374  0.0335203 
  4828.0245764  2.6187677  0.0303194 
   4832.853125  2.6020281  0.0297536 
  4837.6930298  2.5807526  0.0298241 
  4842.5215784  2.5730052  0.0297709 
  4847.3722986  2.5682695  0.0294645 
  4852.2122034  2.5343473  0.0286717 
  4857.0629236  2.4922283  0.0291416 
      4861.925  2.4845948  0.0287943 
  4866.7870764  2.5003188  0.0292521 
  4871.6599683  2.5123632  0.0285596 
  4876.5220447  2.5046058  0.0289388 
   4881.405752  2.4939859  0.0286768 
       4886.29  2.4842522  0.0280102 
   4891.174248  2.4660189  0.0284069 
  4896.0579553  2.4434409  0.0277547 
   4900.964375  2.4044578  0.0282321 
  4905.8594385  2.3937786  0.0276739 
  4910.7658582  2.3638666  0.0280927 
  4915.6830933  2.3135493  0.0274918 
  4920.5895129  2.2805753  0.0274687 
  4925.5175635  2.2186518  0.0273183 
  4930.4347986  2.1833789  0.0271832 
  4935.3742053  2.1529746  0.0270156 
  4940.3027966  2.1422439   0.026869 
  4945.2535596   2.128655  0.0272351 
  4950.1929663  2.1197464  0.0265735 
  4955.1431885  2.0890913  0.0268327 
  4960.1047668  2.0830517  0.0261056 
  4965.0555298  2.0681353  0.0264377 
  4970.0279236  2.0596271  0.0258046 
   4974.989502  2.0820978    0.02629 
   4979.973252  2.1255181  0.0258087 
  4984.9461865  2.1682198  0.0263846 
  4989.9299365  2.1973844  0.0260869 
   4994.924502  2.2149696  0.0263275 
  4999.9196082  2.2122507  0.0269269 
  5004.9255298   2.223881  0.0276818 
  5009.9200952  2.2135725  0.0289921 
   5014.937373  2.2104642  0.0289881 
  5019.9541101   2.235347  0.0295704 
  5024.9713879  2.2670259  0.0281226 
  5029.9989404  2.3095531  0.0277501 
  5035.0270337  2.3365726  0.0262877 
  5040.0664832  2.3790567    0.02634 
  5045.1053918   2.409421   0.025546 
  5050.1448413   2.434273  0.0259096 
  5055.1945654  2.4726901  0.0253644 
  5060.2561865  2.4898436  0.0258765 
  5065.3172668  2.5159459  0.0253324 
  5070.3788879   2.541826  0.0258541 
  5075.4507837  2.5546596  0.0259263 
  5080.5232202  2.5764227  0.0259781 
  5085.6070129  2.5999904   0.026123 
  5090.6902649  2.5992036   0.026011 
   5095.784873  2.5897312  0.0269031 
  5100.8789404  2.5897791  0.0267601 
  5105.9849048  2.5649717   0.027957 
  5111.0903284  2.5509398   0.028103 
   5116.195752  2.5260992  0.0291185 
  5121.3125317  2.4818728   0.028613 
   5126.440127  2.4742579  0.0283212 
  5131.5682629  2.4509571  0.0277424 
  5136.6958582   2.430994  0.0271777 
  5141.8348096  2.4164765  0.0275569 
  5146.9732202  2.4043019  0.0266861 
  5152.1229871  2.3918402   0.026963 
  5157.2732947  2.3898876  0.0263852 
   5162.433877  2.3861978  0.0263052 
      5167.595  2.3754683  0.0262367 
  5172.7669385  2.3765154  0.0265943 
  5177.9280615  2.3573368  0.0274616 
  5183.1108154   2.337158  0.0272529 
  5188.2941101  2.3007362  0.0273901 
  5193.4882202   2.276207   0.027195 
  5198.6823303  2.2506742  0.0268912 
  5203.8764404  2.2397935  0.0266496 
  5209.0819067  2.2212172  0.0266413 
   5214.287373  2.2189939   0.026751 
  5219.5036548  2.2138624  0.0267308 
  5224.7199365  2.2136662  0.0268925 
  5229.9470337  2.1966684  0.0265534 
  5235.1854871  2.1732383  0.0272442 
   5240.413125  2.1463933  0.0275436 
  5245.6515784  2.1498649  0.0276389 
  5250.9013879  2.1487272  0.0278294 
  5256.1506567  2.1478145  0.0195236 
  5261.4112817  2.1371479  0.0196437 
  5266.6719067  2.1274948  0.0199332 
  5271.9438879  2.1160433  0.0198517 
  5277.2045129  2.1046805  0.0201335 
  5282.4873096  2.0935073  0.0200705 
  5287.7695654  2.0997567  0.0202101 
  5293.0637183  2.1004372  0.0205389 
  5298.3573303  2.0898466   0.020481 
  5303.6514832  2.0749941   0.020646 
  5308.9564514  2.0734546  0.0205797 
  5314.2614197  2.0657961  0.0209164 
  5319.5772034  2.0721285  0.0210835 
  5324.8929871  2.0657263  0.0215981 
   5330.220127   2.062258  0.0224032 
   5335.558623  2.0624738  0.0236022 
  5340.8965784  2.0427704  0.0217362 
  5346.2345337  2.0317194  0.0221762 
  5351.5730298  2.0187144  0.0227896 
  5356.9331567  2.0091555  0.0232792 
  5362.2824683  2.0025253  0.0244092 
  5367.6425952  1.9913622  0.0251798 
  5373.0140784  1.9832402   0.025727 
  5378.3855615  2.0019224  0.0256848 
  5383.7678601  2.0208285  0.0249586 
  5389.1501587  2.0455489  0.0235844 
  5394.5438135  2.0528176  0.0219306 
  5399.9374683  2.0400603   0.020623 
   5405.331123   2.044827  0.0190676 
  5410.7464087  2.0591595  0.0176539 
  5416.1514197  2.0558398  0.0166851 
  5421.5667053  2.0511327  0.0163826 
  5426.9938879  2.0526252  0.0173515 
  5432.4205298  2.0315123  0.0163506 
  5437.8471716  2.0092089  0.0158653 
  5443.2959851   1.988225  0.0155033 
  5448.7339832  1.9351875  0.0152058 
  5454.1827966  1.9252226  0.0146301 
  5459.6429663  1.9203292  0.0143622 
  5465.0917798  1.9106481  0.0145379 
  5470.5627649    1.89692  0.0146584 
    5476.03375  1.8891246  0.0147673 
  5481.5047351  1.8871772  0.0152793 
  5486.9870764  1.8857723  0.0158841 
  5492.4802332  1.8837842  0.0166819 
  5497.9733899  1.8851902  0.0182988 
  5503.4665466  1.8882672  0.0201874 
  5508.9710596  1.9052448  0.0166876 
  5514.4863879  1.9201161  0.0174766 
  5520.0017163  1.9298942  0.0187558 
  5525.5170447  1.9452816  0.0202075 
  5531.0431885  1.9563844  0.0208926 
   5536.569873  1.9419038  0.0216941 
   5542.107373  1.9001406   0.021774 
  5547.6556885  1.8988055  0.0220405 
  5553.2045447   1.901861  0.0209171 
  5558.7528601  1.9404963  0.0199472 
  5564.3125317  1.9589493  0.0190214 
  5569.8722034  1.9724123  0.0173819 
  5575.4426904  1.9874851  0.0161958 
  5581.0245337  1.9870934  0.0161116 
   5586.606377   1.987784   0.017259 
  5592.1995764  1.9797908  0.0156292 
  5597.7814197  1.9639225  0.0147018 
  5603.3854346  1.9542408    0.01378 
  5608.9889087  1.9610786  0.0129805 
  5614.5929236  1.9498448  0.0122803 
  5620.2082947  1.9453548  0.0118196 
  5625.8339404  1.9464729  0.0114658 
   5631.460127   1.948226  0.0112502 
  5637.0863135  1.9410955  0.0107763 
  5642.7233154   1.933044  0.0103765 
  5648.3716736  1.9273956  0.0100896 
  5654.0200317  1.9236438  0.0099534 
  5659.6683899  1.9189204  0.0101211 
  5665.3275635  1.9146802  0.0103085 
  5670.9980933   1.904833  0.0102503 
   5676.668623  1.8966814  0.0101458 
  5682.3499683  1.8852637  0.0103051 
  5688.0313135  1.8693827  0.0106543 
  5693.7126587  1.8549827   0.011113 
  5699.4167163  1.8393109  0.0116039 
   5705.108877  1.8192486  0.0120727 
  5710.8129346  1.8250195  0.0196606 
  5716.5272668   1.816017  0.0204062 
  5722.2421399  1.8169903  0.0208431 
  5727.9678284  1.8255284  0.0199531 
  5733.6935168  1.8094482  0.0182824 
  5739.4305615    1.79989   0.016679 
  5745.1670654  1.8073121  0.0159067 
  5750.9154663  1.8207639  0.0150607 
  5756.6633264   1.810001  0.0142668 
   5762.422002  1.7786319  0.0137668 
  5768.1812183  1.7788397  0.0134838 
    5773.95125  1.7727962   0.013377 
  5779.7326379  1.7548479  0.0133569 
  5785.5026697  1.7264659  0.0136391 
   5791.294873  1.7167836  0.0143069 
  5797.0870764  1.7290323  0.0150316 
  5802.8792798  1.7357084   0.015353 
  5808.6822986  1.7295218  0.0157141 
  5814.4966736  1.7047912  0.0158929 
  5820.3110486  1.7067769  0.0158746 
  5826.1254236  1.6941909  0.0157927 
  5831.9511548  1.6564707  0.0155048 
  5837.7877014  1.6319594  0.0150196 
   5843.624248  1.6178408  0.0147089 
  5849.4716101  1.6204305  0.0147703 
  5855.3195129  1.6385067  0.0149192 
  5861.1776904  1.6375436  0.0156398 
  5867.0364087  1.6371872  0.0171096 
  5872.9064832  1.6188133  0.0159465 
  5878.7760168  1.6159585  0.0175757 
  5884.6569067  1.5938559  0.0197426 
  5890.5377966  1.5804724  0.0225415 
   5896.429502  1.5519232  0.0228716 
  5902.3325635  1.5633562  0.0227471 
   5908.235625  1.5734572  0.0225732 
  5914.1386865  1.5480447  0.0304272 
  5920.0525635  1.5256578  0.0291054 
  5925.9777966  1.5189242  0.0267486 
  5931.9030298  1.5581392  0.0256166 
  5937.8390784  1.5570877  0.0224814 
  5943.7643115  1.5301863   0.019574 
  5949.7117163    1.51083  0.0179235 
  5955.6699365  1.4939791  0.0176193 
  5961.6173413  1.4833555  0.0173679 
   5967.586377  1.4848027  0.0168629 
  5973.5451379  1.4817652  0.0164814 
  5979.5255298  1.4649962  0.0161577 
  5985.5059216  1.4720918  0.0158239 
  5991.4863135  1.4766179  0.0155222 
  5997.4780615  1.4571533  0.0152388 
   6003.480625  1.4494709  0.0149538 
  6009.4831885  1.4386384   0.014701 
  6015.4971082  1.4355527  0.0144686 
  6021.5104871  1.4336814  0.0142081 
  6027.5357629  1.4340941  0.0139604 
   6033.560498  1.4091011  0.0137059 
  6039.5960486  1.4034189   0.013443 
  6045.6321399  1.4060786  0.0131862 
  6051.6790466  1.3886105  0.0129544 
  6057.7259534  1.3863841  0.0125048 
  6063.7842163  1.3737234  0.0123056 
  6069.8532947  1.3638734  0.0121107 
   6075.922373  1.3530226  0.0119115 
  6082.0022668  1.3533288  0.0117278 
  6088.0827014  1.3471138  0.0115737 
  6094.1739514  1.3405584  0.0114496 
  6100.2652014  1.3387247  0.0113473 
  6106.3672668  1.3259547  0.0112725 
   6112.469873   1.333436  0.0112429 
  6118.5832947  1.3373177  0.0112581 
  6124.6967163  1.3390694  0.0115791 
  6130.8209534   1.346258  0.0118949 
  6136.9565466  1.3705488  0.0123295 
  6143.0921399  1.3875022  0.0126595 
  6149.2385486  1.3791453  0.0127107 
   6155.385498  1.3844429  0.0122731 
  6161.5432629  1.3719451  0.0119516 
  6167.7118433  1.3688895  0.0116776 
  6173.8696082  1.3525844  0.0116437 
  6180.0495447  1.3477859  0.0118242 
  6186.2289404  1.3466063  0.0119482 
  6192.4202332  1.3541406  0.0118682 
  6198.6109851  1.3529121  0.0115416 
  6204.8017371  1.3430275    0.01105 
  6211.0152014  1.3462925  0.0103212 
   6217.228125  1.3421752  0.0101815 
  6223.4410486  1.3177302  0.0100828 
  6229.6653284  1.3044763  0.0100279 
  6235.8896082  1.3104615  0.0100007 
  6242.1247034  1.3164771  0.0099639 
  6248.3711548  1.3147169  0.0098598 
  6254.6170654  1.3098379  0.0097859 
   6260.874873  1.2947536  0.0096399 
  6267.1429553  1.2912334  0.0096613 
  6273.4007629  1.2910094  0.0098592 
  6279.6802014    1.27549  0.0098738 
  6285.9596399  1.2724766  0.0098284 
  6292.2390784  1.2817502  0.0097512 
  6298.5406885  1.2877702  0.0095435 
  6304.8314832  1.2931668  0.0094665 
  6311.1439087  1.2931526  0.0093806 
   6317.456875  1.2927566  0.0095161 
  6323.7698413  1.3021243  0.0100257 
   6330.093623  1.3195003  0.0103195 
  6336.4282202  1.3203422  0.0101704 
  6342.7633582  1.3176521  0.0099053 
  6349.1093115  1.3033278  0.0095077 
  6355.4552649  1.2937196  0.0091397 
  6361.8120337  1.2747976  0.0089449 
  6368.1693433  1.2620919  0.0088283 
  6374.5374683  1.2611722  0.0086977 
  6380.9164087  1.2673393   0.008659 
  6387.2958899  1.2788357  0.0086773 
  6393.6861865  1.2930394  0.0086981 
  6400.0764832  1.2993269   0.008692 
  6406.4775952  1.2978702   0.008608 
   6412.879248  1.2929271  0.0084929 
  6419.3025317  1.2794714  0.0084244 
      6425.715  1.2680014  0.0084123 
  6432.1496399  1.2705743  0.0082961 
  6438.5729236  1.2723967  0.0083487 
  6445.0189197  1.2656727  0.0082749 
   6451.464375   1.249663  0.0081436 
  6457.9098303  1.2257218  0.0078982 
  6464.3666418  1.2069656  0.0079382 
  6470.8348096  1.1896836  0.0078921 
  6477.3024365  1.1749696  0.0078796 
  6483.7814197  1.1625378  0.0077756 
  6490.2712183  1.1676925  0.0077858 
  6496.7610168  1.1753776   0.007898 
  6503.2508154   1.165329  0.0078426 
  6509.7633264  1.1623375  0.0076501 
  6516.2639404  1.1579055  0.0076054 
  6522.7872668  1.1599439  0.0078126 
  6529.3105933  1.1558415  0.0079537 
  6535.8339197  1.1542571  0.0079237 
   6542.378877  1.1518807  0.0078825 
  6548.9135596  1.1567696  0.0078773 
   6555.469873  1.1540664  0.0076596 
  6562.0261865  1.1493948  0.0076242 
     6568.5825  1.1582166  0.0076392 
  6575.1501697  1.1524736  0.0076484 
  6581.7286548  1.1531264  0.0076446 
  6588.3071399  1.1420187  0.0076505 
  6594.8964404  1.1377101  0.0076678 
  6601.4976379  1.1328604  0.0076396 
  6608.0982947  1.1289124  0.0075517 
  6614.6989514   1.122328  0.0074802 
  6621.3217798  1.1269234  0.0074325 
  6627.9446082  1.1258506  0.0073718 
  6634.5674365  1.1168293  0.0073372 
  6641.2010803   1.114603  0.0071803 
  6647.8460803  1.1067657  0.0072378 
  6654.4910803  1.1031836  0.0071757 
  6661.1474365  1.0934186   0.007013 
  6667.8146082  1.0921359  0.0070633 
  6674.4817798  1.0909369   0.007008 
  6681.1597668  1.0932938   0.006885 
  6687.8382947  1.0928704  0.0069691 
  6694.5276379  1.0871404  0.0069784 
  6701.2164404  1.0847728   0.006887 
  6707.9171399  1.0745161  0.0070196 
  6714.6286548  1.0678948  0.0069214 
  6721.3401697  1.0497354  0.0069394 
     6728.0625  1.0396453  0.0071146 
  6734.7961865  1.0314144  0.0070781 
   6741.529873  1.0258152  0.0071059 
   6748.274375  1.0157732  0.0070768 
   6755.018877  1.0090581   0.006997 
  6761.7747351  0.9976732  0.0069066 
  6768.5305933   0.994912  0.0068273 
   6775.308623  0.9891345  0.0067729 
  6782.0861121  0.9782621  0.0068164 
  6788.8641418  0.9736456  0.0066805 
  6795.6529871  0.9692027  0.0066129 
  6802.4531885  0.9676223  0.0066292 
  6809.2533899  0.9664627   0.006643 
  6816.0644067   0.970005  0.0065574 
  6822.8754236  0.9654174  0.0066391 
  6829.6977966  0.9584367  0.0066057 
  6836.5309851  0.9489492  0.0065462 
  6843.3641736  0.9561462  0.0065401 
  6850.2087183  0.9587306  0.0066079 
  6857.0640784  0.9605204  0.0068993 
  6863.9194385    0.96507  0.0069503 
  6870.7861548  0.9807453  0.0070368 
  6877.6523303  0.9911222  0.0068624 
  6884.5298621  0.9904004  0.0070511 
    6891.41875  0.9744372   0.007263 
  6898.3076379  0.9577168  0.0074057 
  6905.2073413  0.9555318  0.0076142 
  6912.1178601  0.9556684  0.0074006 
  6919.0175635  0.9494943  0.0072832 
  6925.9394385  0.9446095  0.0070806 
  6932.8726697  0.9430686   0.007165 
  6939.8053601  0.9411513  0.0073295 
  6946.7494067  0.9384993   0.007927 
  6953.6934534  0.9277344   0.007179 
  6960.6483154  0.9175125  0.0077206 
  6967.6037183  0.9076032  0.0084595 
  6974.5699365   0.909601  0.0089708 
  6981.5469702  0.9075948  0.0085369 
  6988.5353601   0.890232  0.0077511 
    6995.52375  0.8709285  0.0071677 
  7002.5121399  0.8595593  0.0070303 
  7009.5227014  0.8544507  0.0071789 
  7016.5332629  0.8602437  0.0067039 
  7023.5432837  0.8753763  0.0064994 
  7030.5652014  0.8859039  0.0064234 
  7037.5979346  0.9022198   0.006347 
  7044.6414832  0.9233714  0.0063297 
  7051.6850317  0.9434705  0.0063374 
  7058.7285803  0.9484836  0.0062798 
  7065.7948413  0.9538584  0.0064413 
  7072.8605615  0.9646533  0.0064175 
  7079.9376379  0.9645797  0.0065577 
  7087.0141736  0.9690199  0.0064942 
  7094.1020654  0.9661191  0.0066315 
  7101.2013135  0.9639248  0.0065648 
  7108.2892053  0.9758406   0.006672 
  7115.3998096  0.9895009  0.0065684 
  7122.5206885  0.9944789  0.0065272 
  7129.6421082  0.9982109  0.0064824 
  7136.7743433  1.0031153   0.006458 
  7143.9065784  0.9977524  0.0065357 
  7151.0609851  0.9925939   0.006473 
  7158.2045764   0.977862  0.0066116 
  7165.3589832  0.9699198  0.0065575 
  7172.5355615  0.9735383  0.0065818 
  7179.7007837  0.9816609  0.0065903 
  7186.8773621  0.9861404  0.0066357 
  7194.0652966  0.9922817  0.0067364 
  7201.2640466  0.9995616  0.0067946 
  7208.4627966  0.9994515  0.0069024 
  7215.6723621  0.9921128  0.0069041 
  7222.8932837  0.9865876  0.0073697 
  7230.1142053  0.9846843  0.0081913 
  7237.3464832   0.990544  0.0080615 
  7244.5782202  0.9886383  0.0094109 
  7251.8213135  0.9854478  0.0097399 
  7259.0757629  0.9835505  0.0122449 
  7266.3404871  0.9905283  0.0173466 
   7273.605752  0.9694835   0.017842 
   7280.882373  0.9685005  0.0139205 
  7288.1584534  0.9740828  0.0162651 
  7295.4458899  0.9693066  0.0130926 
  7302.7441418  0.9713082  0.0115118 
    7310.05375  0.9767746  0.0110509 
  7317.3633582  0.9698685  0.0099477 
  7324.6729663  0.9642955  0.0086529 
  7332.0042053  0.9554705  0.0082599 
  7339.3359851  0.9513134  0.0082422 
  7346.6785803  0.9501889  0.0080533 
  7354.0217163  0.9476783  0.0080338 
   7361.375127  0.9401114  0.0080491 
  7368.7404346  0.9394076  0.0080013 
  7376.1052014  0.9557592  0.0078323 
  7383.4807837   0.950175  0.0077749 
  7390.8682629  0.9468287  0.0076989 
  7398.2552014  0.9232053  0.0075351 
  7405.6529553  0.9256223  0.0073868 
  7413.0620654  0.9105771   0.007165 
  7420.4717163   0.901282  0.0071364 
  7427.8916418  0.8881505  0.0070839 
  7435.3229236  0.8765883  0.0070701 
  7442.7542053  0.8728189  0.0068875 
  7450.2076587  0.8686081  0.0067809 
  7457.6502966  0.8618958  0.0068444 
  7465.1145654  0.8535094  0.0069019 
   7472.579375  0.8539559  0.0071174 
      7480.055  0.8515799  0.0070612 
   7487.530625  0.8430285  0.0069351 
  7495.0170654     0.8472  0.0067926 
  7502.5148621  0.8358808  0.0068952 
  7510.0126587  0.8333676  0.0069538 
   7517.532627  0.8321661  0.0068075 
  7525.0417798  0.8282248  0.0066804 
  7532.5725635  0.8256391  0.0065261 
  7540.1038879  0.8188996  0.0066466 
  7547.6454871  0.8187051  0.0067351 
  7555.1989832  0.8164747   0.006879 
  7562.7519385  0.8272859   0.006866 
    7570.31625  0.8201136  0.0067492 
  7577.8805615   0.814719  0.0065739 
  7585.4556885  0.8154469  0.0065234 
  7593.0421716  0.8025208  0.0067691 
  7600.6394702  0.7867911  0.0069825 
  7608.2373096  0.7711078  0.0071338 
  7615.8454236  0.7644882  0.0075014 
  7623.4654346  0.7555953  0.0082689 
  7631.0849048  0.7725855  0.0091176 
  7638.7265466   0.771798   0.009881 
   7646.357373  0.7776701  0.0100417 
  7654.0098303  0.7761278  0.0096233 
  7661.6628284   0.763468  0.0092486 
  7669.3158264  0.7429055  0.0088743 
  7676.9904553  0.7288951  0.0083201 
   7684.665625  0.7425978   0.007766 
  7692.3516101  0.7451508  0.0073556 
  7700.0489514   0.755177  0.0070444 
   7707.745752  0.7540694  0.0068611 
  7715.4539087  0.7524255  0.0067916 
  7723.1734216  0.7429462  0.0069927 
  7730.8929346  0.7418415  0.0074687 
  7738.6232629  0.7310066  0.0077824 
  7746.3644067   0.720552  0.0081235 
  7754.1169067  0.7298803  0.0080347 
  7761.8694067  0.7330831  0.0081799 
  7769.6219067  0.7423728  0.0086718 
  7777.3965784  0.7503206  0.0081093 
  7785.1820654  0.7569398  0.0091241 
  7792.9567371   0.767433   0.010267 
  7800.7535803  0.8014061  0.0113258 
  7808.5617798  0.8126448   0.010443 
   7816.358623  0.8156259  0.0100092 
  7824.1776379  0.8116339  0.0096883 
  7832.0074683  0.7914529  0.0099772 
  7839.8372986  0.7739239  0.0105293 
  7847.6784851  0.7699148  0.0094942 
  7855.5304871  0.7584165  0.0087485 
  7863.3830298  0.7652152  0.0082021 
  7871.2463879  0.7773321  0.0081236 
  7879.1205615  0.7776147  0.0083096 
  7886.9947351  0.7846211  0.0085115 
  7894.8802649  0.7757128  0.0086927 
  7902.7766101  0.7677479  0.0086236 
  7910.6843115   0.758476   0.008524 
  7918.5920129  0.7557393   0.008365 
  7926.5105298  0.7442199   0.008456 
  7934.4398621  0.7488176   0.008567 
  7942.3697351  0.7481562  0.0087569 
  7950.3217798  0.7436373  0.0086969 
  7958.2732837  0.7385613  0.0085254 
  7966.2253284   0.740329  0.0079986 
  7974.1881885  0.7410423  0.0076727 
  7982.1732202   0.745084  0.0078328 
  7990.1474365  0.7413681  0.0080755 
  7998.1432837  0.7233194   0.008151 
  8006.1396716  0.7211601  0.0083152 
   8014.146875  0.7203725  0.0083526 
  8022.1654346  0.7300837  0.0082457 
  8030.1834534  0.7439274   0.008041 
  8038.2128284  0.7571855  0.0079612 
  8046.2535596  0.7602049  0.0078543 
  8054.3045654   0.744258   0.007772 
  8062.3561121  0.7156418  0.0076833 
  8070.4190149  0.6962426  0.0074238 
  8078.4927332  0.6927758  0.0072107 
  8086.5664514  0.7117212   0.007104 
  8094.6509851  0.7201948  0.0070627 
   8102.746875  0.7316036   0.006909 
  8110.8535803  0.7365472  0.0067723 
  8118.9608264  0.7481619  0.0067678 
  8127.0788879  0.7336072   0.006904 
  8135.2077649  0.7210547  0.0070392 
   8143.347998  0.6984897  0.0070646 
  8151.4876904  0.6865705  0.0074982 
  8159.6392798  0.6629494  0.0071077 
  8167.8016846  0.6436386   0.007493 
  8175.9749048  0.6348242  0.0083039 
   8184.148125  0.6365688  0.0092548 
  8192.3327014  0.6722772  0.0103646 
  8200.5167371  0.6859102  0.0110824 
  8208.7234851  0.6970456   0.011737 
  8216.9302332  0.6664849  0.0121892 
  8225.1477966  0.5919574  0.0143505 
  8233.3767163  0.5886617  0.0123895 
  8241.6050952  0.5784997  0.0109405 
  8249.8448303    0.57446  0.0095237 
  8258.0959216  0.5717242  0.0084172 
  8266.3578284  0.5699922  0.0077921 
  8274.6310913  0.5534796  0.0073852 
  8282.9038135  0.5435112  0.0071361 
  8291.1878918  0.5372923  0.0071271 
  8299.4719702  0.5385594  0.0074441 
  8307.7782202  0.5392566  0.0080936 
  8316.0844702  0.5380852  0.0087591 
  8324.4020764  0.5306512  0.0090494 
   8332.730498  0.5310285  0.0090244 
  8341.0589197  0.5405133  0.0085452 
  8349.3981567  0.5498918  0.0077138 
    8357.74875  0.5552495  0.0075316 
  8366.1101587   0.559035   0.007998 
  8374.4721082  0.5650334  0.0085833 
   8382.844873   0.551689  0.0087362 
  8391.2284534  0.5525188  0.0087478 
  8399.6233899  0.5486602  0.0082546 
  8408.0183264  0.5566514  0.0078365 
  8416.4354346  0.5680104  0.0083373 
   8424.852002  0.5867541  0.0086596 
  8433.2804663  0.5865778  0.0087108 
  8441.7083899  0.5788715  0.0089331 
  8450.1476697  0.5671279  0.0089558 
  8458.5977649  0.5570943  0.0089662 
  8467.0592163  0.5542079  0.0086281 
  8475.5314832  0.5458303  0.0084605 
    8484.00375  0.5557025  0.0082111 
   8492.487373  0.5586336  0.0081629 
  8500.9818115  0.5727879  0.0080733 
    8509.47625  0.5758119  0.0075285 
  8517.9928601  0.5767675   0.007329 
  8526.5094702  0.5670965  0.0073239 
  8535.0374365  0.5622728  0.0075356 
  8543.5762183  0.5399238  0.0072682 
      8552.115  0.5550796  0.0069319 
  8560.6759534  0.5681748  0.0067767 
  8569.2260913  0.5771704  0.0067771 
  8577.7978601  0.5706231  0.0068441 
  8586.3809851  0.5719448  0.0067599 
  8594.9641101  0.5777185  0.0066467 
  8603.5585913  0.5739154  0.0065847 
  8612.1638879  0.5762265  0.0066838 
       8620.78   0.577832  0.0068394 
  8629.3961121  0.6031192  0.0069867 
  8638.0235803  0.6070391  0.0073114 
  8646.6624048  0.6075373  0.0079009 
  8655.3120447  0.5774835  0.0089015 
  8663.9616846  0.5658741  0.0097121 
  8672.6329553  0.5643733  0.0103366 
  8681.3047668  0.5367823  0.0104247 
  8689.9879346  0.5318015  0.0104984 
   8698.681377  0.5332676   0.009946 
  8707.3753601    0.51785  0.0092649 
  8716.0801587  0.5037371   0.008544 
  8724.8076697  0.5094225  0.0077122 
  8733.5232837  0.5235851  0.0072821 
  8742.2616101  0.5567812  0.0070574 
  8750.9999365  0.5900322  0.0069298 
  8759.7604346  0.5984063  0.0068999 
  8768.5203918  0.6021133  0.0070705 
  8777.2808899  0.5901303   0.007567 
  8786.0635596  0.5668387   0.008554 
  8794.8456885  0.5395979  0.0095896 
  8803.6391736  0.5199642  0.0103647 
  8812.4440149  0.5331101  0.0105511 
  8821.2596716  0.5326539  0.0100697 
  8830.0753284  0.5379623  0.0087423 
  8838.9131567  0.5338348  0.0085469 
  8847.7509851  0.5240258   0.009156 
  8856.6001697  0.4911343  0.0102454 
  8865.4601697  0.4661621  0.0106879 
  8874.3201697  0.4713239  0.0107673 
  8883.2023413  0.4807396  0.0103858 
  8892.0845129  0.5118261  0.0097595 
  8900.9666846  0.5135257  0.0103435 
  8909.8704871  0.5236925  0.0107593 
  8918.7861865  0.5478371   0.011075 
  8927.7013452  0.5509935     0.0112 
  8936.6392163  0.5411668  0.0114693 
  8945.5651904  0.5314837  0.0115561 
   8954.513877  0.5262393   0.011264 
  8963.4739197  0.4983885  0.0110223 
  8972.4334216  0.4756555  0.0110017 
  8981.4042798  0.4573243  0.0111814 
  8990.3859534  0.4501301  0.0113304 
  8999.3789832  0.4544708  0.0111226 
  9008.3828284  0.4657462  0.0107548 
  9017.3866736  0.4836648  0.0108295 
   9026.401875  0.4850959  0.0109083 
   9035.439248  0.5049314  0.0108844 
  9044.4652649  0.5071428  0.0102172 
  9053.5134534  0.4995998  0.0094052 
   9062.572998  0.4988379  0.0092116 
   9071.632002  0.5035732  0.0093609 
  9080.7029028  0.4811639  0.0095578 
  9089.7846192  0.4770585   0.009565 
  9098.8771509  0.4683875  0.0092881 
   9107.980498  0.4478482  0.0092487 
  9117.0838452  0.4463226  0.0092012 
  9126.1990894  0.4455866  0.0093661 
  9135.3240674  0.4555643  0.0091985 
  9144.4609424  0.4582697  0.0091878 
  9153.6097144  0.4586437  0.0090216 
  9162.7574048  0.4404135  0.0089515 
  9171.9278076   0.436207  0.0091999 
  9181.0971289  0.4378271  0.0093592 
  9190.2783472  0.4394342  0.0094646 
  9199.4703808  0.4397856  0.0095761 
  9208.6743115  0.4524888  0.0094976 
  9217.8771606  0.4522049  0.0092301 
  9227.0919067  0.4532425  0.0091092 
  9236.3282837  0.4443457  0.0092163 
  9245.5538452  0.4496884  0.0093141 
  9254.8021192  0.4356577  0.0094138 
   9264.060127  0.4547109  0.0095442 
  9273.3300317  0.4593537   0.010129 
  9282.5999365  0.4681431  0.0096042 
  9291.8806567  0.4667372  0.0098322 
  9301.1721924  0.4661565  0.0109166 
   9310.475625  0.4709498   0.012222 
   9319.789873  0.4731416   0.017004 
  9329.1041211  0.4842978  0.0193089 
       9338.44  0.4604973  0.0211731 
  9347.7758789  0.5186852   0.022982 
  9357.1236548  0.5113439  0.0308284 
  9366.4822461  0.5560309  0.0285013 
  9375.8516528  0.5637408  0.0238997 
   9385.231875   0.654195  0.0232095 
  9394.6120972  0.6545521  0.0236471 
  9404.0042163   0.613771  0.0234792 
  9413.4071509  0.5637254  0.0227749 
  9422.8209009  0.4761355  0.0211475 
  9432.2454663  0.4473166  0.0199901 
  9441.6808472  0.3824168  0.0196983 
   9451.128125  0.3479355  0.0228567 
  9460.5754028  0.3681724  0.0240209 
  9470.0334961  0.4193659  0.0250505 
  9479.5024048  0.4916651  0.0267974 
  9488.9821289  0.4533271  0.0268382 
    9498.47375   0.478585  0.0264408 
  9507.9761865  0.4854108   0.025462 
   9517.478623  0.5520169  0.0241256 
  9527.0026904  0.4708129  0.0225232 
  9536.5278394  0.4320258  0.0218403 
  9546.0627222  0.4274076  0.0211185 
   9555.609502  0.4266374  0.0209994 
  9565.1670972  0.3977298  0.0205146 
  9574.7365894  0.3765522  0.0218263 
      9584.305  0.4124536  0.0219426 
   9593.896123  0.4627178   0.021937 
  9603.4872461  0.5162928  0.0211629 
  9613.0891846  0.4695252    0.01971 
  9622.7019385  0.4554742  0.0187663 
  9632.3265894  0.4706908  0.0185112 
  9641.9609741  0.4492051  0.0184591 
  9651.5964404  0.4293835  0.0183726 
  9661.2546192  0.4215029  0.0178701 
  9670.9225317  0.4271998  0.0176341 
  9680.5796289  0.4174007  0.0178715 
  9690.2702539  0.3855553  0.0182231 
  9699.9608789  0.3519044  0.0191976 
  9709.6634009  0.3336542  0.0196843 
  9719.3756567  0.3379962  0.0204277 
  9729.0889942  0.3373989  0.0209978 
  9738.8228808  0.3512421  0.0217389 
  9748.5578491  0.3386048  0.0215924 
  9758.3047144  0.3128704  0.0213134 
  9768.0613135  0.2819278  0.0207563 
   9777.840625  0.3083685    0.01984 
  9787.6091211  0.3428088  0.0187424 
   9797.399248  0.3441304  0.0190872 
  9807.2001904  0.3916734  0.0201388 
  9817.0130298  0.4228467  0.0214113 
  9826.8258692  0.4647805   0.022777 
  9836.6484424  0.4557945  0.0229256 
  9846.4839942  0.4015669  0.0222593 
  9856.3400952  0.3717203  0.0217632 
  9866.1853808  0.3919487   0.021932 
  9876.0533789   0.406615  0.0230477 
  9885.9321924   0.421807  0.0246021 
  9895.8229028  0.4095359  0.0264285 
  9905.7233472  0.3515739  0.0273622 
   9915.624873  0.3701664  0.0286841 
  9925.5372144  0.3565341  0.0294922 
  9935.4711865  0.3496455  0.0296724 
  9945.4051587  0.4074051   0.031818 
  9955.3510278  0.4189954  0.0334681 
  9965.3066308  0.5217903  0.0360567 
  9975.2741308  0.6240461  0.0383637 
  9985.2416308   0.566465  0.0427436 
  9995.2318433  0.5607135   0.039902 
 10005.2328711  0.5883836  0.0376079 
 10015.2328174  0.5786948  0.0388292 
 10025.2446606   0.520321  0.0421135 
 10035.2792163   0.461413  0.0465049 
 10045.3126904  0.2754902  0.0458019 
 10055.3580615  0.2053095  0.0436279 
  10065.414248  0.2488479  0.0410505 
   10075.48125  0.2151991  0.0449692 
 10085.5590674  0.2695467  0.0442464 
 10095.6379663  0.3147189  0.0462721 
 10105.7384961  0.3588976   0.047548 
 10115.8390259  0.3563126    0.04935 
 10125.9611865  0.4026329  0.0508515 
 10136.0833472  0.4187433   0.052303 
 10146.2174048  0.5084473  0.0543141 
 10156.3730933  0.6319459  0.0564897 
 10166.5287817  0.6320366  0.0587926 
 10176.6952856  0.6476767   0.061568 
 10186.8736865  0.5610187  0.0651513 
 10197.0629028  0.5292483  0.0712432 
 10207.2521192  0.4314292  0.0781364 
 10217.4629663  0.3987372  0.0935047 
 10227.6738135  0.5285001    0.12309 
  10237.907373  0.8136133  0.2319939 
