# STATUS =
# OBJECT = LSQ14an
# TELESCOPE = ESO-NTT
# INSTRUMENT = EFOSC2-NTT
# DATE-OBS = 2014-01-30 06:57:53.00
# MJD = 56687.29019680014
# EXPTIME = 1800
# AIRMASS = 1.117
# SLIT = 1.0
# DISPERSER = OG530
# SOURCE = --
# FILTER =
# RESOLUTION =
# FLUX_STANDARD =
# EXTINCTION_CORRECTED = --
# PHOTOMETRY_CALIBRATED =
# TELLURIC_CORRECTED =
# FLUX_UNITS = Other
# WAVE_UNITS = Angstrom
# QUALITY = Low
# MIN_WAVE = 6011.1796875
# MAX_WAVE = 10331.9453125
# COMMENT = [Data obtained from:Francesco Taddia] [Prev. spec info - createdby: ofer-UploadSet; modifiedby: ofer-UploadSet]
    Wavelength          Flux 
 6015.39918518   7.88047e-17 
 6019.61868286   8.55995e-17 
 6023.83818054   7.97809e-17 
 6028.05767822    8.2678e-17 
  6032.2771759   9.48632e-17 
 6036.49667358   8.36459e-17 
 6040.71617126   8.84038e-17 
 6044.93566895   8.57431e-17 
 6049.15516663   8.39704e-17 
 6053.37466431   8.51957e-17 
 6057.59416199   8.89213e-17 
 6061.81365967   9.06728e-17 
 6066.03315735   9.18309e-17 
 6070.25265503    9.6798e-17 
 6074.47215271   9.28629e-17 
 6078.69165039   1.02169e-16 
 6082.91114807    9.3624e-17 
 6087.13064575   9.60911e-17 
 6091.35014343   8.33461e-17 
 6095.56964111   9.98374e-17 
 6099.78913879   9.35524e-17 
 6104.00863647   9.06646e-17 
 6108.22813416   9.55637e-17 
 6112.44763184   8.91784e-17 
 6116.66712952   9.96048e-17 
  6120.8866272   9.37209e-17 
 6125.10612488   8.64789e-17 
 6129.32562256   8.84296e-17 
 6133.54512024   9.60613e-17 
 6137.76461792   8.98784e-17 
  6141.9841156   9.59798e-17 
 6146.20361328   9.70965e-17 
 6150.42311096   8.88559e-17 
 6154.64260864   8.99523e-17 
 6158.86210632   8.68265e-17 
   6163.081604   8.53206e-17 
 6167.30110168   8.93259e-17 
 6171.52059937   8.76233e-17 
 6175.74009705   8.43735e-17 
 6179.95959473   8.53136e-17 
 6184.17909241   8.79128e-17 
 6188.39859009   8.23789e-17 
 6192.61808777   8.65478e-17 
 6196.83758545   8.68584e-17 
 6201.05708313   8.35395e-17 
 6205.27658081   8.61358e-17 
 6209.49607849   8.74508e-17 
 6213.71557617   9.00876e-17 
 6217.93507385   7.84097e-17 
 6222.15457153   8.31398e-17 
 6226.37406921   8.25623e-17 
 6230.59356689    8.2382e-17 
 6234.81306458   8.25286e-17 
 6239.03256226   7.73408e-17 
 6243.25205994   7.82775e-17 
 6247.47155762   9.00979e-17 
  6251.6910553    5.6289e-17 
 6255.91055298   6.81443e-17 
 6260.13005066   7.43362e-17 
 6264.34954834   8.37154e-17 
 6268.56904602   8.32022e-17 
  6272.7885437   7.43031e-17 
 6277.00804138   7.26396e-17 
 6281.22753906   7.23054e-17 
 6285.44703674   7.50209e-17 
 6289.66653442   7.53165e-17 
  6293.8860321    7.4326e-17 
 6298.10552979   6.41126e-17 
 6302.32502747   6.31544e-17 
 6306.54452515     7.272e-17 
 6310.76402283   8.22791e-17 
 6314.98352051   7.67077e-17 
 6319.20301819   7.65104e-17 
 6323.42251587   7.33942e-17 
 6327.64201355   7.35933e-17 
 6331.86151123   7.69962e-17 
 6336.08100891   7.75331e-17 
 6340.30050659    7.0108e-17 
 6344.52000427   7.64752e-17 
 6348.73950195   7.68018e-17 
 6352.95899963   7.09264e-17 
 6357.17849731   7.53712e-17 
   6361.397995   8.18954e-17 
 6365.61749268   7.71496e-17 
 6369.83699036   6.48915e-17 
 6374.05648804   7.37151e-17 
 6378.27598572   7.19233e-17 
  6382.4954834   6.82529e-17 
 6386.71498108   8.22945e-17 
 6390.93447876   6.94175e-17 
 6395.15397644    6.7673e-17 
 6399.37347412   6.88665e-17 
  6403.5929718   6.74923e-17 
 6407.81246948   6.72325e-17 
 6412.03196716   6.48657e-17 
 6416.25146484   6.37109e-17 
 6420.47096252   6.32655e-17 
 6424.69046021   6.08957e-17 
 6428.90995789    5.8861e-17 
 6433.12945557   6.39597e-17 
 6437.34895325   6.11723e-17 
 6441.56845093   6.73144e-17 
 6445.78794861    6.1631e-17 
 6450.00744629   6.13717e-17 
 6454.22694397   6.21589e-17 
 6458.44644165    5.7644e-17 
 6462.66593933   6.63159e-17 
 6466.88543701   5.74877e-17 
 6471.10493469   6.51809e-17 
 6475.32443237   5.90987e-17 
 6479.54393005   5.84397e-17 
 6483.76342773   5.57243e-17 
 6487.98292542   6.09657e-17 
  6492.2024231   5.69734e-17 
 6496.42192078   5.36208e-17 
 6500.64141846   6.18905e-17 
 6504.86091614   5.19418e-17 
 6509.08041382   5.83763e-17 
  6513.2999115    5.3834e-17 
 6517.51940918   5.55746e-17 
 6521.73890686   5.19389e-17 
 6525.95840454   5.76876e-17 
 6530.17790222   5.73314e-17 
  6534.3973999   4.88153e-17 
 6538.61689758   5.92498e-17 
 6542.83639526    5.6089e-17 
 6547.05589294   5.81276e-17 
 6551.27539063   5.76644e-17 
 6555.49488831    5.7351e-17 
 6559.71438599   5.36544e-17 
 6563.93388367   5.93818e-17 
 6568.15338135   5.12692e-17 
 6572.37287903   4.89219e-17 
 6576.59237671   5.54788e-17 
 6580.81187439   5.30697e-17 
 6585.03137207   5.06168e-17 
 6589.25086975   5.27899e-17 
 6593.47036743   5.21787e-17 
 6597.68986511   5.03402e-17 
 6601.90936279   4.76903e-17 
 6606.12886047   5.13203e-17 
 6610.34835815   5.58133e-17 
 6614.56785583   5.57941e-17 
 6618.78735352   4.38093e-17 
  6623.0068512   4.27939e-17 
 6627.22634888    4.8183e-17 
 6631.44584656   4.58945e-17 
 6635.66534424   5.25368e-17 
 6639.88484192   4.97429e-17 
  6644.1043396   4.28213e-17 
 6648.32383728   4.36173e-17 
 6652.54333496   4.54505e-17 
 6656.76283264   5.37218e-17 
 6660.98233032   4.32561e-17 
   6665.201828    4.7098e-17 
 6669.42132568   5.13839e-17 
 6673.64082336   3.89688e-17 
 6677.86032104   2.88308e-17 
 6682.07981873   4.53876e-17 
 6686.29931641   4.77106e-17 
 6690.51881409   4.31585e-17 
 6694.73831177   3.79367e-17 
 6698.95780945   4.94099e-17 
 6703.17730713    4.6825e-17 
 6707.39680481   4.18221e-17 
 6711.61630249   5.05321e-17 
 6715.83580017   3.73159e-17 
 6720.05529785     4.125e-17 
 6724.27479553   4.28034e-17 
 6728.49429321   4.63422e-17 
 6732.71379089   4.63734e-17 
 6736.93328857    4.5949e-17 
 6741.15278625   4.50159e-17 
 6745.37228394   4.77729e-17 
 6749.59178162   4.45472e-17 
  6753.8112793    4.2484e-17 
 6758.03077698   3.83261e-17 
 6762.25027466   4.36558e-17 
 6766.46977234   4.31431e-17 
 6770.68927002   4.23475e-17 
  6774.9087677   4.59409e-17 
 6779.12826538   4.12417e-17 
 6783.34776306   4.84269e-17 
 6787.56726074   3.85499e-17 
 6791.78675842   3.97958e-17 
  6796.0062561   4.42176e-17 
 6800.22575378   4.36231e-17 
 6804.44525146   4.36528e-17 
 6808.66474915   4.52891e-17 
 6812.88424683   4.29064e-17 
 6817.10374451   4.73437e-17 
 6821.32324219   4.09313e-17 
 6825.54273987   4.68289e-17 
 6829.76223755   4.79632e-17 
 6833.98173523   4.67016e-17 
 6838.20123291   4.62266e-17 
 6842.42073059   4.65262e-17 
 6846.64022827   4.59107e-17 
 6850.85972595   4.16199e-17 
 6855.07922363   3.74805e-17 
 6859.29872131   3.85366e-17 
 6863.51821899   3.62233e-17 
 6867.73771667   3.60529e-17 
 6871.95721436   3.67943e-17 
 6876.17671204   4.25422e-17 
 6880.39620972   4.51499e-17 
  6884.6157074   3.92462e-17 
 6888.83520508    4.3164e-17 
 6893.05470276   4.51369e-17 
 6897.27420044    3.9169e-17 
 6901.49369812   4.23989e-17 
  6905.7131958   4.48218e-17 
 6909.93269348    4.7171e-17 
 6914.15219116   4.42896e-17 
 6918.37168884   5.17725e-17 
 6922.59118652   5.02448e-17 
  6926.8106842   4.83273e-17 
 6931.03018188   4.27862e-17 
 6935.24967957   4.79988e-17 
 6939.46917725    4.0104e-17 
 6943.68867493   4.91604e-17 
 6947.90817261   3.80143e-17 
 6952.12767029   4.28894e-17 
 6956.34716797   4.45434e-17 
 6960.56666565   4.39947e-17 
 6964.78616333   4.52974e-17 
 6969.00566101   4.47914e-17 
 6973.22515869   4.68257e-17 
 6977.44465637   4.40063e-17 
 6981.66415405   4.89478e-17 
 6985.88365173    4.5583e-17 
 6990.10314941   4.31154e-17 
 6994.32264709   4.23857e-17 
 6998.54214478   4.06828e-17 
 7002.76164246   4.83811e-17 
 7006.98114014   4.44525e-17 
 7011.20063782   4.03357e-17 
  7015.4201355   4.46642e-17 
 7019.63963318   4.57041e-17 
 7023.85913086   4.30072e-17 
 7028.07862854    4.6262e-17 
 7032.29812622   4.63819e-17 
  7036.5176239   4.62575e-17 
 7040.73712158   4.20835e-17 
 7044.95661926   4.34511e-17 
 7049.17611694   4.02211e-17 
 7053.39561462    4.1433e-17 
  7057.6151123   3.81792e-17 
 7061.83460999   4.06769e-17 
 7066.05410767   4.71603e-17 
 7070.27360535   4.86886e-17 
 7074.49310303    4.8315e-17 
 7078.71260071   4.74658e-17 
 7082.93209839   4.59124e-17 
 7087.15159607   4.83422e-17 
 7091.37109375   4.31111e-17 
 7095.59059143   4.96862e-17 
 7099.81008911   4.78037e-17 
 7104.02958679   4.28395e-17 
 7108.24908447   5.07664e-17 
 7112.46858215   4.67706e-17 
 7116.68807983   5.05778e-17 
 7120.90757751   4.67264e-17 
  7125.1270752   4.87419e-17 
 7129.34657288   4.82365e-17 
 7133.56607056   5.40145e-17 
 7137.78556824   4.89394e-17 
 7142.00506592   4.95008e-17 
  7146.2245636   5.12014e-17 
 7150.44406128   5.48063e-17 
 7154.66355896   5.11349e-17 
 7158.88305664   5.39937e-17 
 7163.10255432   4.58593e-17 
   7167.322052    4.7838e-17 
 7171.54154968   4.59333e-17 
 7175.76104736   3.66212e-17 
 7179.98054504   4.23867e-17 
 7184.20004272   3.72062e-17 
 7188.41954041   4.15328e-17 
 7192.63903809   4.45667e-17 
 7196.85853577   3.78815e-17 
 7201.07803345   3.77296e-17 
 7205.29753113   4.37545e-17 
 7209.51702881   4.22967e-17 
 7213.73652649   4.46922e-17 
 7217.95602417   4.74986e-17 
 7222.17552185   4.73574e-17 
 7226.39501953    3.7618e-17 
 7230.61451721   4.27936e-17 
 7234.83401489   3.89812e-17 
 7239.05351257   4.32621e-17 
 7243.27301025   4.16026e-17 
 7247.49250793    4.3761e-17 
 7251.71200562   4.45413e-17 
  7255.9315033   4.23141e-17 
 7260.15100098   4.44624e-17 
 7264.37049866     4.337e-17 
 7268.58999634   4.21405e-17 
 7272.80949402     3.545e-17 
  7277.0289917   4.12825e-17 
 7281.24848938   5.01307e-17 
 7285.46798706   4.24096e-17 
 7289.68748474   3.96327e-17 
 7293.90698242   4.17065e-17 
  7298.1264801   4.43603e-17 
 7302.34597778   5.18858e-17 
 7306.56547546   4.59668e-17 
 7310.78497314   4.52477e-17 
 7315.00447083   5.22859e-17 
 7319.22396851   4.59127e-17 
 7323.44346619   4.74775e-17 
 7327.66296387    4.9924e-17 
 7331.88246155   5.45857e-17 
 7336.10195923   5.87435e-17 
 7340.32145691   6.44841e-17 
 7344.54095459   5.49279e-17 
 7348.76045227   5.04047e-17 
 7352.97994995   5.38336e-17 
 7357.19944763   5.67139e-17 
 7361.41894531   5.55414e-17 
 7365.63844299   5.87925e-17 
 7369.85794067   5.96531e-17 
 7374.07743835   6.20601e-17 
 7378.29693604   5.70866e-17 
 7382.51643372      6.04e-17 
  7386.7359314   6.24284e-17 
 7390.95542908   6.25487e-17 
 7395.17492676   7.06776e-17 
 7399.39442444   6.95176e-17 
 7403.61392212   6.58442e-17 
  7407.8334198   7.11312e-17 
 7412.05291748   6.41974e-17 
 7416.27241516   6.62055e-17 
 7420.49191284   6.57418e-17 
 7424.71141052   6.57852e-17 
  7428.9309082   7.38086e-17 
 7433.15040588   6.46409e-17 
 7437.36990356   5.67729e-17 
 7441.58940125   6.60373e-17 
 7445.80889893   7.31644e-17 
 7450.02839661   6.44267e-17 
 7454.24789429   7.00355e-17 
 7458.46739197   6.46414e-17 
 7462.68688965   5.97293e-17 
 7466.90638733   6.54547e-17 
 7471.12588501   6.33638e-17 
 7475.34538269   6.36765e-17 
 7479.56488037   6.07986e-17 
 7483.78437805   7.39983e-17 
 7488.00387573   6.04263e-17 
 7492.22337341   5.63651e-17 
 7496.44287109   5.88553e-17 
 7500.66236877   5.90825e-17 
 7504.88186646   6.00456e-17 
 7509.10136414   6.35237e-17 
 7513.32086182   6.19875e-17 
  7517.5403595   5.91059e-17 
 7521.75985718   5.28538e-17 
 7525.97935486    5.0859e-17 
 7530.19885254   5.51171e-17 
 7534.41835022   6.09921e-17 
  7538.6378479   6.24498e-17 
 7542.85734558   5.82447e-17 
 7547.07684326   6.02811e-17 
 7551.29634094   5.91683e-17 
 7555.51583862   5.01634e-17 
  7559.7353363   5.50817e-17 
 7563.95483398   4.90618e-17 
 7568.17433167   6.12857e-17 
 7572.39382935   5.85465e-17 
 7576.61332703   5.76365e-17 
 7580.83282471   5.49156e-17 
 7585.05232239   5.27643e-17 
 7589.27182007   3.90763e-17 
 7593.49131775   2.62669e-17 
 7597.71081543   1.92141e-17 
 7601.93031311    1.8338e-17 
 7606.14981079   2.45647e-17 
 7610.36930847   2.39193e-17 
 7614.58880615   3.95646e-17 
 7618.80830383   3.85212e-17 
 7623.02780151   4.55744e-17 
 7627.24729919   8.08111e-17 
 7631.46679688   1.10125e-16 
 7635.68629456   1.23777e-16 
 7639.90579224   1.11006e-16 
 7644.12528992   5.91916e-17 
  7648.3447876   4.70122e-17 
 7652.56428528   5.24943e-17 
 7656.78378296   4.55756e-17 
 7661.00328064   4.50316e-17 
 7665.22277832   4.60888e-17 
   7669.442276   4.35592e-17 
 7673.66177368   3.88319e-17 
 7677.88127136   4.87764e-17 
 7682.10076904   4.93333e-17 
 7686.32026672   4.23888e-17 
  7690.5397644   4.76727e-17 
 7694.75926208   4.75653e-17 
 7698.97875977   4.70638e-17 
 7703.19825745   3.75038e-17 
 7707.41775513   4.40221e-17 
 7711.63725281    3.5773e-17 
 7715.85675049   4.10059e-17 
 7720.07624817   4.46745e-17 
 7724.29574585   4.84562e-17 
 7728.51524353   5.02359e-17 
 7732.73474121   3.42836e-17 
 7736.95423889   4.05522e-17 
 7741.17373657   3.84393e-17 
 7745.39323425   3.19886e-17 
 7749.61273193   4.21957e-17 
 7753.83222961   4.34936e-17 
 7758.05172729   5.22077e-17 
 7762.27122498     5.022e-17 
 7766.49072266   3.29398e-17 
 7770.71022034      4.22e-17 
 7774.92971802   3.06267e-17 
  7779.1492157   3.88313e-17 
 7783.36871338   4.39989e-17 
 7787.58821106    4.6657e-17 
 7791.80770874    4.4027e-17 
 7796.02720642   4.77932e-17 
  7800.2467041   4.15969e-17 
 7804.46620178   4.73237e-17 
 7808.68569946   4.50691e-17 
 7812.90519714   5.13203e-17 
 7817.12469482   3.89152e-17 
  7821.3441925   4.80713e-17 
 7825.56369019   4.95847e-17 
 7829.78318787   4.67534e-17 
 7834.00268555   4.77018e-17 
 7838.22218323   3.59898e-17 
 7842.44168091   2.89131e-17 
 7846.66117859    2.9221e-17 
 7850.88067627   4.20394e-17 
 7855.10017395    4.0357e-17 
 7859.31967163   4.59177e-17 
 7863.53916931   4.29007e-17 
 7867.75866699   3.70035e-17 
 7871.97816467   3.29885e-17 
 7876.19766235   3.20608e-17 
 7880.41716003   3.01677e-17 
 7884.63665771   4.00392e-17 
  7888.8561554   4.13984e-17 
 7893.07565308   4.10262e-17 
 7897.29515076    3.8908e-17 
 7901.51464844   3.50495e-17 
 7905.73414612   2.93076e-17 
  7909.9536438   3.31432e-17 
 7914.17314148   3.83661e-17 
 7918.39263916    3.9722e-17 
 7922.61213684   4.10961e-17 
 7926.83163452   4.59291e-17 
  7931.0511322   3.77024e-17 
 7935.27062988   3.09102e-17 
 7939.49012756   4.09149e-17 
 7943.70962524   4.14348e-17 
 7947.92912292   4.45929e-17 
 7952.14862061    4.0487e-17 
 7956.36811829   3.20772e-17 
 7960.58761597   2.16244e-17 
 7964.80711365   2.46071e-17 
 7969.02661133   3.11524e-17 
 7973.24610901   3.83948e-17 
 7977.46560669   4.45456e-17 
 7981.68510437    4.0021e-17 
 7985.90460205   2.91764e-17 
 7990.12409973   2.70509e-17 
 7994.34359741   3.25561e-17 
 7998.56309509   3.49315e-17 
 8002.78259277   3.98231e-17 
 8007.00209045   4.18713e-17 
 8011.22158813   3.75314e-17 
 8015.44108582   3.71775e-17 
  8019.6605835   3.56737e-17 
 8023.88008118   3.41943e-17 
 8028.09957886   3.29255e-17 
 8032.31907654   3.28512e-17 
 8036.53857422   3.51773e-17 
  8040.7580719   3.34981e-17 
 8044.97756958   4.25572e-17 
 8049.19706726   3.93601e-17 
 8053.41656494   3.22584e-17 
 8057.63606262   3.85829e-17 
  8061.8555603   3.88428e-17 
 8066.07505798   3.34641e-17 
 8070.29455566   3.29626e-17 
 8074.51405334    3.6236e-17 
 8078.73355103   4.00721e-17 
 8082.95304871   3.54558e-17 
 8087.17254639   3.42197e-17 
 8091.39204407   3.53333e-17 
 8095.61154175   4.11767e-17 
 8099.83103943   4.89179e-17 
 8104.05053711   3.50506e-17 
 8108.27003479   3.63117e-17 
 8112.48953247   3.91189e-17 
 8116.70903015   3.55357e-17 
 8120.92852783   2.71627e-17 
 8125.14802551   2.41867e-17 
 8129.36752319   2.75381e-17 
 8133.58702087    2.7007e-17 
 8137.80651855   2.88178e-17 
 8142.02601624   3.50404e-17 
 8146.24551392    3.1129e-17 
  8150.4650116   2.94178e-17 
 8154.68450928   3.38187e-17 
 8158.90400696   2.79065e-17 
 8163.12350464   2.72183e-17 
 8167.34300232   2.63884e-17 
     8171.5625    3.4746e-17 
 8175.78199768   2.79885e-17 
 8180.00149536   3.32662e-17 
 8184.22099304   3.57924e-17 
 8188.44049072   3.86279e-17 
  8192.6599884   3.22413e-17 
 8196.87948608   3.20446e-17 
 8201.09898376   2.72037e-17 
 8205.31848145    3.5753e-17 
 8209.53797913   3.54175e-17 
 8213.75747681   3.48116e-17 
 8217.97697449   2.55974e-17 
 8222.19647217    3.3714e-17 
 8226.41596985   3.06521e-17 
 8230.63546753   3.25856e-17 
 8234.85496521   3.45196e-17 
 8239.07446289   3.82665e-17 
 8243.29396057   3.48101e-17 
 8247.51345825   2.86713e-17 
 8251.73295593   3.23489e-17 
 8255.95245361   2.94034e-17 
 8260.17195129   2.97775e-17 
 8264.39144897   4.06039e-17 
 8268.61094666   3.91172e-17 
 8272.83044434   3.74212e-17 
 8277.04994202   4.42508e-17 
  8281.2694397    4.0557e-17 
 8285.48893738    3.0757e-17 
 8289.70843506    2.9022e-17 
 8293.92793274   2.98217e-17 
 8298.14743042    3.7367e-17 
  8302.3669281   3.39584e-17 
 8306.58642578   3.36441e-17 
 8310.80592346   3.53391e-17 
 8315.02542114     3.681e-17 
 8319.24491882   4.08223e-17 
  8323.4644165   4.34503e-17 
 8327.68391418    4.5125e-17 
 8331.90341187   4.00123e-17 
 8336.12290955   4.15121e-17 
 8340.34240723   4.72397e-17 
 8344.56190491   4.93864e-17 
 8348.78140259   4.33075e-17 
 8353.00090027   4.30797e-17 
 8357.22039795   3.36071e-17 
 8361.43989563  -2.30719e-17 
 8365.65939331   1.80901e-17 
 8369.87889099   5.39527e-17 
 8374.09838867   4.36411e-17 
 8378.31788635    5.1637e-17 
 8382.53738403   5.14369e-17 
 8386.75688171   5.02479e-17 
 8390.97637939   5.38687e-17 
 8395.19587708   5.81829e-17 
 8399.41537476    6.3414e-17 
 8403.63487244   6.06915e-17 
 8407.85437012   6.56268e-17 
  8412.0738678   6.36941e-17 
 8416.29336548   6.04061e-17 
 8420.51286316   6.45231e-17 
 8424.73236084   6.71036e-17 
 8428.95185852   6.96689e-17 
  8433.1713562   8.40417e-17 
 8437.39085388   8.41171e-17 
 8441.61035156   9.28966e-17 
 8445.82984924   9.36838e-17 
 8450.04934692   1.07065e-16 
  8454.2688446   1.02371e-16 
 8458.48834229   1.05305e-16 
 8462.70783997   9.54988e-17 
 8466.92733765     7.356e-17 
 8471.14683533   8.71985e-17 
 8475.36633301   8.29906e-17 
 8479.58583069   8.01945e-17 
 8483.80532837   1.05244e-16 
 8488.02482605   9.51961e-17 
 8492.24432373   1.05547e-16 
 8496.46382141   7.89079e-17 
 8500.68331909   7.63633e-17 
 8504.90281677   8.76942e-17 
 8509.12231445   8.03574e-17 
 8513.34181213   7.68196e-17 
 8517.56130981   7.46461e-17 
  8521.7808075   7.74928e-17 
 8526.00030518   8.13548e-17 
 8530.21980286   7.98699e-17 
 8534.43930054   8.59212e-17 
 8538.65879822   8.26496e-17 
  8542.8782959   8.69704e-17 
 8547.09779358   8.62511e-17 
 8551.31729126   7.10275e-17 
 8555.53678894   7.03282e-17 
 8559.75628662   7.29803e-17 
  8563.9757843    6.7794e-17 
 8568.19528198   6.71072e-17 
 8572.41477966   7.17199e-17 
 8576.63427734   8.07353e-17 
 8580.85377502      8.39e-17 
 8585.07327271   8.03658e-17 
 8589.29277039   8.41954e-17 
 8593.51226807   7.12568e-17 
 8597.73176575   7.30435e-17 
 8601.95126343   6.00242e-17 
 8606.17076111   6.20339e-17 
 8610.39025879   5.62206e-17 
 8614.60975647   6.37639e-17 
 8618.82925415   6.78718e-17 
 8623.04875183   6.89542e-17 
 8627.26824951   9.13997e-17 
 8631.48774719   7.05722e-17 
 8635.70724487   6.64704e-17 
 8639.92674255   5.67852e-17 
 8644.14624023   5.02032e-17 
 8648.36573792   4.57788e-17 
  8652.5852356   3.90937e-17 
 8656.80473328   4.51362e-17 
 8661.02423096   4.92749e-17 
 8665.24372864    6.1633e-17 
 8669.46322632   6.28828e-17 
   8673.682724   4.68893e-17 
 8677.90222168   5.72679e-17 
 8682.12171936    5.9106e-17 
 8686.34121704   4.75794e-17 
 8690.56071472   4.26623e-17 
  8694.7802124   4.66298e-17 
 8698.99971008   4.11142e-17 
 8703.21920776   4.38239e-17 
 8707.43870544   5.37217e-17 
 8711.65820313    5.9092e-17 
 8715.87770081   4.97739e-17 
 8720.09719849   4.84243e-17 
 8724.31669617   4.29234e-17 
 8728.53619385   3.92643e-17 
 8732.75569153   3.62749e-17 
 8736.97518921   2.91604e-17 
 8741.19468689   4.20139e-17 
 8745.41418457   4.55535e-17 
 8749.63368225   4.68705e-17 
 8753.85317993   5.04975e-17 
 8758.07267761   4.41963e-17 
 8762.29217529   4.22375e-17 
 8766.51167297   3.06872e-17 
 8770.73117065   2.00277e-17 
 8774.95066833   3.28955e-17 
 8779.17016602   2.33458e-17 
  8783.3896637   2.01759e-17 
 8787.60916138   3.11234e-17 
 8791.82865906   3.17564e-17 
 8796.04815674   3.59935e-17 
 8800.26765442   3.09178e-17 
  8804.4871521   4.40146e-17 
 8808.70664978   3.68463e-17 
 8812.92614746  -1.72203e-17 
 8817.14564514   2.69066e-17 
 8821.36514282   3.77577e-17 
  8825.5846405    3.7893e-17 
 8829.80413818   2.53544e-17 
 8834.02363586   2.85558e-17 
 8838.24313354   3.09595e-17 
 8842.46263123   4.02921e-17 
 8846.68212891   2.35561e-17 
 8850.90162659   5.56882e-17 
 8855.12112427   6.07785e-17 
 8859.34062195   3.62372e-17 
 8863.56011963   1.88324e-17 
 8867.77961731   2.14094e-17 
 8871.99911499   3.95048e-17 
 8876.21861267   3.68002e-17 
 8880.43811035   2.77042e-17 
 8884.65760803    4.6253e-17 
 8888.87710571    4.5126e-17 
 8893.09660339   1.93532e-17 
 8897.31610107   2.73297e-17 
 8901.53559875   3.05991e-17 
 8905.75509644    1.7534e-17 
 8909.97459412   2.00713e-17 
  8914.1940918   2.71813e-17 
 8918.41358948   2.96828e-17 
 8922.63308716   2.36194e-17 
 8926.85258484   1.78016e-17 
 8931.07208252   2.45448e-17 
  8935.2915802   4.18021e-17 
 8939.51107788   4.58469e-17 
 8943.73057556   3.54394e-17 
 8947.95007324   3.18318e-17 
 8952.16957092   2.37505e-17 
  8956.3890686   2.33472e-17 
 8960.60856628   1.83199e-17 
 8964.82806396       2.5e-17 
 8969.04756165   3.07628e-17 
 8973.26705933   3.53784e-17 
 8977.48655701   3.36224e-17 
 8981.70605469   2.45284e-17 
 8985.92555237    2.0307e-17 
 8990.14505005   4.43455e-17 
 8994.36454773      3.68e-17 
 8998.58404541   3.62108e-17 
 9002.80354309   4.83732e-17 
 9007.02304077   3.14354e-17 
 9011.24253845   3.47148e-17 
 9015.46203613   3.79121e-17 
 9019.68153381   3.08865e-17 
 9023.90103149   3.49865e-17 
 9028.12052917   4.60602e-17 
 9032.34002686    3.7171e-17 
 9036.55952454   4.21676e-17 
 9040.77902222   3.85413e-17 
  9044.9985199   4.36183e-17 
 9049.21801758   5.32687e-17 
 9053.43751526   4.22251e-17 
 9057.65701294   4.49865e-17 
 9061.87651062   4.54512e-17 
  9066.0960083   4.23999e-17 
 9070.31550598   4.46835e-17 
 9074.53500366   3.03567e-17 
 9078.75450134   3.05963e-17 
 9082.97399902   3.13211e-17 
  9087.1934967   3.98468e-17 
 9091.41299438   4.85116e-17 
 9095.63249207   3.84438e-17 
 9099.85198975   5.37034e-17 
 9104.07148743   5.70294e-17 
 9108.29098511   4.58808e-17 
 9112.51048279    5.0026e-17 
 9116.72998047   4.85169e-17 
 9120.94947815   4.50334e-17 
 9125.16897583   4.09402e-17 
 9129.38847351   3.80851e-17 
 9133.60797119   4.09986e-17 
 9137.82746887   4.43501e-17 
 9142.04696655   4.74094e-17 
 9146.26646423   4.68976e-17 
 9150.48596191  -3.11057e-18 
 9154.70545959   2.05914e-17 
 9158.92495728   5.00476e-17 
 9163.14445496   3.94804e-17 
 9167.36395264   5.00951e-17 
 9171.58345032   4.16331e-17 
   9175.802948   3.76885e-17 
 9180.02244568   4.68901e-17 
 9184.24194336   3.08344e-17 
 9188.46144104   3.46954e-17 
 9192.68093872   4.04766e-17 
  9196.9004364    2.4856e-17 
 9201.11993408   3.55337e-17 
 9205.33943176    4.2496e-17 
 9209.55892944   4.50782e-17 
 9213.77842712   4.74778e-17 
  9217.9979248   4.33752e-17 
 9222.21742249   4.01997e-17 
 9226.43692017   4.66463e-17 
 9230.65641785   3.47266e-17 
 9234.87591553   5.03024e-17 
 9239.09541321   3.05878e-17 
 9243.31491089   2.94236e-17 
 9247.53440857   4.28623e-17 
 9251.75390625   3.22526e-17 
 9255.97340393   4.36935e-17 
 9260.19290161   3.40654e-17 
 9264.41239929   4.21883e-17 
 9268.63189697   3.95133e-17 
 9272.85139465   2.25324e-17 
 9277.07089233   2.43135e-17 
 9281.29039001   3.16279e-17 
  9285.5098877    3.0064e-17 
 9289.72938538   2.82069e-17 
 9293.94888306   2.04783e-17 
 9298.16838074    1.2195e-17 
 9302.38787842     2.846e-17 
  9306.6073761   3.58397e-17 
 9310.82687378   1.86716e-17 
 9315.04637146   1.82056e-17 
 9319.26586914   1.00689e-17 
 9323.48536682   1.18906e-17 
  9327.7048645   1.48144e-17 
 9331.92436218   9.26923e-18 
 9336.14385986   1.72482e-17 
 9340.36335754   1.41567e-18 
 9344.58285522   -2.0797e-17 
 9348.80235291   1.19711e-18 
 9353.02185059  -6.40784e-17 
 9357.24134827  -7.85236e-17 
 9361.46084595   2.34181e-17 
 9365.68034363   2.26225e-17 
 9369.89984131   2.95475e-17 
 9374.11933899   1.84739e-17 
 9378.33883667   9.85336e-18 
 9382.55833435  -6.70072e-18 
 9386.77783203   1.06471e-17 
 9390.99732971   2.60285e-17 
 9395.21682739   9.71923e-18 
 9399.43632507   2.16033e-17 
 9403.65582275   1.51776e-17 
 9407.87532043   2.17406e-17 
 9412.09481812   2.40218e-17 
  9416.3143158   3.66282e-18 
 9420.53381348   2.61519e-17 
 9424.75331116    2.2541e-17 
 9428.97280884   6.70818e-18 
 9433.19230652   1.33796e-17 
  9437.4118042   2.80023e-17 
 9441.63130188   2.11407e-17 
 9445.85079956  -1.08472e-16 
 9450.07029724  -6.80578e-17 
 9454.28979492   3.23874e-17 
  9458.5092926    1.0489e-17 
 9462.72879028   1.76706e-17 
 9466.94828796   2.79697e-17 
 9471.16778564   2.75621e-17 
 9475.38728333   2.37323e-17 
 9479.60678101     1.679e-17 
 9483.82627869   1.08954e-17 
 9488.04577637   2.39166e-17 
 9492.26527405   2.54933e-17 
 9496.48477173   1.31488e-17 
 9500.70426941   2.35047e-17 
 9504.92376709   2.21588e-17 
 9509.14326477   7.48465e-18 
 9513.36276245   2.87321e-17 
 9517.58226013    1.6709e-17 
 9521.80175781   7.06067e-18 
 9526.02125549   3.07395e-17 
 9530.24075317   1.93271e-17 
 9534.46025085   2.45891e-17 
 9538.67974854   1.23946e-17 
 9542.89924622   2.20332e-17 
  9547.1187439   1.57913e-17 
 9551.33824158   3.59859e-17 
 9555.55773926    2.2424e-17 
 9559.77723694   9.43307e-18 
 9563.99673462   3.88787e-17 
  9568.2162323   3.54793e-18 
 9572.43572998   1.56042e-17 
 9576.65522766   4.01847e-17 
 9580.87472534   2.94287e-17 
 9585.09422302   3.55694e-17 
  9589.3137207   1.67943e-17 
 9593.53321838   1.55393e-17 
 9597.75271606   2.59037e-17 
 9601.97221375   8.93418e-18 
 9606.19171143   1.77979e-17 
 9610.41120911   3.30332e-17 
 9614.63070679   1.44531e-17 
 9618.85020447   3.75487e-17 
 9623.06970215   3.98728e-17 
 9627.28919983   2.37224e-17 
 9631.50869751   8.03948e-18 
 9635.72819519   6.94202e-18 
 9639.94769287   2.26536e-17 
 9644.16719055   8.89699e-18 
 9648.38668823   1.82935e-17 
 9652.60618591   2.82247e-17 
 9656.82568359   2.26039e-17 
 9661.04518127   2.68352e-17 
 9665.26467896   3.80257e-17 
 9669.48417664   3.13213e-17 
 9673.70367432   4.35463e-17 
   9677.923172   2.90693e-17 
 9682.14266968   2.29887e-17 
 9686.36216736   2.76268e-17 
 9690.58166504   3.13836e-17 
 9694.80116272   2.73424e-17 
  9699.0206604   2.40305e-17 
 9703.24015808    2.5491e-17 
 9707.45965576    2.8367e-17 
 9711.67915344   3.96748e-17 
 9715.89865112   3.38067e-17 
  9720.1181488   2.96775e-17 
 9724.33764648   1.63927e-17 
 9728.55714417   1.35443e-17 
 9732.77664185    1.9325e-17 
 9736.99613953   4.07821e-18 
 9741.21563721    1.3639e-17 
 9745.43513489   3.60995e-17 
 9749.65463257   2.82709e-17 
 9753.87413025   2.37521e-17 
 9758.09362793    1.2781e-17 
 9762.31312561   2.05158e-17 
 9766.53262329   3.39656e-17 
 9770.75212097   2.71207e-17 
 9774.97161865   4.57996e-17 
 9779.19111633   1.44298e-17 
 9783.41061401   1.83746e-17 
 9787.63011169   2.06916e-17 
 9791.84960938   3.05901e-17 
 9796.06910706   2.18251e-17 
 9800.28860474   1.02852e-18 
 9804.50810242    4.9203e-17 
  9808.7276001   4.26981e-18 
 9812.94709778   6.38269e-17 
 9817.16659546   4.02829e-17 
 9821.38609314   2.14741e-17 
 9825.60559082   4.92626e-18 
  9829.8250885   1.41851e-17 
 9834.04458618   2.93831e-17 
 9838.26408386   4.26937e-17 
 9842.48358154   4.20913e-17 
 9846.70307922    2.7923e-17 
  9850.9225769   3.29251e-17 
 9855.14207458   2.63922e-17 
 9859.36157227   5.20109e-17 
 9863.58106995    5.7292e-17 
 9867.80056763   4.17496e-17 
 9872.02006531   1.41471e-17 
 9876.23956299   3.75301e-17 
 9880.45906067   5.70854e-17 
 9884.67855835   9.59551e-18 
 9888.89805603   4.76307e-17 
 9893.11755371   3.93481e-17 
 9897.33705139   4.52908e-17 
 9901.55654907   3.07312e-17 
 9905.77604675   3.16641e-17 
 9909.99554443   6.00348e-17 
 9914.21504211   4.57056e-17 
 9918.43453979    4.0892e-17 
 9922.65403748   6.02755e-18 
 9926.87353516   2.89382e-17 
 9931.09303284   4.55644e-17 
 9935.31253052   1.18378e-17 
  9939.5320282   2.04884e-17 
 9943.75152588  -2.71738e-18 
 9947.97102356  -2.15126e-17 
 9952.19052124   6.09956e-17 
 9956.41001892   8.27421e-17 
  9960.6295166   6.52342e-17 
 9964.84901428   1.77816e-17 
 9969.06851196   7.07268e-18 
 9973.28800964   2.99266e-17 
 9977.50750732   2.36517e-17 
   9981.727005   3.58566e-17 
 9985.94650269   1.01138e-17 
 9990.16600037   1.63573e-17 
 9994.38549805   4.29984e-17 
 9998.60499573   5.43226e-17 
 10002.8244934    6.8814e-17 
 10007.0439911   6.90039e-17 
 10011.2634888   6.91792e-17 
 10015.4829865   6.93405e-17 
 10019.7024841   6.94938e-17 
 10023.9219818   6.96347e-17 
 10028.1414795   6.97627e-17 
 10032.3609772   6.98843e-17 
 10036.5804749   6.99428e-17 
 10040.7999725   6.99846e-17 
 10045.0194702    7.0025e-17 
 10049.2389679   7.00474e-17 
 10053.4584656   7.00673e-17 
 10057.6779633   7.00795e-17 
 10061.8974609   7.00829e-17 
 10066.1169586   7.00792e-17 
 10070.3364563   7.00662e-17 
  10074.555954    7.0051e-17 
 10078.7754517   7.00703e-17 
 10082.9949493   7.00901e-17 
  10087.214447   7.01035e-17 
 10091.4339447   7.01128e-17 
 10095.6534424   7.01177e-17 
 10099.8729401   7.01166e-17 
 10104.0924377   7.01113e-17 
 10108.3119354   7.01001e-17 
 10112.5314331   7.00894e-17 
 10116.7509308   7.00742e-17 
 10120.9704285   7.00249e-17 
 10125.1899261   6.99596e-17 
 10129.4094238   6.98956e-17 
 10133.6289215   6.98304e-17 
 10137.8484192   6.97645e-17 
 10142.0679169    6.9697e-17 
 10146.2874146   6.96299e-17 
 10150.5069122   6.95608e-17 
 10154.7264099   6.95001e-17 
 10158.9459076   6.94333e-17 
 10163.1654053   6.93979e-17 
  10167.384903   6.93823e-17 
 10171.6044006   6.93687e-17 
 10175.8238983   6.93564e-17 
  10180.043396   6.93465e-17 
 10184.2628937   6.93365e-17 
 10188.4823914   6.93348e-17 
  10192.701889   6.93335e-17 
 10196.9213867   6.93359e-17 
 10201.1408844   6.93394e-17 
 10205.3603821   6.93344e-17 
 10209.5798798   6.93084e-17 
 10213.7993774   6.92877e-17 
 10218.0188751   6.92706e-17 
 10222.2383728    6.9261e-17 
 10226.4578705   6.92537e-17 
 10230.6773682   6.92514e-17 
 10234.8968658   6.92528e-17 
 10239.1163635   6.92616e-17 
 10243.3358612   6.92736e-17 
 10247.5553589   6.93015e-17 
 10251.7748566   6.93597e-17 
 10255.9943542   6.94229e-17 
 10260.2138519   6.94913e-17 
 10264.4333496   6.95634e-17 
 10268.6528473   6.95732e-17 
  10272.872345   6.96548e-17 
 10277.0918427   6.97434e-17 
 10281.3113403   6.98361e-17 
  10285.530838   6.99315e-17 
 10289.7503357   7.00272e-17 
 10293.9698334   7.01082e-17 
 10298.1893311   7.01919e-17 
 10302.4088287   7.02755e-17 
 10306.6283264   7.03672e-17 
 10310.8478241    7.0461e-17 
 10315.0673218   7.04036e-17 
 10319.2868195   7.03473e-17 
 10323.5063171   7.02896e-17 
 10327.7258148   7.02326e-17 
 10331.9453125   7.01724e-17 
