# STATUS =
# OBJECT = LSQ14an
# TELESCOPE = ESO-NTT
# INSTRUMENT = EFOSC2-NTT
# DATE-OBS = 2014-03-09 04:14:31.00
# MJD = 56725.1767477002
# EXPTIME = 1800
# AIRMASS = --
# SLIT = --
# DISPERSER = --
# SOURCE = --
# FILTER =
# RESOLUTION =
# FLUX_STANDARD =
# EXTINCTION_CORRECTED = --
# PHOTOMETRY_CALIBRATED =
# TELLURIC_CORRECTED =
# FLUX_UNITS = erg cm(-2) sec(-1) Ang(-1)
# WAVE_UNITS = Angstrom
# QUALITY = --
# MIN_WAVE = 3641.482
# MAX_WAVE = 9267.56
# COMMENT = Released as part of DR2
 Wavelength            Flux          Error 
   3641.482    5.787192e-17  5.9676346e-18 
  3647.0303    6.037859e-17  5.8821955e-18 
  3652.5789     6.71677e-17  5.8139564e-18 
  3658.1272    7.659998e-17  5.9710033e-18 
  3663.6755   7.1599106e-17   5.855518e-18 
  3669.2239   4.9987725e-17  5.6303728e-18 
  3674.7725    7.771295e-17  5.9143575e-18 
  3680.3208     6.20564e-17  5.5265637e-18 
  3685.8691    6.212106e-17  5.4557272e-18 
  3691.4175    8.265777e-17   5.583701e-18 
   3696.966   6.7021224e-17  5.4111364e-18 
  3702.5144    6.869842e-17  5.4496843e-18 
  3708.0627    7.099211e-17   5.472147e-18 
   3713.611    6.879366e-17   5.316094e-18 
  3719.1597    6.959352e-17   5.270218e-18 
   3724.708    7.859661e-17    5.21085e-18 
  3730.2563    7.840967e-17  5.1049075e-18 
  3735.8047   7.0072634e-17  4.9356817e-18 
   3741.353    7.831522e-17  4.9612453e-18 
  3746.9016   6.4314305e-17   4.808731e-18 
    3752.45    7.638992e-17   4.825986e-18 
  3757.9983   7.3965425e-17  4.7366943e-18 
  3763.5466    6.996151e-17   4.684379e-18 
  3769.0952   7.1857094e-17  4.6377506e-18 
  3774.6436   7.2126245e-17  4.5537356e-18 
   3780.192    7.673797e-17   4.514537e-18 
  3785.7402    8.468969e-17   4.584141e-18 
  3791.2888     6.79115e-17  4.4316776e-18 
  3796.8372    7.605881e-17  4.4609325e-18 
  3802.3855    7.128546e-17   4.445076e-18 
  3807.9338     6.38613e-17  4.3301276e-18 
  3813.4824    7.501508e-17  4.3406088e-18 
  3819.0308    7.147934e-17  4.3085295e-18 
   3824.579    6.693127e-17  4.2270943e-18 
  3830.1274   6.8632036e-17  4.1512315e-18 
   3835.676   6.2963625e-17   4.019168e-18 
  3841.2244   7.3564765e-17   4.060593e-18 
  3846.7727     7.91557e-17   4.080064e-18 
   3852.321   7.0134474e-17   3.960387e-18 
  3857.8696    7.122635e-17  3.9379252e-18 
   3863.418   6.5791167e-17    3.82357e-18 
  3868.9663    7.412032e-17  3.8359856e-18 
  3874.5146     7.02407e-17  3.8967345e-18 
  3880.0632    6.637216e-17  3.8682295e-18 
  3885.6116    7.670555e-17   3.962214e-18 
    3891.16    5.972424e-17  3.8389117e-18 
  3896.7083    6.600658e-17  3.8067518e-18 
  3902.2568    6.478236e-17   3.751525e-18 
  3907.8052    6.232997e-17  3.6055413e-18 
  3913.3535    6.573629e-17  3.6288294e-18 
  3918.9019     7.52598e-17  3.7183415e-18 
  3924.4504    6.897947e-17  3.6940348e-18 
  3929.9988     6.58199e-17  3.6845933e-18 
   3935.547   6.5293336e-17  3.6627347e-18 
  3941.0955    6.604339e-17  3.5597325e-18 
   3946.644    6.664575e-17  3.4916915e-18 
  3952.1924   6.7103664e-17  3.4887273e-18 
  3957.7407     6.92494e-17  3.4995447e-18 
   3963.289   7.6038366e-17  3.5796795e-18 
  3968.8376     6.79216e-17   3.627541e-18 
   3974.386    6.367877e-17   3.514182e-18 
  3979.9343   7.4906095e-17   3.560981e-18 
  3985.4827   6.5732986e-17  3.5119256e-18 
  3991.0312   6.6035986e-17  3.5223886e-18 
  3996.5796   6.2328833e-17   3.491252e-18 
   4002.128    6.798618e-17   3.507298e-18 
  4007.6763    7.451798e-17  3.5069612e-18 
  4013.2249   6.9503315e-17  3.4562145e-18 
  4018.7732    6.580626e-17  3.4317474e-18 
  4024.3215    7.289678e-17  3.4829585e-18 
  4029.8699   7.1101024e-17  3.4822687e-18 
  4035.4185    6.681052e-17  3.4122487e-18 
  4040.9668    7.771696e-17   3.479755e-18 
  4046.5151   7.3509146e-17  3.4398676e-18 
  4052.0635    6.940378e-17  3.4056728e-18 
   4057.612   7.3928996e-17   3.435575e-18 
  4063.1604    7.047459e-17   3.382775e-18 
  4068.7087    7.397901e-17  3.3771956e-18 
   4074.257    6.854347e-17  3.3062163e-18 
  4079.8054     7.22809e-17  3.3280326e-18 
   4085.354    7.922418e-17  3.2900323e-18 
  4090.9023   7.7767306e-17  3.2741854e-18 
  4096.4507    7.430629e-17   3.261535e-18 
   4101.999    7.314588e-17   3.238993e-18 
  4107.5474    7.815669e-17  3.3149517e-18 
  4113.0957   8.2522165e-17  3.3081796e-18 
  4118.6445    7.529176e-17  3.2645192e-18 
   4124.193     7.49762e-17  3.2536035e-18 
   4129.741    7.970437e-17   3.272087e-18 
  4135.2896    7.549956e-17  3.2209658e-18 
   4140.838    8.232629e-17  3.2850392e-18 
   4146.386   7.8932817e-17  3.2682886e-18 
  4151.9346    7.757337e-17  3.2693675e-18 
   4157.483    8.152064e-17  3.2798832e-18 
  4163.0317   7.7167296e-17  3.2539135e-18 
    4168.58   7.6399956e-17  3.2008583e-18 
  4174.1284   8.0604185e-17  3.2121204e-18 
   4179.677    8.195259e-17  3.1772803e-18 
   4185.225   7.5644714e-17  3.1268352e-18 
  4190.7734   8.2401456e-17  3.1404474e-18 
   4196.322     8.23428e-17  3.1476092e-18 
    4201.87   7.0930585e-17  3.0455942e-18 
   4207.419   7.7311873e-17   3.044834e-18 
  4212.9673    7.072105e-17  3.0026377e-18 
  4218.5156   6.8194444e-17  2.9668543e-18 
   4224.064    6.609108e-17  2.9420771e-18 
  4229.6123    6.600681e-17  2.9389622e-18 
  4235.1606   6.5020836e-17  2.9368506e-18 
   4240.709     5.10906e-17  2.8210604e-18 
  4246.2573   5.5274144e-17  2.8518423e-18 
   4251.806   6.0950076e-17  2.9127184e-18 
  4257.3545   6.4232997e-17  2.9032997e-18 
   4262.903    6.508482e-17  2.8984847e-18 
   4268.451    6.091132e-17  2.8507074e-18 
  4273.9995    6.780711e-17   2.891814e-18 
   4279.548    6.889901e-17   2.897367e-18 
   4285.096    6.822964e-17  2.8700673e-18 
  4290.6445    6.902503e-17  2.8638128e-18 
  4296.1934    6.913975e-17  2.8633769e-18 
  4301.7417    6.645723e-17  2.8643002e-18 
    4307.29   7.2240753e-17  2.9478606e-18 
  4312.8384    6.590034e-17  2.9180692e-18 
  4318.3867   7.9230813e-17  3.0107708e-18 
   4323.935   1.1356813e-16  3.2232823e-18 
  4329.4834   1.1692977e-16  3.2522974e-18 
  4335.0317    1.216011e-16  3.2661634e-18 
  4340.5806   9.4124306e-17  3.0611512e-18 
   4346.129    8.245798e-17   2.983789e-18 
  4351.6772   7.9024415e-17  2.9474327e-18 
  4357.2256    7.463069e-17  2.9133312e-18 
   4362.774   7.2052864e-17  2.8917196e-18 
  4368.3223    7.489731e-17  2.9019074e-18 
  4373.8706   7.6226096e-17    2.90764e-18 
   4379.419   7.4923896e-17  2.8701329e-18 
   4384.968    7.840656e-17  2.8611276e-18 
   4390.516    7.128643e-17  2.8356426e-18 
  4396.0645   7.4866635e-17  2.8711873e-18 
   4401.613   7.1323245e-17  2.8750478e-18 
   4407.161   7.3571396e-17  2.8874545e-18 
  4412.7095   6.9299094e-17  2.8833547e-18 
   4418.258    6.539911e-17  2.8301786e-18 
   4423.806    7.251463e-17  2.8664315e-18 
  4429.3545   6.8686914e-17  2.8311324e-18 
  4434.9033    6.984575e-17  2.8245273e-18 
  4440.4517     7.49183e-17  2.8408978e-18 
     4446.0    7.236699e-17  2.8319006e-18 
  4451.5483    8.175147e-17  2.8803965e-18 
  4457.0967   8.5083725e-17   2.875072e-18 
   4462.645    7.959368e-17  2.8460946e-18 
  4468.1934   8.1148417e-17  2.8565373e-18 
  4473.7417   7.8804365e-17  2.8393824e-18 
  4479.2905    7.654982e-17  2.8246092e-18 
   4484.839    8.011379e-17  2.8470481e-18 
   4490.387    8.355411e-17  2.8856752e-18 
  4495.9355    9.106285e-17  2.9292962e-18 
   4501.484    8.803743e-17   2.927346e-18 
   4507.032    8.094714e-17  2.8598907e-18 
  4512.5806    7.770962e-17  2.8225013e-18 
   4518.129    7.713331e-17  2.8127933e-18 
  4523.6777    7.317406e-17  2.7792102e-18 
   4529.226   7.6429345e-17   2.798841e-18 
  4534.7744    7.590349e-17  2.8038056e-18 
  4540.3228   7.3006855e-17  2.7829338e-18 
   4545.871    7.846176e-17  2.8043507e-18 
  4551.4194    7.574591e-17   2.812429e-18 
   4556.968    8.119816e-17  2.7941963e-18 
   4562.516    7.666877e-17  2.7886157e-18 
   4568.065    7.439615e-17  2.7721577e-18 
  4573.6133    8.046456e-17  2.8013476e-18 
  4579.1616    7.475712e-17  2.7737736e-18 
    4584.71   7.5091066e-17  2.7514662e-18 
  4590.2583    8.488849e-17  2.8292249e-18 
  4595.8066    7.521394e-17  2.7362264e-18 
   4601.355   7.9000765e-17   2.754008e-18 
  4606.9033    7.920234e-17  2.7847002e-18 
   4612.452   7.8783256e-17  2.7859151e-18 
  4618.0005   9.0254544e-17  2.8430853e-18 
   4623.549   8.1797555e-17  2.7801834e-18 
   4629.097   7.7752324e-17  2.7484513e-18 
  4634.6455    8.444383e-17  2.7762047e-18 
   4640.194    8.051381e-17  2.7753343e-18 
   4645.742    8.092682e-17   2.751341e-18 
  4651.2905    7.683375e-17  2.7188597e-18 
  4656.8394    7.758784e-17   2.751776e-18 
  4662.3877   7.9281735e-17  2.7647747e-18 
   4667.936    7.457012e-17   2.728466e-18 
  4673.4844    7.964833e-17  2.7286273e-18 
  4679.0327    7.385012e-17   2.685278e-18 
   4684.581    7.260238e-17  2.6848246e-18 
  4690.1294    7.253297e-17  2.6611883e-18 
  4695.6777    7.248852e-17  2.6578562e-18 
  4701.2266    6.735141e-17   2.615263e-18 
   4706.775   6.2305944e-17  2.5821744e-18 
   4712.323   7.6182434e-17    2.67816e-18 
  4717.8716    6.350706e-17  2.5729058e-18 
    4723.42   6.4760314e-17  2.5869108e-18 
  4728.9683    6.702303e-17  2.5858264e-18 
  4734.5166    7.038165e-17  2.6032666e-18 
   4740.065    6.849214e-17   2.593881e-18 
  4745.6133    5.856696e-17  2.5113332e-18 
   4751.162    6.465572e-17   2.561603e-18 
  4756.7104   6.7100024e-17  2.5675213e-18 
   4762.259    6.771802e-17  2.5789914e-18 
   4767.807    6.928634e-17  2.6156623e-18 
  4773.3555   6.9997526e-17    2.60174e-18 
   4778.904   6.6171425e-17  2.5744394e-18 
   4784.452     6.72329e-17  2.5661393e-18 
  4790.0005    6.696182e-17   2.577779e-18 
  4795.5493    7.030317e-17  2.6032497e-18 
  4801.0977    7.103604e-17   2.601295e-18 
   4806.646    7.092357e-17  2.6088414e-18 
  4812.1943   6.7866616e-17   2.601894e-18 
  4817.7427    6.946419e-17  2.5825228e-18 
   4823.291    7.057848e-17  2.6168361e-18 
  4828.8394   6.7639306e-17  2.6016249e-18 
  4834.3877     7.55445e-17  2.6510371e-18 
  4839.9365   7.1622935e-17  2.6176197e-18 
   4845.485   7.1703946e-17  2.5892587e-18 
   4851.033    6.611799e-17  2.5299745e-18 
  4856.5815    6.222277e-17  2.4870016e-18 
    4862.13   6.6404624e-17  2.5252906e-18 
   4867.678   5.9418746e-17  2.4628833e-18 
  4873.2266   6.4101574e-17  2.4944423e-18 
   4878.775    6.365547e-17  2.5134354e-18 
  4884.3237   6.5021624e-17  2.5208697e-18 
   4889.872     6.18217e-17   2.483968e-18 
  4895.4204    6.462518e-17  2.5171884e-18 
  4900.9688   6.0658895e-17  2.4834348e-18 
   4906.517   6.8739814e-17   2.547634e-18 
  4912.0654    6.002814e-17  2.4628883e-18 
   4917.614    6.283026e-17  2.4757152e-18 
   4923.162    5.870791e-17  2.4493436e-18 
   4928.711    6.273205e-17  2.4697152e-18 
  4934.2593    6.432801e-17   2.476279e-18 
  4939.8076    6.075243e-17  2.4475582e-18 
   4945.356   6.3059796e-17   2.470233e-18 
  4950.9043   6.2021354e-17  2.4740718e-18 
  4956.4526   5.8471234e-17   2.454086e-18 
   4962.001   6.0071974e-17  2.4633563e-18 
  4967.5493    5.850441e-17  2.4442906e-18 
   4973.098    5.963781e-17  2.4665773e-18 
  4978.6465   5.8905345e-17  2.4436617e-18 
   4984.195    5.915342e-17   2.433997e-18 
   4989.743   5.9887506e-17  2.4452778e-18 
  4995.2915   6.6231935e-17  2.5050962e-18 
    5000.84   6.4526904e-17  2.4899443e-18 
   5006.388    6.258725e-17  2.4693014e-18 
  5011.9365   6.7203885e-17  2.4824093e-18 
  5017.4854    7.021025e-17   2.509819e-18 
  5023.0337   6.6416965e-17  2.5064054e-18 
   5028.582    6.926328e-17  2.5249486e-18 
  5034.1304   6.7783123e-17  2.5182461e-18 
  5039.6787     7.52442e-17  2.5666434e-18 
   5045.227    8.708333e-17   2.637871e-18 
  5050.7754     8.85796e-17  2.6453435e-18 
  5056.3237    8.546862e-17     2.6409e-18 
  5061.8726    7.426468e-17   2.547231e-18 
   5067.421   7.4298825e-17  2.5507005e-18 
   5072.969    7.550622e-17  2.5332998e-18 
  5078.5176   7.1250976e-17  2.5071954e-18 
   5084.066    7.119522e-17   2.501376e-18 
  5089.6143    6.830125e-17  2.4829092e-18 
  5095.1626    6.457461e-17    2.45134e-18 
   5100.711   6.5822414e-17  2.4625148e-18 
  5106.2593    6.508955e-17  2.4371237e-18 
   5111.808   6.1927234e-17  2.4152826e-18 
  5117.3564    6.871288e-17  2.4774649e-18 
   5122.905    6.403347e-17  2.4190971e-18 
   5128.453    6.057524e-17  2.4229448e-18 
  5134.0015    5.967795e-17   2.396585e-18 
    5139.55   6.2193156e-17  2.4272176e-18 
   5145.098     6.04122e-17   2.397566e-18 
  5150.6465    6.156817e-17  2.4260093e-18 
  5156.1953   5.3340563e-17  2.3622814e-18 
  5161.7437    6.177322e-17  2.4107151e-18 
   5167.292    6.406548e-17  2.4326917e-18 
  5172.8403   5.8864614e-17  2.3605514e-18 
  5178.3887    6.067741e-17   2.359487e-18 
   5183.937   6.3889286e-17  2.4301942e-18 
  5189.4854    6.345751e-17  2.4806406e-18 
  5195.0337    6.702754e-17   2.558815e-18 
  5200.5825   7.2705516e-17  2.5919642e-18 
   5206.131   6.6884627e-17  2.5395849e-18 
   5211.679   6.7017796e-17  2.4743658e-18 
  5217.2275   6.4647665e-17  2.4338365e-18 
   5222.776   6.6294714e-17  2.4523293e-18 
   5228.324    7.113251e-17  2.4870438e-18 
  5233.8726   6.8106525e-17  2.4673218e-18 
   5239.421    7.408381e-17  2.5098252e-18 
  5244.9697   7.7025365e-17  2.5256405e-18 
   5250.518     7.68797e-17  2.5736747e-18 
  5256.0664    7.581883e-17  2.5453588e-18 
  5261.6147    7.887966e-17  2.6453348e-18 
   5267.163    7.081153e-17  2.4724429e-18 
  5272.7114   7.0082884e-17  2.4523312e-18 
    5278.26      7.4077e-17  2.4821817e-18 
   5283.808    7.590267e-17  2.5098932e-18 
   5289.357   7.5022674e-17  2.5154825e-18 
  5294.9053    7.345726e-17  2.5004475e-18 
  5300.4536    7.312491e-17  2.5021144e-18 
   5306.002    7.434675e-17  2.5132692e-18 
  5311.5503   7.4577294e-17   2.516688e-18 
  5317.0986    7.219837e-17  2.5152912e-18 
   5322.647    7.086181e-17   2.514944e-18 
  5328.1953   7.5573246e-17  2.5533783e-18 
   5333.744   7.5516667e-17  2.5392859e-18 
  5339.2925   7.3548976e-17   2.513838e-18 
   5344.841    7.369244e-17  2.4978789e-18 
   5350.389    7.116867e-17  2.4818072e-18 
  5355.9375    7.071422e-17  2.4844481e-18 
   5361.486    7.300649e-17   2.493905e-18 
   5367.034    7.315149e-17   2.479874e-18 
  5372.5825    6.919882e-17  2.4578169e-18 
  5378.1313    6.825623e-17  2.4503528e-18 
  5383.6797    7.104476e-17  2.4746138e-18 
   5389.228    7.611097e-17  2.4905383e-18 
  5394.7764   7.3715815e-17  2.4672322e-18 
  5400.3247    7.027694e-17  2.4533344e-18 
   5405.873    6.970905e-17  2.4594028e-18 
  5411.4214    7.380348e-17  2.4689941e-18 
  5416.9697    7.005789e-17  2.4450836e-18 
   5422.518   7.0469535e-17  2.4743516e-18 
   5428.067    7.164533e-17  2.4775776e-18 
   5433.615   6.8478815e-17  2.4314397e-18 
  5439.1636   6.5156143e-17  2.4128517e-18 
   5444.712    6.491865e-17  2.4189958e-18 
  5450.2603    6.418989e-17  2.4213212e-18 
  5455.8086    5.718332e-17  2.3585136e-18 
   5461.357    5.629586e-17  2.3615895e-18 
  5466.9053    5.845124e-17  2.3517868e-18 
   5472.454   5.8263605e-17  2.3450051e-18 
  5478.0024    5.666138e-17  2.3509182e-18 
   5483.551   5.9868725e-17  2.3493813e-18 
   5489.099     5.60406e-17  2.3198367e-18 
  5494.6475   4.9388996e-17  2.2912839e-18 
   5500.196   4.9903065e-17   2.273898e-18 
   5505.744   4.6683288e-17   2.269611e-18 
  5511.2925   5.0200797e-17     2.3006e-18 
  5516.8413   4.8176928e-17  2.2930663e-18 
  5522.3896   4.8028667e-17  2.2823164e-18 
   5527.938   4.4967957e-17  2.2554926e-18 
  5533.4863   4.8496114e-17   2.283095e-18 
  5539.0347    4.698384e-17  2.2806383e-18 
   5544.583    4.305685e-17  2.2522244e-18 
  5550.1313   4.6839996e-17  2.2650436e-18 
  5555.6797   4.2620137e-17  2.2864424e-18 
  5561.2285   3.7607687e-17  2.2333126e-18 
   5566.777   3.6080953e-17  3.6606005e-18 
   5572.325   3.7297154e-17   4.619046e-18 
  5577.8735   3.7482574e-17   4.745281e-18 
   5583.422   3.4658686e-17   4.605766e-18 
    5588.97   3.4498398e-17  3.3625833e-18 
  5594.5186   4.5835355e-17  2.3541155e-18 
   5600.067   4.2677345e-17  2.2231163e-18 
  5605.6157   4.3992704e-17  2.2461097e-18 
   5611.164    4.279174e-17  2.2483454e-18 
  5616.7124   3.9665828e-17  2.2077947e-18 
  5622.2607    4.169487e-17  2.2503145e-18 
   5627.809   4.3608125e-17  2.2582126e-18 
  5633.3574   4.7252223e-17  2.2630057e-18 
   5638.906   4.2088746e-17  2.2430313e-18 
   5644.454    5.208828e-17  2.3076552e-18 
   5650.003     7.02794e-17  2.4569365e-18 
  5655.5513    7.291932e-17  2.4884517e-18 
  5661.0996    6.819771e-17  2.4570147e-18 
   5666.648    5.824197e-17  2.3696927e-18 
  5672.1963   4.1877342e-17  2.2340986e-18 
  5677.7446   4.6843586e-17   2.262349e-18 
   5683.293   4.4442614e-17  2.2610717e-18 
  5688.8413   4.1338338e-17  2.2468918e-18 
    5694.39    4.536302e-17  2.2839842e-18 
  5699.9385   4.7707132e-17  2.3004377e-18 
   5705.487   5.0230212e-17   2.308635e-18 
   5711.035   5.6193476e-17  2.3375475e-18 
  5716.5835      5.1598e-17  2.3300174e-18 
   5722.132     4.71895e-17  2.3139908e-18 
    5727.68    5.143058e-17  2.3268227e-18 
  5733.2285   5.4374542e-17  2.3295972e-18 
  5738.7773    5.681777e-17  2.3765133e-18 
  5744.3257    6.052942e-17   2.383284e-18 
   5749.874    6.063894e-17  2.3884942e-18 
  5755.4224    6.548996e-17  2.4380644e-18 
  5760.9707    9.028693e-17  2.6434283e-18 
   5766.519   1.0935228e-16  2.7846696e-18 
  5772.0674   1.0928417e-16  2.7932686e-18 
  5777.6157  1.03030454e-16  2.7357038e-18 
   5783.164    7.777737e-17  2.5415513e-18 
   5788.713   6.9768185e-17   2.467737e-18 
   5794.261   7.2512175e-17  2.4890286e-18 
  5799.8096     6.99846e-17  2.4617743e-18 
   5805.358   6.8077004e-17    2.46908e-18 
  5810.9062    7.395219e-17  2.5247095e-18 
  5816.4546   1.4432395e-16   3.034687e-18 
   5822.003   2.0247548e-16  3.3954064e-18 
  5827.5513   1.9927149e-16  3.3993541e-18 
     5833.1   1.6249365e-16   3.419495e-18 
  5838.6484    9.605094e-17  2.6949042e-18 
   5844.197     5.89232e-17  2.3995746e-18 
   5849.745   5.2465945e-17  2.3357982e-18 
  5855.2935    4.687179e-17  2.3208395e-18 
   5860.842   5.4726564e-17  2.3923908e-18 
    5866.39    5.959086e-17  2.4380388e-18 
  5871.9385    5.361301e-17  2.4027266e-18 
  5877.4873   4.9555547e-17  2.4528558e-18 
  5883.0356     5.60278e-17  2.6449278e-18 
   5888.584    5.765003e-17   2.725559e-18 
  5894.1323   5.0120273e-17   2.699962e-18 
  5899.6807   5.3274723e-17   2.612629e-18 
   5905.229    4.783733e-17   2.437963e-18 
  5910.7773   5.4353926e-17   2.418238e-18 
  5916.3257   5.3612974e-17  2.4047253e-18 
  5921.8745   4.7815384e-17  2.3730747e-18 
   5927.423   5.3118114e-17  2.4075615e-18 
   5932.971   5.0378836e-17  2.3781122e-18 
  5938.5195   5.1075835e-17  2.3625835e-18 
   5944.068   5.8496625e-17    2.42478e-18 
   5949.616   5.4260543e-17  2.3946591e-18 
  5955.1646   5.2396336e-17  2.3732806e-18 
   5960.713   5.2937812e-17   2.384285e-18 
  5966.2617   5.1298817e-17  2.3611312e-18 
    5971.81   5.5710965e-17   2.372491e-18 
  5977.3584   4.9969094e-17  2.3429459e-18 
  5982.9067   5.1597862e-17   2.343103e-18 
   5988.455   5.2054033e-17  2.3560112e-18 
  5994.0034   4.7995097e-17   2.315043e-18 
   5999.552    5.012525e-17   2.324295e-18 
     6005.1   5.2311008e-17  2.3445446e-18 
   6010.649   5.2357085e-17  2.3380916e-18 
  6016.1973    5.270469e-17  2.3287914e-18 
  6021.7456    5.439153e-17  2.3297211e-18 
   6027.294   5.7305915e-17  2.3498034e-18 
  6032.8423   5.3426008e-17  2.3280552e-18 
  6038.3906    5.544686e-17  2.3485074e-18 
   6043.939    5.635728e-17  2.3582582e-18 
  6049.4873   5.2592497e-17   2.316945e-18 
   6055.036     5.35975e-17  2.3365987e-18 
  6060.5845   5.2968335e-17   2.337775e-18 
   6066.133   5.3110898e-17  2.3250277e-18 
   6071.681    5.458379e-17  2.3440212e-18 
  6077.2295   5.6741996e-17  2.3573394e-18 
   6082.778   6.0620136e-17  2.3685965e-18 
   6088.326   6.0707506e-17  2.3704037e-18 
  6093.8745   6.0059804e-17  2.3584975e-18 
   6099.423     6.01222e-17  2.3620996e-18 
  6104.9717    5.785463e-17  2.3555387e-18 
    6110.52    5.907639e-17  2.3457105e-18 
  6116.0684    5.352335e-17   2.298231e-18 
  6121.6167    5.484968e-17   2.306519e-18 
   6127.165   5.3161806e-17  2.3219084e-18 
  6132.7134   5.7883135e-17   2.350842e-18 
  6138.2617   5.8038545e-17   2.368854e-18 
    6143.81   5.5916834e-17  2.3464428e-18 
   6149.359   5.7373254e-17  2.3900286e-18 
   6154.907    5.729848e-17  2.3899289e-18 
  6160.4556    6.014646e-17  2.4183345e-18 
   6166.004   5.2720962e-17  2.3539623e-18 
  6171.5522    5.398152e-17  2.3318703e-18 
  6177.1006    5.396595e-17  2.3076643e-18 
   6182.649   5.2196275e-17  2.2936862e-18 
  6188.1973   5.4102072e-17   2.320099e-18 
   6193.746   5.0806207e-17   2.287516e-18 
  6199.2944   5.2727186e-17    2.30245e-18 
   6204.843     4.85263e-17  2.2673155e-18 
   6210.391   4.6981467e-17  2.2592521e-18 
  6215.9395     5.04753e-17  2.2941736e-18 
   6221.488   4.7960865e-17  2.3077917e-18 
   6227.036   4.3148414e-17  2.2981236e-18 
  6232.5845   4.4596344e-17  2.3168723e-18 
  6238.1333    4.594308e-17  2.3483974e-18 
  6243.6816    5.169789e-17  2.3861805e-18 
    6249.23   4.9690324e-17   2.346394e-18 
  6254.7783   4.4355962e-17  2.3033917e-18 
  6260.3267   4.9812588e-17   2.337198e-18 
   6265.875   4.2430147e-17  2.2739716e-18 
  6271.4233   4.6290245e-17  2.2722335e-18 
  6276.9717   4.4512577e-17  2.2580794e-18 
  6282.5205   4.6759822e-17  2.3775164e-18 
   6288.069   3.9234973e-17  3.5803876e-18 
   6293.617    3.925184e-17  4.5079586e-18 
  6299.1655   5.1911347e-17  4.6607827e-18 
   6304.714   3.0382678e-17  4.5015665e-18 
   6310.262    4.068758e-17  3.4167243e-18 
  6315.8105   4.2597548e-17  2.4196665e-18 
   6321.359   4.2179908e-17  2.2406536e-18 
  6326.9077   4.2658343e-17  2.2640033e-18 
   6332.456   4.2848158e-17  2.2589167e-18 
  6338.0044    4.022047e-17   2.208958e-18 
  6343.5527   4.3824042e-17  2.2501885e-18 
   6349.101   3.9819747e-17  2.4869229e-18 
  6354.6494    3.127376e-17   2.987471e-18 
  6360.1978   3.5681753e-17  3.2001263e-18 
   6365.746    4.298869e-17  3.2089448e-18 
   6371.295   3.9854667e-17  2.8467992e-18 
  6376.8433   3.9374254e-17   2.357837e-18 
  6382.3916   3.8716883e-17  2.1711363e-18 
    6387.94   3.6943845e-17   2.150964e-18 
  6393.4883    3.696187e-17  2.1276128e-18 
  6399.0366   3.5873053e-17  2.1170265e-18 
   6404.585   3.6200544e-17  2.1088225e-18 
  6410.1333    3.620172e-17  2.1134026e-18 
   6415.682     3.30233e-17   2.112255e-18 
  6421.2305   3.1590822e-17   2.098665e-18 
   6426.779     3.18993e-17   2.090412e-18 
   6432.327    3.060572e-17   2.079075e-18 
  6437.8755    3.431095e-17  2.0807435e-18 
   6443.424   3.6073843e-17  2.0991158e-18 
   6448.972   3.6694887e-17  2.1372056e-18 
  6454.5205   3.4886663e-17  2.1338722e-18 
   6460.069   3.0895444e-17  2.1252253e-18 
  6465.6177    3.127615e-17  2.1476754e-18 
   6471.166   3.3894927e-17  2.1455994e-18 
  6476.7144   3.3813684e-17  2.1030662e-18 
  6482.2627   2.9940216e-17  2.0341945e-18 
   6487.811   3.2639372e-17  2.0848717e-18 
  6493.3594   3.1989007e-17   2.112847e-18 
  6498.9077    3.154747e-17  2.1281825e-18 
   6504.456   2.9734073e-17  2.0925153e-18 
   6510.005   2.8450725e-17   2.055526e-18 
   6515.553    3.342453e-17   2.091875e-18 
  6521.1016   3.1717364e-17  2.0931803e-18 
    6526.65   2.7458653e-17  2.0863536e-18 
   6532.198   3.1985834e-17  2.1240656e-18 
  6537.7466    3.543219e-17  2.1462864e-18 
   6543.295   3.3592476e-17   2.160829e-18 
  6548.8433   2.9813323e-17  2.1070129e-18 
   6554.392    2.945749e-17  2.1231387e-18 
  6559.9404   2.6103028e-17  2.1058594e-18 
   6565.489     3.31266e-17  2.1438216e-18 
   6571.037   2.9830277e-17  2.0923542e-18 
  6576.5854    3.111726e-17    2.11578e-18 
   6582.134   2.5440289e-17  2.0475665e-18 
   6587.682   3.0363084e-17  2.0586586e-18 
  6593.2305   3.0331674e-17  2.0364998e-18 
  6598.7793   2.5217044e-17  2.0367418e-18 
  6604.3276   2.6089629e-17  2.0259305e-18 
   6609.876    2.637323e-17  2.0125672e-18 
  6615.4243   2.7268505e-17  2.0223263e-18 
  6620.9727   2.7087702e-17  2.0013869e-18 
   6626.521   2.5486713e-17   1.995328e-18 
  6632.0693   2.6560154e-17  2.0221266e-18 
  6637.6177   2.3766239e-17  1.9786036e-18 
  6643.1665   2.7940838e-17  2.0051751e-18 
   6648.715   2.6178303e-17  1.9998165e-18 
   6654.263   2.7530008e-17  2.0257022e-18 
  6659.8115   2.8834735e-17  2.0285269e-18 
    6665.36   2.4252992e-17  1.9852248e-18 
   6670.908    2.367731e-17  1.9699079e-18 
  6676.4565   2.7585608e-17  2.0072309e-18 
   6682.005   2.2896043e-17   1.967362e-18 
  6687.5537   2.1954604e-17  1.9483964e-18 
   6693.102   2.4861886e-17  1.9935839e-18 
  6698.6504    2.258827e-17  1.9664664e-18 
  6704.1987   2.5164019e-17  1.9849952e-18 
   6709.747   2.3646404e-17  1.9820918e-18 
  6715.2954   2.3559103e-17  1.9753822e-18 
  6720.8438   2.4909012e-17  2.0029132e-18 
   6726.392    2.160347e-17   1.967159e-18 
   6731.941   2.0265377e-17  1.9590224e-18 
  6737.4893   2.0711894e-17  1.9647943e-18 
  6743.0376   2.3536384e-17  1.9803541e-18 
   6748.586   2.3491508e-17  1.9858201e-18 
  6754.1343   2.3467147e-17   1.981875e-18 
  6759.6826   2.5673794e-17  1.9845231e-18 
   6765.231   2.6215235e-17  2.0005822e-18 
  6770.7793   2.6838161e-17  2.0008298e-18 
  6776.3276   1.9609891e-17  1.9401155e-18 
  6781.8765    2.010072e-17  1.9631812e-18 
   6787.425   2.1586663e-17  1.9530952e-18 
   6792.973   2.6542227e-17  1.9805965e-18 
  6798.5215   2.4520393e-17   2.008526e-18 
    6804.07   2.1369975e-17   1.974428e-18 
   6809.618   2.4946422e-17  2.0107776e-18 
  6815.1665   2.3692873e-17  2.0553604e-18 
   6820.715   2.6731202e-17  2.1888684e-18 
  6826.2637   2.8492153e-17  2.2640492e-18 
   6831.812   2.3352186e-17  2.2510757e-18 
  6837.3604   2.7826604e-17  2.2395317e-18 
  6842.9087    2.496088e-17  2.1069213e-18 
   6848.457   2.3380502e-17  2.0592661e-18 
  6854.0054   2.6754853e-17  2.1701044e-18 
  6859.5537   2.4661305e-17  2.1674388e-18 
   6865.102   2.2146356e-17  2.1437932e-18 
   6870.651   2.0862297e-17  2.0722024e-18 
   6876.199   2.3680541e-17  1.9988112e-18 
  6881.7476   2.5184589e-17  2.0089868e-18 
   6887.296   2.6992654e-17  2.0324562e-18 
   6892.844    2.912252e-17  2.0494051e-18 
  6898.3926    3.172629e-17   2.081249e-18 
   6903.941   2.3758725e-17  2.0492965e-18 
  6909.4893   2.4357721e-17  2.0932314e-18 
   6915.038   2.4860966e-17  2.1544482e-18 
  6920.5864    2.520781e-17  2.1368656e-18 
   6926.135   2.6185572e-17  2.1475993e-18 
   6931.683   2.5929662e-17   2.133015e-18 
  6937.2314   2.8517392e-17  2.1489147e-18 
    6942.78    2.580278e-17  2.1727568e-18 
   6948.328    2.329072e-17  2.1482265e-18 
  6953.8765   2.9010955e-17  2.1637852e-18 
  6959.4253    2.694984e-17  2.1099779e-18 
  6964.9736   2.5435587e-17  2.0949865e-18 
   6970.522     2.81006e-17   2.166044e-18 
  6976.0703     2.42065e-17  2.1255279e-18 
  6981.6187   2.6270078e-17  2.1002358e-18 
   6987.167   2.8812223e-17  2.0828553e-18 
  6992.7153   2.6064335e-17   2.084221e-18 
  6998.2637   2.3863299e-17  2.0756813e-18 
  7003.8125   2.3883459e-17  2.0589131e-18 
   7009.361    2.856692e-17   2.104581e-18 
   7014.909   3.0501964e-17   2.105353e-18 
  7020.4575   2.6785453e-17  2.0434858e-18 
   7026.006   2.2015256e-17  1.9840152e-18 
   7031.554   2.9661443e-17   2.085725e-18 
  7037.1025    3.160835e-17   2.116987e-18 
   7042.651    3.153066e-17  2.1363333e-18 
  7048.1997   2.5231676e-17  2.1083949e-18 
   7053.748   2.4461747e-17   2.083665e-18 
  7059.2964    2.966576e-17  2.0890829e-18 
  7064.8447   2.7047163e-17  2.0895759e-18 
   7070.393   2.4077262e-17   2.060244e-18 
  7075.9414   2.6464482e-17  2.0744172e-18 
  7081.4897    2.459672e-17  2.0893162e-18 
   7087.038   2.3659926e-17  2.0645837e-18 
  7092.5864   2.9332347e-17  2.0991356e-18 
  7098.1353   2.2521215e-17  2.0312985e-18 
  7103.6836   2.6640013e-17  2.0699947e-18 
   7109.232    2.974646e-17  2.1080946e-18 
  7114.7803   3.3174237e-17  2.1469117e-18 
  7120.3286     3.08365e-17    2.11265e-18 
   7125.877   2.4721659e-17   2.074298e-18 
  7131.4253   2.8559724e-17  2.1047263e-18 
  7136.9736   3.2395778e-17  2.1525088e-18 
  7142.5225     3.29934e-17  2.1607293e-18 
   7148.071    3.168881e-17  2.1604214e-18 
   7153.619   3.4025843e-17  2.1715282e-18 
  7159.1675   3.3059226e-17  2.1332655e-18 
   7164.716    2.967552e-17  2.1019168e-18 
   7170.264   2.7193045e-17  2.0719886e-18 
  7175.8125    3.038943e-17   2.079951e-18 
   7181.361    2.842033e-17  2.0497037e-18 
  7186.9097   2.3493319e-17   1.958533e-18 
   7192.458   2.8521356e-17   2.005647e-18 
  7198.0063   3.0247236e-17    2.05402e-18 
  7203.5547   3.2630614e-17  2.0830509e-18 
   7209.103   3.6806927e-17   2.138772e-18 
  7214.6514   3.2580927e-17  2.1157638e-18 
  7220.1997    3.961957e-17  2.1903796e-18 
   7225.748    2.788491e-17  2.1636119e-18 
   7231.297   2.5899898e-17  2.4035368e-18 
   7236.845    2.640091e-17   2.570629e-18 
  7242.3936      2.7684e-17   2.589496e-18 
   7247.942   2.8085267e-17  2.5344458e-18 
    7253.49   2.8502295e-17  2.3268911e-18 
  7259.0386   2.7009826e-17  2.1626104e-18 
   7264.587    3.068894e-17  2.3833563e-18 
  7270.1353   3.4591294e-17  2.5373596e-18 
   7275.684   3.0761444e-17  2.5786965e-18 
  7281.2324    3.225003e-17  2.5841555e-18 
   7286.781   2.7196178e-17  2.3829554e-18 
   7292.329   3.1309954e-17  2.3130865e-18 
  7297.8774    3.251036e-17   2.306221e-18 
   7303.426   3.1770978e-17   2.400939e-18 
   7308.974    2.884146e-17   2.463612e-18 
  7314.5225   3.1297103e-17  2.4777056e-18 
  7320.0713   3.5689085e-17   2.509893e-18 
  7325.6196   3.8098295e-17  2.5347304e-18 
   7331.168   3.7297627e-17  2.6164548e-18 
  7336.7163   3.4250346e-17  2.6090526e-18 
  7342.2646   3.2649034e-17  2.5502202e-18 
   7347.813   3.1593386e-17  2.5226695e-18 
  7353.3613    3.441532e-17  2.4519325e-18 
  7358.9097    3.422268e-17  2.5271875e-18 
  7364.4585   3.4852153e-17  2.5771569e-18 
   7370.007   3.7614447e-17  2.5281382e-18 
   7375.555   3.5539474e-17    2.42942e-18 
  7381.1035   4.0682847e-17  2.3754038e-18 
   7386.652    3.943522e-17  2.3826987e-18 
     7392.2   3.7045178e-17  2.4813958e-18 
  7397.7485   4.3483935e-17  2.5305688e-18 
   7403.297   3.4822537e-17    2.43209e-18 
  7408.8457   4.1436342e-17  2.4383016e-18 
   7414.394    4.369308e-17  2.3377764e-18 
  7419.9424   3.9924435e-17  2.3478252e-18 
  7425.4907   4.6418726e-17  2.4187142e-18 
   7431.039    3.620363e-17    2.39778e-18 
  7436.5874    4.126354e-17  2.4164117e-18 
  7442.1357    4.362231e-17  2.4351389e-18 
   7447.684    3.922134e-17  2.3472685e-18 
  7453.2324    4.240058e-17  2.3607536e-18 
  7458.7812   3.4631346e-17  2.3438684e-18 
  7464.3296    3.414419e-17  2.4131071e-18 
   7469.878    4.004805e-17  2.5059586e-18 
  7475.4263   3.9687775e-17  2.5399338e-18 
  7480.9746    3.451714e-17   2.487325e-18 
   7486.523    3.519648e-17  2.4216755e-18 
  7492.0713   3.5359655e-17  2.3451346e-18 
  7497.6196   3.2234742e-17  2.2852194e-18 
  7503.1685   3.5331733e-17  2.2827184e-18 
   7508.717   3.6189436e-17   2.361233e-18 
   7514.265   3.6989045e-17  2.4852888e-18 
  7519.8135   3.7179985e-17  2.5626912e-18 
   7525.362    3.530359e-17  2.5604871e-18 
    7530.91    2.775644e-17   2.457327e-18 
  7536.4585   2.8535746e-17  2.3596502e-18 
   7542.007   3.0588732e-17  2.3120687e-18 
  7547.5557   3.3360422e-17  2.3363565e-18 
   7553.104   3.6723375e-17  2.3763489e-18 
  7558.6523   3.1057684e-17   2.378149e-18 
  7564.2007    2.965873e-17  2.4398139e-18 
   7569.749     3.50687e-17  2.4818733e-18 
  7575.2974   3.3921704e-17  2.4908362e-18 
  7580.8457   3.3653195e-17  2.4371855e-18 
   7586.394   3.0121183e-17    2.30165e-18 
   7591.943   2.3741756e-17  2.1848994e-18 
   7597.491   2.3633132e-17  2.0503773e-18 
  7603.0396   2.1117405e-17   1.983699e-18 
   7608.588    3.047881e-17  2.0261384e-18 
   7614.136   4.8049648e-17  2.1702215e-18 
  7619.6846   3.6853795e-17  2.1889002e-18 
   7625.233   7.1009287e-17  2.4575602e-18 
  7630.7812   1.1148256e-16  2.6613533e-18 
    7636.33   1.1242893e-16  2.6646151e-18 
  7641.8784    9.009855e-17  2.5646429e-18 
   7647.427   5.0596573e-17   2.360496e-18 
   7652.975    3.125193e-17   2.260222e-18 
  7658.5234   3.1649674e-17  2.2781445e-18 
   7664.072   3.0937557e-17  2.2712322e-18 
    7669.62    2.298922e-17  2.2222062e-18 
  7675.1685   2.7501206e-17  2.3058845e-18 
  7680.7173   3.3041855e-17  2.3755198e-18 
  7686.2656   2.7305108e-17  2.3790477e-18 
   7691.814   3.0995903e-17  2.4074012e-18 
  7697.3623   3.0729356e-17  2.4394053e-18 
  7702.9106   2.3075214e-17  2.6680409e-18 
   7708.459    2.199957e-17  2.9681308e-18 
  7714.0073   2.7888388e-17  3.0723759e-18 
  7719.5557   2.6223144e-17   3.054123e-18 
  7725.1045   2.6999195e-17  2.7998995e-18 
   7730.653   2.1695358e-17  2.4665173e-18 
   7736.201   2.3737766e-17  2.4962046e-18 
  7741.7495   2.0973922e-17  2.7902605e-18 
   7747.298   2.6393758e-17  2.9380004e-18 
   7752.846   3.0898918e-17  3.0420791e-18 
  7758.3945   2.2848906e-17  2.9480016e-18 
   7763.943   1.5480596e-17  2.9878626e-18 
   7769.491     1.46937e-17   2.999432e-18 
    7775.04   1.8300031e-17  3.0357845e-18 
  7780.5884   2.3624265e-17  3.0489559e-18 
  7786.1367    3.107859e-17  2.9714871e-18 
   7791.685    2.693894e-17  2.8516837e-18 
  7797.2334   2.1783145e-17  2.8136772e-18 
  7802.7817   1.9571307e-17  2.6909476e-18 
    7808.33   1.9851324e-17  2.7458072e-18 
  7813.8784   2.5398564e-17  2.9634339e-18 
  7819.4272   2.8759875e-17  2.9805586e-18 
  7824.9756   2.6498948e-17  2.9051053e-18 
   7830.524   2.3942898e-17   2.716524e-18 
  7836.0723   2.6141804e-17  2.5875165e-18 
  7841.6206   2.1283291e-17  2.8109326e-18 
   7847.169   1.4532617e-17   3.018044e-18 
  7852.7173   1.6483622e-17  3.0936255e-18 
  7858.2656   2.2139585e-17  3.1791248e-18 
  7863.8145   2.1681105e-17  3.0612387e-18 
   7869.363   1.7285765e-17  2.8410895e-18 
   7874.911   1.8287119e-17   2.888115e-18 
  7880.4595   1.8129241e-17  2.9092819e-18 
   7886.008   2.2019791e-17  2.8398796e-18 
   7891.556   2.5534369e-17  2.8019937e-18 
  7897.1045   2.0105899e-17  2.7076744e-18 
   7902.653   1.9513895e-17   2.808495e-18 
  7908.2017   1.1053425e-17  3.0043431e-18 
    7913.75   1.4901545e-17  3.1678348e-18 
  7919.2983   1.9748151e-17   3.266534e-18 
  7924.8467   1.9156112e-17  3.0413758e-18 
   7930.395   2.3498317e-17  2.8171005e-18 
  7935.9434   1.8551367e-17  2.6778047e-18 
  7941.4917   2.4491681e-17  2.6555686e-18 
    7947.04   1.3814654e-17  2.5195932e-18 
   7952.589     1.98851e-17   2.823908e-18 
   7958.137    2.119567e-17  2.9427118e-18 
  7963.6855    2.926321e-17  2.9869285e-18 
   7969.234   1.9548852e-17  3.0509316e-18 
   7974.782   1.9003598e-17  2.8631924e-18 
  7980.3306   2.1319351e-17  2.8870642e-18 
   7985.879    1.836085e-17  3.0604866e-18 
  7991.4272   1.7460196e-17  3.0503207e-18 
   7996.976   1.9347242e-17   3.014968e-18 
  8002.5244   2.4737678e-17  2.8950182e-18 
  8008.0728   2.3971408e-17  2.6831179e-18 
   8013.621   1.7111599e-17  2.7718448e-18 
  8019.1694   1.9603269e-17  2.9746236e-18 
   8024.718   2.2810943e-17   2.974273e-18 
   8030.266   2.5597078e-17  2.9077144e-18 
  8035.8145   2.0453768e-17  2.7250423e-18 
  8041.3633  1.32165115e-17  2.5259153e-18 
  8046.9116   1.8280627e-17  2.6365882e-18 
    8052.46   2.0850105e-17  2.7346746e-18 
  8058.0083  1.38546474e-17  2.6972302e-18 
  8063.5566   2.0390818e-17  2.7420318e-18 
   8069.105   1.8247892e-17   2.698251e-18 
  8074.6533   1.9832252e-17  2.6161533e-18 
  8080.2017   2.2396142e-17  2.5978246e-18 
  8085.7505   1.7163791e-17  2.5617223e-18 
   8091.299   1.3644275e-17  2.5625567e-18 
   8096.847    2.376503e-17   2.688205e-18 
  8102.3955   2.7563273e-17  2.7495517e-18 
   8107.944   1.5431453e-17  2.6114956e-18 
   8113.492   1.8542264e-17  2.5745573e-18 
  8119.0405   1.8483283e-17  2.5349086e-18 
   8124.589   1.7097403e-17   2.521263e-18 
   8130.137   2.1213856e-17  2.5729174e-18 
   8135.686   1.5453039e-17   2.573362e-18 
  8141.2344   2.0042762e-17  2.6253532e-18 
  8146.7827   2.2825544e-17  2.6569302e-18 
   8152.331   2.0279028e-17  2.6016727e-18 
  8157.8794   1.5662544e-17  2.5185644e-18 
  8163.4277   1.2682128e-17  2.4656178e-18 
   8168.976   1.5914464e-17  2.5197412e-18 
  8174.5244   2.0783813e-17  2.5985927e-18 
   8180.073   2.7168535e-17  2.6496347e-18 
  8185.6216   2.4581101e-17  2.6469105e-18 
    8191.17   1.5728068e-17  2.5934004e-18 
   8196.718   1.6048057e-17  2.5864732e-18 
   8202.267   1.6400586e-17  2.5738986e-18 
   8207.815   1.8033578e-17  2.6152696e-18 
   8213.363   2.3716803e-17  2.6922638e-18 
   8218.912   2.2893046e-17  2.6673152e-18 
    8224.46   1.9879896e-17  2.6494858e-18 
   8230.009   1.7382365e-17  2.5757947e-18 
   8235.557   1.5228724e-17  2.5567991e-18 
   8241.105   1.9449673e-17  2.6654828e-18 
   8246.654   2.4431795e-17  2.7297971e-18 
   8252.202   2.3803045e-17  2.7495136e-18 
   8257.751   2.3575137e-17  2.7337875e-18 
   8263.299   2.3245302e-17  2.7435455e-18 
   8268.848   1.7220474e-17  2.8188746e-18 
  8274.3955    1.229584e-17  3.0566991e-18 
   8279.944   2.4352798e-17  3.4524732e-18 
   8285.492   2.6055705e-17  3.7246835e-18 
   8291.041    3.463546e-17  3.8921007e-18 
    8296.59   3.6205014e-17   3.758866e-18 
   8302.138   2.6704593e-17  3.5565615e-18 
   8307.687      1.7911e-17   3.166821e-18 
   8313.234   2.2673588e-17  2.9623422e-18 
   8318.783    2.569375e-17   2.930779e-18 
   8324.331   2.4644318e-17  2.8484963e-18 
    8329.88      2.2523e-17  3.0952892e-18 
   8335.429   2.2994354e-17    3.62498e-18 
   8340.977   2.2985424e-17  3.9642776e-18 
   8346.525   1.9256351e-17   4.070619e-18 
   8352.073   1.5780843e-17     3.9162e-18 
   8357.622   2.7266115e-17  3.5606403e-18 
    8363.17   3.1306324e-17  3.3429286e-18 
   8368.719    2.784835e-17  3.2062511e-18 
   8374.267   2.4770021e-17  3.2250585e-18 
   8379.815   2.6592025e-17  3.1789066e-18 
   8385.364   3.1366583e-17  3.3652904e-18 
   8390.912    3.015738e-17  3.7618412e-18 
   8396.461   3.3746077e-17  3.7899943e-18 
   8402.009   4.4537022e-17   3.929547e-18 
   8407.558   4.0194317e-17   3.915705e-18 
   8413.105    3.787655e-17  3.5096128e-18 
   8418.654   4.3149023e-17  3.7998125e-18 
   8424.203    4.676866e-17  4.0986766e-18 
   8429.751   4.4317366e-17    4.04832e-18 
     8435.3    6.030908e-17   4.286253e-18 
   8440.848   6.1980875e-17  4.1104615e-18 
   8446.396    6.458119e-17  3.9407774e-18 
   8451.944    6.352654e-17  4.0316225e-18 
   8457.493   6.3334546e-17  4.1880014e-18 
   8463.041   5.7593185e-17  4.0146777e-18 
    8468.59    5.957643e-17  4.0078803e-18 
   8474.139    7.144354e-17  3.9075007e-18 
   8479.687   7.4385844e-17   3.728683e-18 
   8485.235     6.72566e-17    3.63696e-18 
   8490.783    5.966166e-17   3.670284e-18 
   8496.332   5.5549374e-17  3.7990147e-18 
    8501.88   5.4072694e-17  3.8076786e-18 
   8507.429   5.9462586e-17   3.841556e-18 
   8512.977   5.7684036e-17   3.736676e-18 
   8518.525   5.0663582e-17  3.4825727e-18 
   8524.074    5.682308e-17  3.4918648e-18 
   8529.622   4.9005465e-17  3.4422958e-18 
   8535.171   5.0086044e-17  3.4592526e-18 
   8540.719   4.6859732e-17  3.5677656e-18 
   8546.268   5.4208692e-17  3.6745654e-18 
   8551.815    5.729997e-17  3.6829687e-18 
   8557.364    5.430757e-17  3.5884836e-18 
   8562.913   5.1492036e-17  3.4487962e-18 
   8568.461    4.283529e-17  3.3626832e-18 
    8574.01    4.490831e-17  3.3482015e-18 
   8579.558    4.907108e-17  3.4832464e-18 
   8585.106   4.4388692e-17  3.4751508e-18 
   8590.654   5.3951367e-17   3.629424e-18 
   8596.203   4.6234076e-17   3.587329e-18 
   8601.751   4.4986423e-17  3.5859103e-18 
     8607.3     3.93071e-17   3.580571e-18 
   8612.849   3.7977447e-17  3.7813834e-18 
   8618.396   3.8247812e-17  4.1238027e-18 
   8623.945   3.0381282e-17  4.4549934e-18 
   8629.493    3.334747e-17  4.5794464e-18 
   8635.042   3.5009112e-17  4.4162064e-18 
    8640.59   3.5420228e-17  4.2586103e-18 
   8646.139    3.319974e-17  4.1634705e-18 
  8651.6875    2.812072e-17  4.2143405e-18 
   8657.235   2.6494807e-17  4.3956556e-18 
   8662.784   2.6648576e-17  4.5222965e-18 
   8668.332   2.5024554e-17  4.4330933e-18 
   8673.881   3.0635666e-17   4.237278e-18 
   8679.429    3.335808e-17  3.9920712e-18 
   8684.978   2.4608532e-17  3.6906388e-18 
   8690.525   2.6322401e-17   3.575321e-18 
   8696.074   2.1608239e-17  3.4840202e-18 
   8701.623     2.03277e-17  3.4393256e-18 
   8707.171   3.3754147e-17   3.581057e-18 
    8712.72    3.002902e-17  3.5171265e-18 
   8718.268   2.5269436e-17  3.4273246e-18 
   8723.816   2.6795522e-17   3.415408e-18 
   8729.364    2.886096e-17   3.458017e-18 
   8734.913    3.097314e-17  3.4900276e-18 
   8740.462   2.6670179e-17  3.4562968e-18 
    8746.01   3.3323315e-17  3.6327035e-18 
   8751.559   2.7307164e-17  4.0741673e-18 
   8757.106    3.297612e-17  4.6081194e-18 
   8762.655   1.6187316e-17  4.7941436e-18 
   8768.203   3.3444203e-17   5.215295e-18 
   8773.752   1.9491595e-17  5.0300377e-18 
     8779.3  1.15336746e-17  4.6606325e-18 
   8784.849   1.9550604e-17   4.535245e-18 
   8790.397   2.5228813e-17   4.115491e-18 
   8795.945   2.2174305e-17  3.7928014e-18 
   8801.494   2.0003722e-17  3.6716736e-18 
   8807.042    2.380354e-17  3.5998797e-18 
   8812.591   1.7757379e-17  3.9982586e-18 
   8818.139   3.0305608e-17  5.0353602e-18 
  8823.6875    3.354211e-17  5.7035857e-18 
   8829.235   2.1410907e-17  5.8394025e-18 
   8834.784   2.6102642e-17   5.469748e-18 
   8840.333   2.2924742e-17  4.7390803e-18 
   8845.881   1.6161284e-17  4.2109197e-18 
    8851.43   2.2506838e-17  4.0084846e-18 
   8856.978   2.3369492e-17   4.201032e-18 
   8862.526   3.0793777e-17   4.333545e-18 
   8868.074   2.2901268e-17  4.2523995e-18 
   8873.623   1.4728894e-17  4.3985954e-18 
   8879.172   1.4650676e-17   4.739105e-18 
    8884.72   1.5089111e-17   4.873046e-18 
   8890.269   1.2986031e-17   5.055959e-18 
   8895.816   2.4264615e-17  4.9721856e-18 
   8901.365   2.2726579e-17   4.520807e-18 
   8906.913   1.9236944e-17  4.7597925e-18 
   8912.462   1.1308514e-17  5.0916817e-18 
    8918.01    8.554679e-18  5.0534743e-18 
   8923.559   1.5234854e-17  5.1072116e-18 
   8929.107   2.2732738e-17   4.798927e-18 
   8934.655   2.3403007e-17   4.494631e-18 
   8940.204   1.9446983e-17   4.353414e-18 
   8945.752   1.4399922e-17  4.6258235e-18 
   8951.301   6.8218954e-18  4.8601894e-18 
   8956.849   1.2283763e-17  4.9513327e-18 
   8962.397    2.293299e-17  4.9607477e-18 
   8967.946   2.0897694e-17      4.502e-18 
   8973.494   1.5749962e-17  4.0964598e-18 
   8979.043   1.9541662e-17   4.121862e-18 
   8984.591   2.2755866e-17  4.2703964e-18 
    8990.14      2.8021e-17   4.600351e-18 
  8995.6875   2.4108988e-17  4.7991377e-18 
   9001.236   3.0562507e-17  4.7821164e-18 
   9006.784    3.982867e-17  4.7008223e-18 
   9012.333   3.1777814e-17   4.385045e-18 
   9017.882   2.9026122e-17  4.1554464e-18 
    9023.43    3.206457e-17   4.233018e-18 
   9028.979   2.2457065e-17  4.2594334e-18 
   9034.526   2.3753105e-17  4.4161547e-18 
   9040.075    3.636061e-17   4.692374e-18 
   9045.623   3.0408182e-17   4.670526e-18 
   9051.172   1.1872498e-17   4.460602e-18 
   9056.721    2.579039e-17  4.5026816e-18 
   9062.269   3.0396393e-17   4.433731e-18 
   9067.817   2.1313607e-17   4.294468e-18 
   9073.365   2.4648882e-17  4.2435734e-18 
   9078.914    3.168959e-17  4.3382306e-18 
   9084.462   2.5839385e-17  4.2944608e-18 
   9090.011   3.5642074e-17  4.4983107e-18 
   9095.559   3.5161625e-17  4.6007926e-18 
   9101.107   3.2588167e-17  4.5891687e-18 
   9106.656   3.9070523e-17  4.6500512e-18 
   9112.204   2.8508694e-17  4.5050787e-18 
   9117.753   2.4387268e-17  4.4028657e-18 
   9123.301    3.097408e-17   4.431644e-18 
    9128.85    3.001958e-17   4.463823e-18 
   9134.397   3.1702657e-17  4.4736918e-18 
   9139.946     3.89437e-17  4.5913586e-18 
   9145.494    3.265857e-17  4.5619714e-18 
   9151.043   2.4645626e-17  4.5985125e-18 
   9156.592   3.5704963e-17  4.7360123e-18 
    9162.14    3.794655e-17  4.7986216e-18 
   9167.688   2.9635033e-17   4.752387e-18 
   9173.236   2.4446833e-17   4.635016e-18 
   9178.785   1.7173838e-17  4.5638317e-18 
   9184.333   1.7513604e-17   4.559126e-18 
   9189.882   2.3880943e-17    4.61849e-18 
   9195.431    3.803617e-17  4.7514015e-18 
   9200.979    2.827734e-17  4.6687174e-18 
   9206.527   1.3859513e-17   4.549491e-18 
   9212.075   2.4202231e-17    4.70442e-18 
   9217.624   2.4601834e-17  4.7388387e-18 
   9223.172    2.874222e-17   4.799943e-18 
   9228.721   2.2063627e-17   4.754563e-18 
   9234.269    2.571369e-17  4.6908312e-18 
   9239.817    2.927837e-17  4.6584905e-18 
   9245.366     1.94804e-17  4.6554705e-18 
   9250.914    2.612623e-17  4.7223514e-18 
   9256.463   1.6106868e-17  4.7884183e-18 
   9262.011   3.0230076e-17  4.9817056e-18 
    9267.56   3.2124916e-17  4.9676294e-18 
