# STATUS =
# OBJECT = LSQ14an
# TELESCOPE = ESO-NTT
# INSTRUMENT = EFOSC2-NTT
# DATE-OBS = 2014-01-30 06:21:26.00
# MJD = 56687.264884300064
# EXPTIME = 1800
# AIRMASS = --
# SLIT = --
# DISPERSER = --
# SOURCE = --
# FILTER =
# RESOLUTION =
# FLUX_STANDARD =
# EXTINCTION_CORRECTED = --
# PHOTOMETRY_CALIBRATED =
# TELLURIC_CORRECTED =
# FLUX_UNITS = erg cm(-2) sec(-1) Ang(-1)
# WAVE_UNITS = Angstrom
# QUALITY = --
# MIN_WAVE = 3358.4158
# MAX_WAVE = 7485.5366
# COMMENT = Released as part of DR2
 Wavelength            Flux           Error 
  3358.4158   1.5739794e-16    3.468565e-17 
   3362.502   2.3650205e-17   3.2874282e-17 
  3366.5881   1.5827029e-17    3.203618e-17 
  3370.6746    9.006867e-17   3.2801434e-17 
  3374.7607   1.8296997e-16   3.3007077e-17 
   3378.847   1.7082242e-16   3.1914517e-17 
  3382.9333   1.8724459e-16    3.138725e-17 
  3387.0195   7.2732205e-17   2.9621937e-17 
  3391.1057   1.2054306e-16    2.962116e-17 
   3395.192   5.6402667e-17   2.8748613e-17 
  3399.2783   2.0613578e-16   3.0683008e-17 
  3403.3645     8.38686e-17   3.0064144e-17 
  3407.4507   1.0617923e-16   2.7774088e-17 
   3411.537    5.074091e-17   2.6402187e-17 
  3415.6233    5.362789e-17    2.611479e-17 
  3419.7095   1.3477972e-16   2.5858748e-17 
   3423.796   6.2878717e-17    2.502351e-17 
   3427.882    8.390488e-17   2.4444691e-17 
  3431.9683   1.2169631e-16   2.4627906e-17 
  3436.0547    5.445137e-17   2.4064065e-17 
  3440.1409   1.4698831e-16   2.3898914e-17 
   3444.227   1.1444732e-16   2.2998645e-17 
  3448.3135   9.6319955e-17   2.2570753e-17 
  3452.3997    9.316678e-17   2.2205864e-17 
  3456.4858   1.7405459e-16   2.1876432e-17 
   3460.572    6.120983e-17   2.0909218e-17 
  3464.6584  1.05075344e-16   2.1441233e-17 
  3468.7446    8.021744e-17   2.3056073e-17 
  3472.8308   1.6264893e-16   2.1206932e-17 
  3476.9172  1.03572886e-16    1.997246e-17 
  3481.0034   1.5136395e-16   2.0297073e-17 
  3485.0896    9.899663e-17   1.9143403e-17 
   3489.176    6.312047e-17   1.8435348e-17 
  3493.2622   1.6443292e-16   1.9177885e-17 
  3497.3484    6.497326e-17   1.7721114e-17 
  3501.4348   8.4767755e-17   1.8075835e-17 
   3505.521   4.4985652e-17   1.7087915e-17 
  3509.6072   1.4056247e-16   1.8192367e-17 
  3513.6936   4.4202348e-17    1.660422e-17 
  3517.7798    7.317803e-17   1.7145877e-17 
   3521.866    9.234706e-17   1.6578566e-17 
  3525.9524   9.3495166e-17    1.684666e-17 
  3530.0386   8.0988155e-17   1.6702949e-17 
  3534.1248    8.710473e-17   1.6800199e-17 
   3538.211   5.6035445e-17    1.681261e-17 
  3542.2974  -5.9756698e-18   1.6739312e-17 
  3546.3835   1.0938964e-16   1.6661285e-17 
  3550.4697   7.5277175e-17   1.6288937e-17 
  3554.5562    7.154572e-17   1.5528054e-17 
  3558.6423   5.6595625e-17   1.5420231e-17 
  3562.7285  1.05616935e-16   1.6590748e-17 
   3566.815   8.5053027e-17   1.5028914e-17 
  3570.9011   8.8718145e-17   1.4785202e-17 
  3574.9873     9.57476e-17   1.4233171e-17 
  3579.0737   1.0078014e-16   1.4329061e-17 
    3583.16    9.523269e-17   1.4215364e-17 
   3587.246    9.067924e-17   1.4310825e-17 
  3591.3325   8.6477154e-17    1.400859e-17 
  3595.4187   1.1323592e-16   1.4000882e-17 
   3599.505    8.987163e-17   1.3825901e-17 
  3603.5913    7.014526e-17   1.3495488e-17 
  3607.6775    1.177907e-16   1.4217309e-17 
  3611.7637    6.783478e-17   1.3592709e-17 
  3615.8499    8.741098e-17   1.3490861e-17 
  3619.9363  1.07099686e-16   1.3775367e-17 
  3624.0225   9.9431404e-17   1.3493847e-17 
  3628.1086   7.9313287e-17   1.3436449e-17 
   3632.195     9.31832e-17   1.3356113e-17 
  3636.2812    7.327225e-17   1.2906519e-17 
  3640.3674   1.0053287e-16   1.3266147e-17 
  3644.4539    1.250155e-16    1.308639e-17 
    3648.54    9.557165e-17  1.28188725e-17 
  3652.6262   1.1995561e-16    1.283052e-17 
  3656.7126   9.4920186e-17   1.2297683e-17 
  3660.7988   1.3484988e-16   1.2664368e-17 
   3664.885   1.1186174e-16     1.24491e-17 
  3668.9714  1.04477484e-16   1.1981707e-17 
  3673.0576    6.738748e-17   1.1696739e-17 
  3677.1438   1.1258795e-16    1.158919e-17 
  3681.2302  1.03357395e-16   1.1687713e-17 
  3685.3164   1.1796604e-16   1.1782741e-17 
  3689.4026   1.3764215e-16    1.189098e-17 
  3693.4888   9.0132465e-17    1.163184e-17 
  3697.5752   1.2094054e-16   1.1632789e-17 
  3701.6614   1.4872936e-16   1.1678414e-17 
  3705.7476   1.2008169e-16   1.1519213e-17 
   3709.834   1.2696312e-16    1.151413e-17 
  3713.9202   9.9177804e-17   1.0784139e-17 
  3718.0063    9.479819e-17  1.07023415e-17 
  3722.0928     8.55603e-17   1.0627146e-17 
   3726.179   1.3451385e-16   1.1248307e-17 
  3730.2651   1.0927215e-16   1.0864145e-17 
  3734.3516   1.2229173e-16  1.12121586e-17 
  3738.4377   1.1517707e-16   1.1339746e-17 
   3742.524   1.2139921e-16  1.08144104e-17 
  3746.6104    1.188404e-16   1.0598668e-17 
  3750.6965    1.191464e-16   1.0305626e-17 
  3754.7827   1.1377606e-16    1.031728e-17 
   3758.869   1.1883788e-16   1.0026691e-17 
  3762.9553     1.01919e-16    9.734429e-18 
  3767.0415   1.1067445e-16    9.629107e-18 
  3771.1277   1.2034794e-16    9.915356e-18 
   3775.214   1.1761352e-16    9.879361e-18 
  3779.3003   9.5177995e-17    9.480156e-18 
  3783.3865  1.07461025e-16    9.478509e-18 
   3787.473    9.263117e-17    9.275347e-18 
   3791.559   1.1559563e-16    9.488473e-18 
  3795.6453    8.216227e-17    9.011433e-18 
  3799.7317   1.1565688e-16    9.123658e-18 
  3803.8179   1.0905484e-16    9.015346e-18 
   3807.904   1.3393526e-16   9.1651504e-18 
  3811.9905   1.1168271e-16    9.189982e-18 
  3816.0767   8.7615705e-17     8.83166e-18 
  3820.1628   8.9897685e-17   8.7612654e-18 
  3824.2493    9.712228e-17    8.915581e-18 
  3828.3354   1.2250459e-16    8.927924e-18 
  3832.4216    9.516406e-17    8.716905e-18 
  3836.5078   9.2320933e-17    8.675934e-18 
  3840.5942  1.06346284e-16    8.663399e-18 
  3844.6804   9.8869914e-17    8.387113e-18 
  3848.7666   9.5835875e-17    8.366056e-18 
   3852.853    9.857905e-17    8.164495e-18 
  3856.9392    9.572625e-17    8.164841e-18 
  3861.0254   1.0367128e-16    8.109968e-18 
  3865.1118    1.060317e-16     8.15168e-18 
   3869.198    8.908225e-17    7.810914e-18 
  3873.2842  1.01898533e-16    7.872886e-18 
  3877.3706   9.2905776e-17   7.7212934e-18 
  3881.4568    9.126111e-17   7.7679605e-18 
   3885.543   8.9437216e-17    7.685171e-18 
  3889.6294   8.1733736e-17    7.620756e-18 
  3893.7156   9.6570187e-17   7.7416305e-18 
  3897.8018   8.4638014e-17    7.606591e-18 
  3901.8882    9.721856e-17    7.652194e-18 
  3905.9744   9.7351905e-17    7.597907e-18 
  3910.0605   1.1114653e-16   7.8849685e-18 
  3914.1467  1.02058126e-16    7.736334e-18 
  3918.2332   1.1124016e-16    7.656449e-18 
  3922.3193   1.1241733e-16    7.561372e-18 
  3926.4055   9.7244895e-17    7.336341e-18 
   3930.492    9.842672e-17    7.378126e-18 
  3934.5781   1.0322374e-16   7.3654776e-18 
  3938.6643  1.05036896e-16    7.345042e-18 
  3942.7507   1.2318314e-16     7.44849e-18 
   3946.837    9.090729e-17    7.281085e-18 
   3950.923    7.240559e-17     7.17358e-18 
  3955.0095   1.2293582e-16    7.380987e-18 
  3959.0957   1.0461658e-16    7.251143e-18 
   3963.182   1.0721184e-16   7.1862035e-18 
  3967.2683   9.9258874e-17    7.014981e-18 
  3971.3545    9.907779e-17   6.8423818e-18 
  3975.4407    9.275911e-17    6.997585e-18 
  3979.5269   9.0778665e-17     7.05582e-18 
  3983.6133   9.1997995e-17    7.010043e-18 
  3987.6995   1.0340125e-16    7.086089e-18 
  3991.7856   1.0701926e-16   7.0961815e-18 
   3995.872    9.865312e-17   6.9774835e-18 
  3999.9583    1.118464e-16    7.065922e-18 
  4004.0444   9.5822726e-17    7.069619e-18 
  4008.1309   1.0089346e-16   7.0874655e-18 
   4012.217     1.11372e-16    7.116349e-18 
  4016.3032   1.0819879e-16    7.205713e-18 
  4020.3896   1.1508762e-16    7.100085e-18 
  4024.4758   1.1492579e-16    7.277488e-18 
   4028.562   1.2042426e-16    7.096048e-18 
  4032.6484    1.080231e-16   6.9383455e-18 
  4036.7346   1.3440886e-16    7.106351e-18 
  4040.8208   1.1593247e-16    6.966993e-18 
  4044.9072  1.02392565e-16    6.988938e-18 
  4048.9934    9.780505e-17    6.952573e-18 
  4053.0796   1.0280772e-16    6.888909e-18 
  4057.1658   1.0562928e-16   6.9376246e-18 
  4061.2522   1.1316036e-16    6.999286e-18 
  4065.3384   1.1847053e-16    6.976604e-18 
  4069.4246   1.2103026e-16    6.927693e-18 
   4073.511   1.0637481e-16    6.950226e-18 
  4077.5972   1.2467807e-16    6.961933e-18 
  4081.6833  1.11019305e-16   6.8021796e-18 
  4085.7698   1.1863266e-16    6.928968e-18 
   4089.856    1.206899e-16    6.899146e-18 
  4093.9421   1.2196418e-16    6.838447e-18 
  4098.0283   1.0522541e-16    6.764553e-18 
  4102.1147    8.623413e-17   6.5124666e-18 
   4106.201   1.2226344e-16   6.7810426e-18 
   4110.287   1.0281376e-16   6.6132197e-18 
  4114.3735   1.1976944e-16   6.6500073e-18 
    4118.46   1.1755502e-16     6.69174e-18 
   4122.546   1.0292709e-16   6.6433712e-18 
  4126.6323   1.4251699e-16   6.8659883e-18 
  4130.7188  1.06356805e-16   6.6614563e-18 
  4134.8047   1.2926882e-16   6.8233632e-18 
   4138.891   1.0905396e-16    6.676727e-18 
  4142.9775    9.875895e-17   6.6419088e-18 
  4147.0635   1.1798331e-16    6.704609e-18 
    4151.15  1.09488855e-16    6.594172e-18 
  4155.2363     1.17688e-16   6.5490743e-18 
  4159.3223   1.3066026e-16    6.799029e-18 
  4163.4087   1.1443005e-16   6.7038543e-18 
  4167.4946   9.8869716e-17   6.6199897e-18 
   4171.581   1.2160624e-16   6.7957606e-18 
  4175.6675   1.1809524e-16    6.714581e-18 
  4179.7534    1.260602e-16    6.715844e-18 
    4183.84   1.0741015e-16   6.5196465e-18 
  4187.9263   1.0643413e-16    6.530998e-18 
   4192.012   1.0973876e-16    6.497315e-18 
  4196.0986   1.0795492e-16   6.4444016e-18 
   4200.185   1.1439083e-16   6.4585964e-18 
   4204.271   1.1765732e-16    6.449937e-18 
  4208.3574  1.05608465e-16   6.4239686e-18 
   4212.444   1.1459968e-16   6.4413448e-18 
    4216.53   1.1796136e-16    6.481375e-18 
   4220.616   1.1825583e-16   6.3732144e-18 
  4224.7026   1.1452367e-16    6.338295e-18 
  4228.7886    9.245025e-17   6.1189817e-18 
   4232.875   1.2326259e-16    6.345132e-18 
  4236.9614   1.0026825e-16    6.141003e-18 
  4241.0474   1.1627478e-16   6.3479168e-18 
   4245.134    9.366593e-17    6.129435e-18 
    4249.22   1.0181392e-16     6.14802e-18 
   4253.306   1.1099439e-16   6.1985685e-18 
  4257.3926    8.611167e-17    6.082617e-18 
   4261.479   8.9587293e-17    6.070159e-18 
   4265.565  1.04993195e-16   6.1963165e-18 
  4269.6514    9.614621e-17    6.135206e-18 
   4273.738    8.440666e-17   5.9942433e-18 
  4277.8237    9.053998e-17   6.0471787e-18 
    4281.91   1.0932251e-16   6.1860603e-18 
  4285.9966    9.257798e-17   6.0380165e-18 
  4290.0825   9.3271404e-17    6.021332e-18 
   4294.169  1.09732364e-16   6.1649577e-18 
  4298.2554   1.0840827e-16    6.194342e-18 
  4302.3413  1.05640606e-16   6.1268433e-18 
  4306.4277   1.0867976e-16    6.118447e-18 
   4310.514   1.2442453e-16   6.1851913e-18 
     4314.6    1.141546e-16     6.13822e-18 
  4318.6865   1.1108054e-16   6.1297417e-18 
  4322.7725  1.07766976e-16    6.108192e-18 
   4326.859  1.02216727e-16   6.0782183e-18 
  4330.9453   1.3144664e-16    6.294364e-18 
  4335.0312   1.6885218e-16   6.5773738e-18 
  4339.1177   1.8349142e-16    6.762446e-18 
   4343.204   1.7998308e-16   6.6769196e-18 
    4347.29   1.5102732e-16   6.3873696e-18 
  4351.3765   1.2643793e-16    6.222524e-18 
   4355.463   1.1964911e-16    6.199016e-18 
   4359.549   1.1617054e-16   6.1080956e-18 
  4363.6353   1.1276003e-16   6.0897057e-18 
  4367.7217   1.1621504e-16   6.1002477e-18 
  4371.8076  1.05732006e-16   6.0543367e-18 
   4375.894   1.2177246e-16   6.1195297e-18 
  4379.9805   1.0505707e-16    5.992161e-18 
  4384.0664  1.05260473e-16    5.968481e-18 
   4388.153   1.2247248e-16   6.0685895e-18 
  4392.2393   1.1216355e-16   5.9716704e-18 
   4396.325   1.1738736e-16    6.107966e-18 
  4400.4116   1.1581783e-16    6.001337e-18 
   4404.498     1.25661e-16   6.1482925e-18 
   4408.584     9.45642e-17    5.975579e-18 
  4412.6704    9.614386e-17   5.9885982e-18 
   4416.757    9.536935e-17   6.0075055e-18 
   4420.843   1.0562732e-16    6.062179e-18 
   4424.929   1.0887621e-16    6.042259e-18 
  4429.0156  1.02634115e-16   5.9984077e-18 
  4433.1016  1.06843856e-16    6.022532e-18 
   4437.188   1.0074786e-16   5.9400584e-18 
  4441.2744    9.891077e-17    5.885245e-18 
  4445.3604   9.1610465e-17   5.8748187e-18 
   4449.447     9.94383e-17    5.911856e-18 
   4453.533      1.0608e-16   5.8569177e-18 
   4457.619   1.0978727e-16   5.8792052e-18 
  4461.7056    1.149614e-16   5.9600406e-18 
  4465.7915  1.06489055e-16   5.9029246e-18 
   4469.878   1.0378136e-16    5.917891e-18 
  4473.9644   1.1440748e-16   5.9993147e-18 
  4478.0503   1.1671451e-16   6.0297848e-18 
  4482.1367   1.2185579e-16    6.069714e-18 
   4486.223    9.707062e-17    5.841471e-18 
   4490.309  1.10519734e-16   5.9423303e-18 
  4494.3955   1.3997222e-16    6.130354e-18 
   4498.482   1.1846179e-16    6.001174e-18 
   4502.568    1.271803e-16    6.099184e-18 
  4506.6543   1.3303552e-16    6.148403e-18 
  4510.7407   1.1689224e-16    6.007307e-18 
  4514.8267   1.1488149e-16   5.9522746e-18 
   4518.913   1.1345566e-16   5.9444164e-18 
  4522.9995   1.0576131e-16    6.131806e-18 
  4527.0854   1.1891407e-16   6.0069145e-18 
   4531.172  1.09324544e-16   6.2563446e-18 
  4535.2583   1.1660025e-16   5.9865187e-18 
   4539.344  1.09743064e-16   5.9296368e-18 
  4543.4307   1.0169754e-16   5.8873244e-18 
   4547.517   1.0959394e-16   5.9376906e-18 
   4551.603   1.0930799e-16    5.939532e-18 
  4555.6895   1.1293959e-16   5.9615684e-18 
   4559.776  1.04556536e-16    5.915031e-18 
   4563.862   1.1557279e-16   5.9842795e-18 
   4567.948   1.1776095e-16    5.959997e-18 
  4572.0347    1.134628e-16   5.9162803e-18 
  4576.1206   1.1714832e-16   5.9754634e-18 
   4580.207   1.1965105e-16   5.9615945e-18 
  4584.2935   1.1458265e-16   5.9716087e-18 
  4588.3794   1.1574291e-16   5.9716795e-18 
   4592.466   1.3194703e-16   6.0697475e-18 
  4596.5522   1.1902682e-16   6.0076718e-18 
   4600.638    1.195615e-16    5.979799e-18 
  4604.7246   1.2016053e-16   5.9744878e-18 
   4608.811   1.3040538e-16    6.083474e-18 
   4612.897   1.2781306e-16   6.0696938e-18 
  4616.9834   1.3492866e-16    6.166138e-18 
  4621.0693   1.1961936e-16     5.94874e-18 
   4625.156   1.3492756e-16   6.1647074e-18 
   4629.242   1.3250772e-16    6.144496e-18 
   4633.328   1.2151859e-16    6.044534e-18 
  4637.4146   1.1291493e-16   5.9146164e-18 
   4641.501   1.4437675e-16    6.151147e-18 
   4645.587   1.1724466e-16   5.9797408e-18 
  4649.6733   1.4458838e-16    6.144256e-18 
    4653.76   1.2522221e-16   6.0810675e-18 
  4657.8457   1.2232874e-16   6.0749203e-18 
   4661.932   1.2265253e-16   6.1148744e-18 
  4666.0186    1.365242e-16   6.1505064e-18 
  4670.1045    1.253617e-16    6.048221e-18 
   4674.191   1.2397483e-16   5.9748947e-18 
  4678.2773    1.139354e-16    5.909282e-18 
  4682.3633    1.159979e-16   5.9263806e-18 
  4686.4497      1.0968e-16   5.8970343e-18 
   4690.536   1.0656875e-16   5.8566435e-18 
   4694.622    1.129099e-16    5.921815e-18 
  4698.7085   1.0394079e-16   5.7594977e-18 
   4702.795   1.0744369e-16   5.8207926e-18 
   4706.881   8.1879624e-17   5.6200793e-18 
  4710.9673   9.8722114e-17   5.7828457e-18 
  4715.0537  1.03988356e-16    5.797307e-18 
  4719.1396    7.831578e-17   5.6068233e-18 
   4723.226    9.099127e-17    5.694595e-18 
  4727.3125    9.466326e-17    5.706477e-18 
  4731.3984    1.005055e-16   5.7375683e-18 
   4735.485   1.0487992e-16   5.8329902e-18 
  4739.5713   1.0241589e-16   5.7565277e-18 
   4743.657  1.00549124e-16   5.7604866e-18 
  4747.7437  1.04490156e-16    5.777473e-18 
    4751.83   1.1212162e-16    5.847017e-18 
   4755.916   1.0933992e-16    5.849476e-18 
  4760.0024   1.0292956e-16   5.7661387e-18 
  4764.0884    9.766299e-17    5.705893e-18 
   4768.175   1.0187333e-16   5.8694383e-18 
   4772.261   1.2741771e-16     5.97106e-18 
   4776.347  1.10138754e-16   5.8528798e-18 
  4780.4336    9.704945e-17    5.824937e-18 
    4784.52   9.8100186e-17    5.785108e-18 
   4788.606   9.1667434e-17   5.7538543e-18 
  4792.6924   1.0890794e-16   5.8963155e-18 
   4796.779    1.025567e-16   5.7824797e-18 
  4800.8647  1.01716415e-16   5.7799415e-18 
   4804.951    1.122785e-16   5.9246613e-18 
  4809.0376    9.711632e-17    5.847183e-18 
  4813.1235    1.042073e-16    5.861884e-18 
    4817.21   9.7287405e-17   5.7950615e-18 
  4821.2964   1.0148131e-16   5.8732772e-18 
  4825.3823   1.1837502e-16    5.992235e-18 
  4829.4688   1.0898444e-16   5.8686723e-18 
   4833.555   1.1333892e-16    5.960753e-18 
   4837.641   1.0503171e-16   5.9409795e-18 
  4841.7275    8.970938e-17    5.772769e-18 
   4845.814    9.375544e-17   5.7328005e-18 
     4849.9   9.6226404e-17   5.7710034e-18 
  4853.9863   9.8083815e-17   5.7509004e-18 
  4858.0728   9.9092935e-17     5.77705e-18 
  4862.1587    9.386514e-17    5.672654e-18 
   4866.245    9.375446e-17    5.668984e-18 
  4870.3315    8.690394e-17    5.635928e-18 
  4874.4175    7.875747e-17   5.6298533e-18 
   4878.504    8.497451e-17    5.698511e-18 
  4882.5903   9.3614154e-17    5.700992e-18 
  4886.6763  1.03747825e-16     5.82042e-18 
  4890.7627  1.03886937e-16   5.7800325e-18 
   4894.849   1.0034133e-16   5.7694723e-18 
   4898.935    9.975651e-17   5.7792533e-18 
  4903.0215    9.288288e-17    5.784022e-18 
  4907.1074    9.384702e-17   5.7113033e-18 
   4911.194    9.748826e-17   5.7557096e-18 
  4915.2803   1.0112123e-16   5.7762026e-18 
   4919.366    9.694106e-17   5.7413924e-18 
  4923.4526    9.386405e-17    5.682663e-18 
   4927.539    9.325122e-17   5.7043074e-18 
   4931.625    9.017853e-17   5.7020107e-18 
  4935.7114   1.0130757e-16   5.7584807e-18 
   4939.798    8.887364e-17   5.6766932e-18 
   4943.884    9.321588e-17   5.7128373e-18 
    4947.97   1.0226875e-16    5.837886e-18 
  4952.0566   9.5652486e-17    5.777155e-18 
  4956.1426    9.441871e-17   5.7565228e-18 
   4960.229   1.0129347e-16   5.8490607e-18 
  4964.3154    8.742754e-17    5.721647e-18 
  4968.4014    8.704961e-17     5.69733e-18 
   4972.488   1.0074155e-16   5.7107276e-18 
   4976.574  1.08553565e-16     5.83099e-18 
    4980.66   9.4241025e-17    5.670746e-18 
  4984.7466   1.0733232e-16    5.875584e-18 
   4988.833    9.679916e-17   5.7525233e-18 
   4992.919   9.4483514e-17   5.7241006e-18 
  4997.0054    9.425265e-17   5.7714294e-18 
   5001.092    9.308213e-17    5.808218e-18 
  5005.1777    9.663117e-17   5.7629036e-18 
   5009.264    9.701785e-17   5.8089813e-18 
  5013.3506  1.06835836e-16   5.8792147e-18 
  5017.4365    9.270262e-17   5.7361687e-18 
   5021.523   1.0321872e-16   5.8696633e-18 
  5025.6094  1.07220534e-16   5.8413787e-18 
  5029.6953   9.7748026e-17    5.806805e-18 
  5033.7817   1.2026149e-16   5.9477524e-18 
   5037.868   1.1394838e-16    5.877306e-18 
   5041.954     1.13964e-16   5.8818146e-18 
  5046.0405   1.4128986e-16   6.1424335e-18 
   5050.127   1.4013902e-16    6.171564e-18 
   5054.213   1.2321352e-16    6.055626e-18 
  5058.2993   1.2481134e-16   6.0456137e-18 
  5062.3853   1.2421121e-16   6.0565114e-18 
  5066.4717   1.1822768e-16   5.9658077e-18 
   5070.558   1.1312267e-16   5.9009365e-18 
   5074.644    1.127027e-16    5.926034e-18 
  5078.7305   1.1352437e-16   5.8467243e-18 
   5082.817   1.1436821e-16   5.9433444e-18 
   5086.903  1.02106454e-16    5.889646e-18 
  5090.9893   1.0392098e-16   5.8839876e-18 
  5095.0757   1.1416731e-16   5.9091942e-18 
  5099.1616   9.5510006e-17    5.795819e-18 
   5103.248   8.8223286e-17    5.772885e-18 
  5107.3345   9.8971154e-17   5.8142087e-18 
  5111.4204    9.779878e-17   5.7908946e-18 
   5115.507    8.298066e-17   5.6968677e-18 
  5119.5933    8.948927e-17    5.729901e-18 
   5123.679    9.078666e-17    5.714746e-18 
  5127.7656    8.833031e-17    5.698233e-18 
   5131.852   1.0372066e-16    5.837898e-18 
   5135.938   9.3716394e-17    5.765658e-18 
  5140.0244    7.327068e-17   5.6234997e-18 
   5144.111     8.07312e-17    5.619546e-18 
   5148.197    8.954541e-17   5.7278332e-18 
   5152.283    8.525435e-17   5.7123687e-18 
  5156.3696   9.8012737e-17    5.740748e-18 
  5160.4556    9.306359e-17    5.793416e-18 
   5164.542    7.840732e-17   5.6304596e-18 
  5168.6284    9.365699e-17   5.7101994e-18 
  5172.7144  1.01994447e-16   5.8198095e-18 
   5176.801    8.399452e-17   5.6471434e-18 
   5180.887    8.493436e-17   5.7114377e-18 
   5184.973  1.05211326e-16   5.8223444e-18 
  5189.0596    9.142341e-17    5.736519e-18 
   5193.146   8.8987316e-17   5.7758143e-18 
   5197.232    9.807773e-17   5.8527557e-18 
  5201.3184   1.0813582e-16   5.9127445e-18 
  5205.4043   1.0626973e-16   5.8999187e-18 
  5209.4907   1.0257298e-16    5.869425e-18 
   5213.577   9.9589297e-17   5.8492365e-18 
   5217.663   9.2848145e-17   5.8152766e-18 
  5221.7495   9.6169375e-17   5.8444665e-18 
   5225.836  1.08484744e-16   5.9526018e-18 
   5229.922   1.1140261e-16   5.9581604e-18 
  5234.0083    1.090802e-16    5.932523e-18 
  5238.0947   1.0642878e-16    5.923836e-18 
  5242.1807   1.1338646e-16    5.969152e-18 
   5246.267   1.1684483e-16     5.96531e-18 
  5250.3535   1.0766522e-16     5.89676e-18 
  5254.4395   1.0218758e-16    5.819939e-18 
   5258.526  1.04116535e-16   5.8744556e-18 
  5262.6123   1.0815073e-16   5.9051882e-18 
   5266.698   1.1643349e-16    5.978778e-18 
  5270.7847   1.1570767e-16   5.9692244e-18 
   5274.871  1.06428975e-16   5.8925832e-18 
   5278.957   1.1769417e-16   5.9704242e-18 
  5283.0435   1.2075766e-16   6.0158613e-18 
    5287.13   1.4020891e-16   6.1347705e-18 
   5291.216   1.3359339e-16   6.5856473e-18 
  5295.3022   1.2778171e-16    6.105116e-18 
  5299.3887   1.2399183e-16    6.055439e-18 
  5303.4746   1.2701489e-16   6.0861352e-18 
   5307.561   1.2495674e-16   5.9950812e-18 
  5311.6475   1.1874143e-16     6.01532e-18 
  5315.7334    1.096629e-16   5.9516803e-18 
    5319.82   1.0097909e-16   5.9538537e-18 
  5323.9062   1.2872852e-16   6.1242083e-18 
   5327.992   1.1196479e-16    6.000127e-18 
  5332.0786   1.0978956e-16    6.012282e-18 
   5336.165    9.957647e-17    5.902931e-18 
   5340.251   1.2588429e-16    6.101993e-18 
  5344.3374   1.1888426e-16   6.0014187e-18 
   5348.424   1.1304328e-16    5.971621e-18 
    5352.51   1.1344862e-16    5.992455e-18 
   5356.596     1.12074e-16   5.9823695e-18 
   5360.682  1.02424806e-16   5.9021525e-18 
  5364.7686    1.141875e-16    5.922717e-18 
   5368.855   1.1298088e-16   5.9515943e-18 
   5372.941   1.0374651e-16   5.8918847e-18 
  5377.0273   1.1273114e-16   5.9807193e-18 
   5381.114   1.2082594e-16    6.093715e-18 
  5385.1997   1.2046451e-16   6.0188408e-18 
   5389.286    1.193213e-16   5.9691363e-18 
  5393.3726   1.1470813e-16   5.9337723e-18 
  5397.4585   1.0873395e-16    5.877715e-18 
   5401.545   1.0835396e-16   5.9210635e-18 
  5405.6313   1.1756992e-16    5.991608e-18 
  5409.7173   1.2354395e-16   6.0953574e-18 
  5413.8037   1.1701186e-16   5.9692033e-18 
    5417.89   1.2171272e-16    6.008292e-18 
   5421.976   1.1868054e-16   5.9804083e-18 
  5426.0625  1.06754606e-16   5.8638726e-18 
   5430.149   1.0387135e-16   5.9003815e-18 
   5434.235   1.0699369e-16   5.9202226e-18 
  5438.3213   1.0760252e-16   5.8999096e-18 
  5442.4077   1.0101773e-16   5.9005415e-18 
  5446.4937    1.019388e-16   5.8518772e-18 
    5450.58   1.0931738e-16   5.9307138e-18 
  5454.6665    9.359135e-17    5.815712e-18 
  5458.7524    9.383278e-17    5.827985e-18 
   5462.839    8.342353e-17   5.7227742e-18 
  5466.9253    8.430432e-17   5.7412617e-18 
   5471.011   9.4381784e-17    5.744386e-18 
  5475.0977     9.14675e-17   5.7029454e-18 
   5479.184    9.396983e-17   5.7933278e-18 
    5483.27    9.357658e-17    5.815548e-18 
  5487.3564   8.0161306e-17   5.6683664e-18 
   5491.443   7.4931115e-17   5.6413044e-18 
   5495.529    8.817253e-17   5.7132132e-18 
   5499.615   8.8256856e-17   5.7037933e-18 
   5503.701    8.436716e-17    5.694099e-18 
  5507.7876   8.4195876e-17    5.661136e-18 
   5511.874    9.597807e-17   5.7202612e-18 
    5515.96    8.106102e-17    5.682671e-18 
  5520.0464    7.364662e-17    5.640156e-18 
   5524.133   7.5317654e-17    5.588757e-18 
  5528.2188   8.3132585e-17   5.6530644e-18 
   5532.305    7.832932e-17   5.6411625e-18 
  5536.3916   7.8009776e-17   5.6631006e-18 
  5540.4775    6.890591e-17   5.6359525e-18 
   5544.564    7.450978e-17    5.635661e-18 
  5548.6504     7.21571e-17   5.6353507e-18 
  5552.7363     6.99336e-17   5.6477766e-18 
  5556.8228   6.6436374e-17   5.5610637e-18 
   5560.909    7.233779e-17   5.5453746e-18 
   5564.995   7.4024314e-17   5.9743475e-18 
  5569.0815   7.9210604e-17    8.354177e-18 
   5573.168    7.137367e-17    9.772351e-18 
   5577.254   5.2315372e-17    9.702398e-18 
  5581.3403    5.113602e-17    9.297044e-18 
   5585.427     6.04143e-17     7.55876e-18 
  5589.5127   7.1652476e-17   5.5958595e-18 
   5593.599    6.923557e-17   5.6300568e-18 
  5597.6855   6.8356135e-17    5.597514e-18 
  5601.7715   7.6743726e-17   5.6778533e-18 
   5605.858    8.271134e-17    5.708157e-18 
  5609.9443   7.6667844e-17   5.6999626e-18 
  5614.0303   6.6762065e-17   5.6126632e-18 
  5618.1167    6.766841e-17    5.639496e-18 
   5622.203   6.7463435e-17   5.6688656e-18 
   5626.289   7.7836485e-17   5.7248264e-18 
  5630.3755    7.390268e-17     5.64652e-18 
   5634.462    7.725135e-17   5.7067894e-18 
   5638.548    8.181587e-17   5.7384617e-18 
  5642.6343   6.9101504e-17   5.6488325e-18 
  5646.7207    8.783081e-17    5.833697e-18 
  5650.8066    1.088054e-16    6.040401e-18 
   5654.893   1.1805466e-16   6.0842563e-18 
   5658.979   1.1667913e-16   6.0597887e-18 
  5663.0654    8.950429e-17    5.839995e-18 
   5667.152   7.4271574e-17   5.6564517e-18 
   5671.238    7.259132e-17   5.6825807e-18 
   5675.324   7.5929344e-17   5.6961923e-18 
  5679.4106    6.497276e-17    5.637257e-18 
  5683.4966      7.3356e-17   5.6625497e-18 
   5687.583    7.515142e-17   5.6943022e-18 
  5691.6694    6.287922e-17    5.661938e-18 
  5695.7554    7.695418e-17   5.6998787e-18 
   5699.842     7.96962e-17   5.7913194e-18 
   5703.928   7.0141104e-17    5.659876e-18 
   5708.014    7.240241e-17    5.675039e-18 
  5712.1006    7.959086e-17    5.777643e-18 
   5716.187    7.914358e-17    5.789372e-18 
   5720.273    7.771184e-17    5.829293e-18 
  5724.3594    7.757725e-17   5.7689607e-18 
   5728.446    8.304894e-17    5.813845e-18 
  5732.5317    9.385389e-17   5.9514193e-18 
   5736.618    8.646523e-17   5.8861234e-18 
  5740.7046    8.474772e-17    5.813624e-18 
  5744.7905   9.4906534e-17   5.9065448e-18 
   5748.877    9.427387e-17    5.977852e-18 
  5752.9634    9.030382e-17   5.8799203e-18 
  5757.0493   1.0611195e-16    5.984914e-18 
  5761.1357   1.2940224e-16    6.306107e-18 
   5765.222    1.824677e-16   6.7373456e-18 
   5769.308   1.7541246e-16   6.6915706e-18 
  5773.3945   1.7490096e-16   6.6735555e-18 
   5777.481   1.4181829e-16    6.416343e-18 
   5781.567   1.0394076e-16   6.0737093e-18 
  5785.6533    9.621097e-17   5.9580934e-18 
  5789.7397   9.5796885e-17    5.974327e-18 
  5793.8257    9.730682e-17   5.9806924e-18 
   5797.912   1.0667925e-16   6.0804103e-18 
   5801.998   1.0237697e-16   6.0456352e-18 
  5806.0845     9.89249e-17   6.0183205e-18 
   5810.171   9.9900846e-17    6.026496e-18 
   5814.257   1.1747771e-16     6.17922e-18 
  5818.3433   2.0869771e-16    7.071535e-18 
  5822.4297   3.1853672e-16    7.940967e-18 
  5826.5156   3.3260565e-16    8.001133e-18 
   5830.602   3.0190883e-16     7.77439e-18 
  5834.6885   1.6752844e-16    6.748386e-18 
  5838.7744  1.07015016e-16   6.0782038e-18 
   5842.861    6.621238e-17    5.705209e-18 
  5846.9473    7.501323e-17   5.6984973e-18 
   5851.033   6.1118926e-17    5.644879e-18 
  5855.1196    8.571208e-17    5.863239e-18 
   5859.206   8.6337195e-17    5.881843e-18 
   5863.292    7.794107e-17   5.8865237e-18 
  5867.3784    6.949182e-17    5.826353e-18 
   5871.465    7.722578e-17    5.845605e-18 
   5875.551    9.183418e-17   5.9017426e-18 
   5879.637   8.3187715e-17   5.9375814e-18 
  5883.7236    7.843206e-17   6.0966673e-18 
  5887.8096   8.2068096e-17   6.1926322e-18 
   5891.896   7.9609715e-17   6.3269676e-18 
  5895.9824    7.981213e-17    6.224498e-18 
  5900.0684    7.084634e-17    5.999018e-18 
   5904.155    7.967956e-17   5.9579867e-18 
   5908.241   8.0906125e-17    5.850963e-18 
   5912.327    8.443414e-17    5.816809e-18 
  5916.4136   8.1952654e-17   5.8764098e-18 
     5920.5    7.919485e-17   5.8144477e-18 
   5924.586    7.328601e-17   5.9343463e-18 
  5928.6724    8.064026e-17    5.914527e-18 
   5932.759    8.180149e-17   5.8769545e-18 
  5936.8447    8.597136e-17    5.975015e-18 
   5940.931   8.5709934e-17   5.9162815e-18 
   5945.017     7.94835e-17   5.8365273e-18 
  5949.1035     7.91125e-17   5.8880974e-18 
    5953.19   7.5544916e-17    5.830904e-18 
   5957.276     6.17515e-17   5.7611513e-18 
  5961.3623   7.8505945e-17   5.8047863e-18 
  5965.4487   7.3016325e-17    5.772798e-18 
  5969.5347   6.9077284e-17    5.719008e-18 
   5973.621   7.5748224e-17   5.9020735e-18 
  5977.7075    7.835664e-17     5.87538e-18 
  5981.7935    7.223168e-17   5.7678076e-18 
    5985.88    7.910213e-17   5.7983475e-18 
  5989.9663    8.429563e-17   5.8516874e-18 
  5994.0522    7.994736e-17    5.800336e-18 
  5998.1387    7.422263e-17    5.738297e-18 
   6002.225    7.680813e-17    5.768988e-18 
   6006.311     7.71035e-17   5.8389724e-18 
  6010.3975    7.608814e-17    5.782587e-18 
   6014.484    7.617456e-17    5.694954e-18 
    6018.57   7.5267334e-17   5.6923852e-18 
  6022.6562   7.7686044e-17   5.7277356e-18 
  6026.7427   8.5173014e-17   5.8167026e-18 
  6030.8286    7.884113e-17   5.7815148e-18 
   6034.915    9.477818e-17   5.9117478e-18 
  6039.0015   8.5476305e-17   5.8348377e-18 
  6043.0874    8.287217e-17     5.78996e-18 
   6047.174   7.6000786e-17    5.710067e-18 
  6051.2603    7.731015e-17   5.7442743e-18 
   6055.346   8.5657365e-17   5.7990647e-18 
  6059.4326   8.5592355e-17    5.799828e-18 
   6063.519   8.5841317e-17    5.802868e-18 
   6067.605   8.9289727e-17   5.7980857e-18 
  6071.6914   8.7515735e-17   5.8364627e-18 
   6075.778    8.632123e-17   5.8193236e-18 
   6079.864   8.1469184e-17   5.7946397e-18 
    6083.95    9.968313e-17   5.9309747e-18 
  6088.0366  1.01001387e-16   5.9003397e-18 
  6092.1226   1.0081524e-16   5.9464844e-18 
   6096.209   8.8070694e-17   5.8335267e-18 
   6100.295    8.410252e-17   5.8051444e-18 
  6104.3813   8.3543316e-17   5.8097324e-18 
   6108.468     9.83041e-17   5.9253644e-18 
  6112.5537   8.7041675e-17    5.818445e-18 
    6116.64    9.397984e-17   5.8513553e-18 
  6120.7266   8.2000214e-17   5.7518616e-18 
  6124.8125    6.855024e-17   5.6772975e-18 
   6128.899    7.598664e-17    5.738587e-18 
  6132.9854   9.5200084e-17    5.856009e-18 
  6137.0713    9.434133e-17    5.950434e-18 
  6141.1577    8.670761e-17    5.860793e-18 
   6145.244    8.483802e-17    5.842253e-18 
    6149.33    7.464657e-17   5.7694173e-18 
  6153.4165    7.866198e-17    5.750394e-18 
   6157.503    7.241661e-17   5.7099107e-18 
   6161.589    8.323433e-17   5.9008707e-18 
  6165.6753    7.505795e-17   5.7944883e-18 
  6169.7617     9.30885e-17   5.9166058e-18 
  6173.8477   9.6359864e-17   5.9265187e-18 
   6177.934    8.726458e-17    5.798466e-18 
  6182.0205   8.1781627e-17   5.7526693e-18 
  6186.1064    7.590506e-17    5.721477e-18 
   6190.193   7.3988546e-17   5.6922546e-18 
  6194.2793     7.08847e-17   5.6731206e-18 
   6198.365    7.102241e-17    5.710888e-18 
  6202.4517    8.376987e-17    5.779352e-18 
   6206.538    7.844541e-17   5.7097937e-18 
   6210.624    6.910536e-17   5.6686725e-18 
  6214.7104   8.7716456e-17    5.789552e-18 
   6218.797   8.8954176e-17    5.817259e-18 
   6222.883   7.2264775e-17   5.7068663e-18 
   6226.969    8.273908e-17    5.760663e-18 
  6231.0557    7.241338e-17   5.7862855e-18 
  6235.1416    8.586391e-17    5.944555e-18 
   6239.228   7.0858204e-17   5.8753886e-18 
   6243.314    7.551635e-17    5.888389e-18 
  6247.4004    8.301021e-17   5.8443578e-18 
   6251.487    7.168321e-17    5.748939e-18 
  6255.5728    7.445112e-17    5.838965e-18 
   6259.659    6.756391e-17   5.8584273e-18 
  6263.7456   6.9868406e-17    5.875623e-18 
  6267.8315   7.7156006e-17   5.7740164e-18 
   6271.918     6.38392e-17   5.7113335e-18 
  6276.0044   7.4745106e-17    5.727816e-18 
  6280.0903    6.556248e-17   5.6304166e-18 
   6284.177    6.101801e-17    5.690499e-18 
   6288.263    6.096826e-17    5.626641e-18 
   6292.349    7.523418e-17   6.0342966e-18 
  6296.4355   7.4758843e-17   6.2608775e-18 
   6300.522     7.67318e-17   6.3137348e-18 
   6304.608    7.710877e-17   6.3250713e-18 
  6308.6943   7.0798183e-17   6.1086254e-18 
   6312.781   7.0581164e-17    5.860309e-18 
  6316.8667   6.8284785e-17   5.7507416e-18 
   6320.953    7.769171e-17    5.805224e-18 
  6325.0396   6.8939026e-17    5.828444e-18 
  6329.1255    8.607189e-17   5.9338463e-18 
   6333.212    7.288467e-17   5.7413647e-18 
  6337.2983    7.120696e-17   5.8092125e-18 
  6341.3843    8.446717e-17    5.856705e-18 
  6345.4707   6.7338524e-17    5.709482e-18 
   6349.557    6.852349e-17    5.731789e-18 
   6353.643   7.5285354e-17   5.8385766e-18 
  6357.7295    6.633913e-17   5.8608857e-18 
   6361.816    6.850157e-17   5.9652775e-18 
   6365.902   7.8165696e-17   5.9879526e-18 
  6369.9883   6.4538914e-17   5.7952017e-18 
  6374.0747    5.714995e-17    5.692494e-18 
  6378.1606    6.755207e-17    5.725776e-18 
   6382.247   6.6735165e-17    5.697251e-18 
  6386.3335    6.180108e-17   5.6542965e-18 
  6390.4194    5.806179e-17   5.6210248e-18 
   6394.506    7.279483e-17   5.6937666e-18 
   6398.592   6.3541215e-17   5.6016477e-18 
   6402.678    6.120664e-17    5.667897e-18 
  6406.7646    5.715459e-17    5.617152e-18 
  6410.8506    5.011667e-17   5.5040602e-18 
   6414.937    6.078501e-17   5.6308964e-18 
  6419.0234   5.9580536e-17   5.6265297e-18 
  6423.1094    5.448306e-17    5.548414e-18 
   6427.196    6.770659e-17   5.6181354e-18 
   6431.282    6.274762e-17    5.591849e-18 
   6435.368   6.3309214e-17    5.625825e-18 
  6439.4546    6.343494e-17   5.5993584e-18 
   6443.541    5.025877e-17   5.5332795e-18 
   6447.627    6.133581e-17    5.631009e-18 
  6451.7134   7.1030846e-17   5.7240456e-18 
     6455.8    5.132952e-17    5.550154e-18 
  6459.8857   4.2591232e-17   5.5566966e-18 
   6463.972   4.8498446e-17    5.579121e-18 
  6468.0586    4.487316e-17    5.553238e-18 
  6472.1445   5.9297984e-17    5.707651e-18 
   6476.231   6.6831224e-17   5.7536587e-18 
  6480.3174   4.5076145e-17    5.478318e-18 
  6484.4033    4.752072e-17   5.4368315e-18 
  6488.4897   4.9316852e-17   5.5853526e-18 
   6492.576   5.1966643e-17   5.5334834e-18 
   6496.662     5.28142e-17   5.6444146e-18 
  6500.7485   4.5667275e-17   5.6431237e-18 
   6504.835    3.640337e-17   5.5241868e-18 
   6508.921    4.259374e-17    5.595504e-18 
  6513.0073   5.0934894e-17   5.5512935e-18 
  6517.0938   5.5530494e-17    5.551621e-18 
  6521.1797    5.302056e-17   5.5125305e-18 
   6525.266    5.478252e-17     5.58395e-18 
  6529.3525   4.4880213e-17    5.559477e-18 
  6533.4385   4.0913246e-17    5.505594e-18 
   6537.525   4.9376188e-17   5.6481394e-18 
   6541.611   4.8690395e-17   5.6221196e-18 
  6545.6973    5.188057e-17    5.560114e-18 
  6549.7837   4.8814505e-17   5.6049485e-18 
  6553.8696    4.171353e-17   5.5027533e-18 
   6557.956    5.169185e-17   5.7318707e-18 
  6562.0425   5.0703495e-17    5.760467e-18 
  6566.1284   4.3611745e-17   5.6272758e-18 
   6570.215   5.2296056e-17     5.70671e-18 
  6574.3013    6.002444e-17   5.6956634e-18 
   6578.387    5.165029e-17    5.580877e-18 
  6582.4736    4.280947e-17    5.523427e-18 
    6586.56    5.191297e-17    5.549707e-18 
   6590.646     5.35566e-17   5.5221374e-18 
  6594.7324    5.825637e-17   5.5568757e-18 
   6598.819    6.922886e-17   5.6346592e-18 
   6602.905   3.7916394e-17   5.3349853e-18 
   6606.991    4.261956e-17    5.421625e-18 
  6611.0776   4.6494472e-17   5.4840362e-18 
  6615.1636   4.5013534e-17    5.499197e-18 
    6619.25    4.384703e-17   5.3702414e-18 
  6623.3364   3.7363527e-17    5.300603e-18 
  6627.4224   4.4087492e-17    5.464258e-18 
   6631.509   4.3765918e-17   5.4477747e-18 
   6635.595   3.3826436e-17    5.302992e-18 
   6639.681    4.083012e-17   5.3320497e-18 
  6643.7676   4.5065713e-17    5.354757e-18 
   6647.854   3.8797332e-17    5.377067e-18 
    6651.94   4.4083744e-17    5.408227e-18 
  6656.0264   4.0517715e-17   5.3638283e-18 
   6660.113    5.948715e-17   5.5435386e-18 
  6664.1987   3.0631408e-17   5.2525406e-18 
   6668.285   3.9802333e-17   5.3370392e-18 
  6672.3716   4.1307282e-17   5.3602867e-18 
  6676.4575    3.906255e-17    5.356328e-18 
   6680.544     3.94173e-17   5.3555796e-18 
  6684.6304    4.758515e-17   5.3995224e-18 
  6688.7163   4.2499742e-17    5.343443e-18 
  6692.8027    3.513061e-17   5.2766364e-18 
  6696.8887   3.8817687e-17   5.3252775e-18 
   6700.975   2.9403035e-17   5.3273877e-18 
  6705.0615   2.9450336e-17    5.252087e-18 
  6709.1475   3.3927984e-17    5.271951e-18 
   6713.234    3.244536e-17    5.291111e-18 
  6717.3203   2.1008214e-17   5.2198778e-18 
  6721.4062  -2.1323727e-17   5.7467385e-18 
  6725.4927   2.5493022e-17    5.354132e-18 
   6729.579   2.6957798e-17    5.293985e-18 
   6733.665   4.3288787e-17   5.4085308e-18 
  6737.7515    4.189556e-17   5.3781898e-18 
   6741.838   3.8728947e-17   5.3323574e-18 
   6745.924   4.0679356e-17    5.381487e-18 
  6750.0103   4.4365756e-17    5.408192e-18 
  6754.0967    4.260116e-17   5.3383304e-18 
  6758.1826   3.3947853e-17   5.1802533e-18 
   6762.269   3.8243134e-17   5.2781456e-18 
  6766.3555   4.5159307e-17    5.475252e-18 
  6770.4414   4.1895454e-17    5.306824e-18 
   6774.528   4.9792206e-17   5.4197358e-18 
  6778.6143    4.814445e-17    5.373266e-18 
     6782.7   3.8670445e-17    5.323058e-18 
  6786.7866   4.2321247e-17   5.3470183e-18 
   6790.873    3.191278e-17   5.2288705e-18 
   6794.959    3.153326e-17   5.2306067e-18 
  6799.0454    4.093266e-17    5.383283e-18 
   6803.132    3.734211e-17   5.3330497e-18 
   6807.218   3.6226173e-17   5.2729935e-18 
   6811.304   4.4735933e-17   5.4652352e-18 
  6815.3906   4.8283853e-17   5.4292376e-18 
  6819.4766   3.1279997e-17   5.3096475e-18 
   6823.563   4.8338327e-17   5.5984345e-18 
  6827.6494    4.044607e-17    5.651677e-18 
  6831.7354   4.2079144e-17    5.762052e-18 
   6835.822   2.8112574e-17   5.6987463e-18 
  6839.9077   4.5532544e-17    5.821603e-18 
   6843.994   5.2789075e-17    5.744087e-18 
  6848.0806      4.4274e-17   5.5177517e-18 
  6852.1665    4.693988e-17    5.434646e-18 
   6856.253   4.3148818e-17   5.5006597e-18 
  6860.3394   3.9189247e-17    5.673743e-18 
  6864.4253   4.6265184e-17    5.790545e-18 
  6868.5117   3.8551884e-17    5.696054e-18 
   6872.598   4.2691605e-17    5.568735e-18 
   6876.684   4.9066518e-17    5.559617e-18 
  6880.7705    5.194812e-17    5.503091e-18 
   6884.857    2.768853e-17    5.309173e-18 
   6888.943   4.7906992e-17   5.5220803e-18 
  6893.0293     5.26308e-17   5.5407333e-18 
  6897.1157   3.7239595e-17    5.468089e-18 
  6901.2017   4.8898646e-17    5.583731e-18 
   6905.288    5.584567e-17     5.60086e-18 
  6909.3745   4.4638332e-17   5.4865227e-18 
  6913.4604    4.060886e-17    5.522523e-18 
   6917.547   4.8534717e-17   5.6686476e-18 
  6921.6333   4.4161184e-17   5.6886584e-18 
   6925.719   4.4717354e-17   5.6541182e-18 
  6929.8057    3.663154e-17   5.6212378e-18 
   6933.892    4.605694e-17    5.629432e-18 
   6937.978   3.9938497e-17   5.4859565e-18 
  6942.0645   2.3254768e-17   5.3485883e-18 
   6946.151   4.0309514e-17    5.664934e-18 
   6950.237    4.449346e-17    5.636816e-18 
   6954.323   3.2537034e-17   5.5562652e-18 
  6958.4097   3.7578193e-17   5.6113613e-18 
  6962.4956   3.8548618e-17   5.5382385e-18 
   6966.582    4.525551e-17   5.5547163e-18 
  6970.6685   4.6985963e-17     5.64031e-18 
  6974.7544   4.7686684e-17    5.713665e-18 
   6978.841   4.4201792e-17    5.680528e-18 
  6982.9272   4.0323698e-17    5.555199e-18 
   6987.013   3.2561435e-17   5.5419856e-18 
  6991.0996    3.487013e-17   5.5063283e-18 
  6995.1855   4.6019108e-17    5.519094e-18 
   6999.272   4.8616892e-17    5.626413e-18 
  7003.3584    5.312306e-17    5.639072e-18 
  7007.4443    4.338762e-17    5.604225e-18 
   7011.531   3.7109655e-17    5.558352e-18 
   7015.617   3.5021762e-17   5.4722985e-18 
   7019.703   3.4659817e-17   5.4561834e-18 
  7023.7896   4.3204236e-17   5.5428856e-18 
   7027.876   4.5723868e-17    5.537464e-18 
   7031.962   4.3554573e-17   5.5209798e-18 
  7036.0483   5.0717163e-17   5.5944826e-18 
   7040.135   4.8375167e-17   5.6315734e-18 
  7044.2207   4.0912032e-17    5.570309e-18 
   7048.307   4.3289564e-17    5.626819e-18 
  7052.3936   4.2507763e-17   5.6337936e-18 
  7056.4795   4.7246545e-17   5.7502767e-18 
   7060.566   5.3045905e-17   5.7575083e-18 
  7064.6523    3.895634e-17   5.6214876e-18 
  7068.7383   4.0419992e-17   5.6148722e-18 
  7072.8247   4.2640357e-17   5.5976627e-18 
   7076.911   3.2816528e-17   5.5564166e-18 
   7080.997   4.3738353e-17    5.658985e-18 
  7085.0835     4.75921e-17   5.7721246e-18 
    7089.17   4.6668534e-17   5.6745607e-18 
   7093.256   5.0430323e-17   5.6860503e-18 
  7097.3423   5.9030474e-17    5.762542e-18 
  7101.4287   5.2078994e-17    5.683911e-18 
  7105.5146    5.632476e-17    5.736122e-18 
   7109.601    4.621911e-17    5.664644e-18 
  7113.6875    3.937075e-17    5.632203e-18 
  7117.7734     4.89112e-17    5.673379e-18 
    7121.86   5.0745625e-17   5.6774613e-18 
  7125.9463     4.70793e-17   5.6579117e-18 
   7130.032   4.7412762e-17    5.674225e-18 
  7134.1187   5.6492406e-17   5.7750446e-18 
  7138.2046    3.772978e-17   5.7138655e-18 
   7142.291    5.227921e-17   5.8200093e-18 
  7146.3774    4.929259e-17   5.8206173e-18 
  7150.4634   4.8587868e-17    5.796178e-18 
    7154.55   2.8087262e-17   5.5958425e-18 
   7158.636   4.9655953e-17    5.775039e-18 
   7162.722   5.8395795e-17    5.848292e-18 
  7166.8086   5.3992653e-17    5.799687e-18 
   7170.895   4.5459067e-17   5.6889227e-18 
   7174.981   4.6135737e-17   5.6563624e-18 
  7179.0674    5.683519e-17   5.7234728e-18 
   7183.154   3.9533307e-17   5.5550542e-18 
  7187.2397   2.8124865e-17   5.4817412e-18 
   7191.326   4.9103006e-17    5.688223e-18 
  7195.4126   5.0516214e-17   5.5728332e-18 
  7199.4985   4.8519847e-17   5.6490513e-18 
   7203.585   4.0114564e-17   5.5062047e-18 
  7207.6714     5.23901e-17   5.6968677e-18 
  7211.7573    5.044163e-17    5.744516e-18 
  7215.8438    5.075776e-17    5.760399e-18 
    7219.93   4.1419398e-17   5.7137927e-18 
   7224.016    4.992215e-17   5.7653082e-18 
  7228.1025   5.0320017e-17   5.7891757e-18 
   7232.189   4.6895877e-17   5.8390617e-18 
   7236.275   4.6317833e-17   6.1011353e-18 
  7240.3613   3.3348154e-17    6.403325e-18 
  7244.4478    4.735371e-17   6.6180632e-18 
  7248.5337   3.3802405e-17   6.5672495e-18 
    7252.62     5.70508e-17   6.5029577e-18 
  7256.7065   3.3411727e-17   5.9316063e-18 
  7260.7925   2.7283259e-17   5.6842222e-18 
   7264.879   5.2366614e-17    5.908253e-18 
  7268.9653   4.2475526e-17   6.1010737e-18 
  7273.0513     4.64498e-17     6.32771e-18 
  7277.1377    5.610911e-17    6.572843e-18 
  7281.2236   4.8866618e-17   6.6586306e-18 
    7285.31    4.471152e-17   6.5229147e-18 
  7289.3965   5.0216454e-17    6.316395e-18 
  7293.4824    5.272152e-17   6.1218934e-18 
   7297.569   4.6074526e-17   5.9377704e-18 
  7301.6553    5.730551e-17   6.1428997e-18 
   7305.741   5.1162686e-17    6.123072e-18 
  7309.8276    5.592356e-17    6.337812e-18 
   7313.914   5.1315046e-17    6.475979e-18 
     7318.0   5.0654433e-17    6.395036e-18 
  7322.0864   5.2063307e-17   6.4462983e-18 
   7326.173   6.5524695e-17    6.527318e-18 
   7330.259    6.509652e-17   6.3759148e-18 
   7334.345    5.986005e-17   6.4985666e-18 
  7338.4316    5.779159e-17    6.700372e-18 
  7342.5176    6.152169e-17    6.679256e-18 
   7346.604    5.992627e-17   6.5709863e-18 
  7350.6904    6.010524e-17    6.371659e-18 
  7354.7764   4.4772795e-17    6.136746e-18 
   7358.863    4.844935e-17    6.136705e-18 
   7362.949   6.7778286e-17   6.4861614e-18 
   7367.035      6.3943e-17     6.54174e-18 
  7371.1216   5.0059167e-17   6.4204134e-18 
   7375.208   5.0889018e-17    6.338193e-18 
   7379.294     5.63488e-17    6.160383e-18 
  7383.3804    6.652509e-17    6.117414e-18 
   7387.467    6.863542e-17    6.183527e-18 
  7391.5527    5.547314e-17    6.145419e-18 
   7395.639    5.094507e-17    6.224315e-18 
  7399.7256    4.636627e-17    6.240601e-18 
  7403.8115    5.708239e-17   6.3022324e-18 
   7407.898    7.457669e-17    6.408054e-18 
  7411.9844    5.982195e-17    6.039688e-18 
  7416.0703    7.459887e-17   6.1064003e-18 
  7420.1567    7.149001e-17   6.1550245e-18 
   7424.243    6.367952e-17     6.10155e-18 
   7428.329    5.813685e-17   6.0113655e-18 
  7432.4155    6.218643e-17   6.1298534e-18 
  7436.5015   4.7596614e-17   6.0138975e-18 
   7440.588   7.0347436e-17    6.135993e-18 
  7444.6743    6.917304e-17   6.0697546e-18 
  7448.7603    6.390309e-17    5.898898e-18 
  7452.8467    6.223641e-17    5.890173e-18 
   7456.933   5.8271195e-17   5.8700835e-18 
   7461.019    6.507993e-17   5.9239946e-18 
  7465.1055   5.5683986e-17     5.87072e-18 
   7469.192   4.9031144e-17   5.7796247e-18 
   7473.278   5.0257416e-17     5.95798e-18 
  7477.3643    5.014524e-17   5.9841447e-18 
  7481.4507   6.3472023e-17   5.9762687e-18 
  7485.5366   5.3466536e-17   5.8256093e-18 
