# STATUS =
# OBJECT = LSQ14an
# TELESCOPE = ESO-NTT
# INSTRUMENT = EFOSC2-NTT
# DATE-OBS = 2014-02-22 04:16:56.00
# MJD = 56710.17842590017
# EXPTIME = 1800
# AIRMASS = 1.337
# SLIT = 1.0
# DISPERSER = OG530
# SOURCE = --
# FILTER =
# RESOLUTION =
# FLUX_STANDARD =
# EXTINCTION_CORRECTED = --
# PHOTOMETRY_CALIBRATED =
# TELLURIC_CORRECTED =
# FLUX_UNITS = Other
# WAVE_UNITS = Angstrom
# QUALITY = Low
# MIN_WAVE = 6010.1796875
# MAX_WAVE = 10330.9453125
# COMMENT = --
    Wavelength          Flux 
 6014.39918518   1.10138e-16 
 6018.61868286   1.08372e-16 
 6022.83818054   1.09884e-16 
 6027.05767822   1.19487e-16 
  6031.2771759   1.17767e-16 
 6035.49667358   1.12315e-16 
 6039.71617126   1.10777e-16 
 6043.93566895   1.14677e-16 
 6048.15516663   1.21884e-16 
 6052.37466431   1.19298e-16 
 6056.59416199   1.21719e-16 
 6060.81365967   1.12548e-16 
 6065.03315735   1.14635e-16 
 6069.25265503   1.21988e-16 
 6073.47215271   1.25646e-16 
 6077.69165039   1.21488e-16 
 6081.91114807   1.22911e-16 
 6086.13064575   1.20291e-16 
 6090.35014343   1.23026e-16 
 6094.56964111   1.31197e-16 
 6098.78913879   1.17406e-16 
 6103.00863647    1.2176e-16 
 6107.22813416    1.1877e-16 
 6111.44763184   1.19603e-16 
 6115.66712952   1.19816e-16 
  6119.8866272   1.20827e-16 
 6124.10612488   1.15354e-16 
 6128.32562256   1.22706e-16 
 6132.54512024   1.18857e-16 
 6136.76461792   1.17481e-16 
  6140.9841156    1.0886e-16 
 6145.20361328   1.18439e-16 
 6149.42311096   1.23657e-16 
 6153.64260864   1.20254e-16 
 6157.86210632   1.13941e-16 
   6162.081604    1.1449e-16 
 6166.30110168   1.11786e-16 
 6170.52059937   1.05012e-16 
 6174.74009705   1.04891e-16 
 6178.95959473   1.09837e-16 
 6183.17909241   1.21504e-16 
 6187.39859009   1.13098e-16 
 6191.61808777   1.13013e-16 
 6195.83758545   1.09354e-16 
 6200.05708313   9.59789e-17 
 6204.27658081   1.08588e-16 
 6208.49607849   1.04753e-16 
 6212.71557617   9.48344e-17 
 6216.93507385    1.0119e-16 
 6221.15457153   1.06412e-16 
 6225.37406921   9.58883e-17 
 6229.59356689   9.67689e-17 
 6233.81306458   1.07038e-16 
 6238.03256226   9.99151e-17 
 6242.25205994   9.36986e-17 
 6246.47155762   9.73647e-17 
  6250.6910553   9.67936e-17 
 6254.91055298   8.25375e-17 
 6259.13005066   8.70562e-17 
 6263.34954834    9.1487e-17 
 6267.56904602   9.61447e-17 
  6271.7885437   8.45899e-17 
 6276.00804138   8.68385e-17 
 6280.22753906   9.66201e-17 
 6284.44703674   8.60477e-17 
 6288.66653442   9.57341e-17 
  6292.8860321    9.4087e-17 
 6297.10552979   8.74939e-17 
 6301.32502747   8.77955e-17 
 6305.54452515   8.77734e-17 
 6309.76402283   9.02185e-17 
 6313.98352051   9.56373e-17 
 6318.20301819     8.998e-17 
 6322.42251587   8.90029e-17 
 6326.64201355   8.58781e-17 
 6330.86151123   8.99239e-17 
 6335.08100891   8.89231e-17 
 6339.30050659    9.3756e-17 
 6343.52000427   9.26522e-17 
 6347.73950195   9.22597e-17 
 6351.95899963   8.53364e-17 
 6356.17849731   8.71591e-17 
   6360.397995   7.84103e-17 
 6364.61749268   8.58536e-17 
 6368.83699036   8.48182e-17 
 6373.05648804    8.6117e-17 
 6377.27598572   8.61059e-17 
  6381.4954834   8.33352e-17 
 6385.71498108   9.00523e-17 
 6389.93447876   8.58835e-17 
 6394.15397644   8.32109e-17 
 6398.37347412   8.19828e-17 
  6402.5929718   7.85467e-17 
 6406.81246948   7.94741e-17 
 6411.03196716   7.86902e-17 
 6415.25146484   6.46891e-17 
 6419.47096252   7.63111e-17 
 6423.69046021   6.78897e-17 
 6427.90995789   7.30023e-17 
 6432.12945557   7.59132e-17 
 6436.34895325   7.30042e-17 
 6440.56845093   7.35078e-17 
 6444.78794861   7.47662e-17 
 6449.00744629    7.7638e-17 
 6453.22694397   7.04575e-17 
 6457.44644165   7.22791e-17 
 6461.66593933   7.54015e-17 
 6465.88543701   7.38879e-17 
 6470.10493469   7.31726e-17 
 6474.32443237   7.47051e-17 
 6478.54393005   7.05008e-17 
 6482.76342773   6.62657e-17 
 6486.98292542   7.06452e-17 
  6491.2024231    7.7942e-17 
 6495.42192078    7.0201e-17 
 6499.64141846   7.56497e-17 
 6503.86091614   6.62438e-17 
 6508.08041382   5.91698e-17 
  6512.2999115   6.85098e-17 
 6516.51940918    7.0374e-17 
 6520.73890686   6.76603e-17 
 6524.95840454    7.2576e-17 
 6529.17790222   7.22304e-17 
  6533.3973999    6.7515e-17 
 6537.61689758   5.66053e-17 
 6541.83639526   6.37548e-17 
 6546.05589294    5.9505e-17 
 6550.27539062   5.94432e-17 
 6554.49488831    6.3881e-17 
 6558.71438599   6.08835e-17 
 6562.93388367   6.56808e-17 
 6567.15338135   6.53567e-17 
 6571.37287903   6.47998e-17 
 6575.59237671   6.30026e-17 
 6579.81187439   6.69076e-17 
 6584.03137207   6.11336e-17 
 6588.25086975   6.58193e-17 
 6592.47036743     6.006e-17 
 6596.68986511   5.25275e-17 
 6600.90936279   6.01666e-17 
 6605.12886047   6.03976e-17 
 6609.34835815   5.41659e-17 
 6613.56785583   6.00039e-17 
 6617.78735352   6.10664e-17 
  6622.0068512   4.90471e-17 
 6626.22634888   4.99975e-17 
 6630.44584656   4.89744e-17 
 6634.66534424   5.10645e-17 
 6638.88484192   5.58022e-17 
  6643.1043396   5.47177e-17 
 6647.32383728   5.79165e-17 
 6651.54333496   5.75133e-17 
 6655.76283264   5.33419e-17 
 6659.98233032   5.27784e-17 
   6664.201828   5.29638e-17 
 6668.42132568   5.83439e-17 
 6672.64082336    5.0507e-17 
 6676.86032104   5.15487e-17 
 6681.07981873   5.51011e-17 
 6685.29931641   4.61611e-17 
 6689.51881409   5.56552e-17 
 6693.73831177   6.00263e-17 
 6697.95780945   5.26598e-17 
 6702.17730713   5.38312e-17 
 6706.39680481   4.65064e-17 
 6710.61630249   5.36939e-17 
 6714.83580017   5.46468e-17 
 6719.05529785   5.19367e-17 
 6723.27479553    4.3233e-17 
 6727.49429321   5.51669e-17 
 6731.71379089   5.14809e-17 
 6735.93328857   4.99965e-17 
 6740.15278625   6.22378e-17 
 6744.37228394   5.83395e-17 
 6748.59178162   4.68574e-17 
  6752.8112793    4.8411e-17 
 6757.03077698   5.17528e-17 
 6761.25027466   4.72186e-17 
 6765.46977234   5.18537e-17 
 6769.68927002   5.60137e-17 
  6773.9087677   4.68405e-17 
 6778.12826538   5.32374e-17 
 6782.34776306   4.63277e-17 
 6786.56726074    4.8652e-17 
 6790.78675842   5.55293e-17 
  6795.0062561   4.90933e-17 
 6799.22575378   4.99482e-17 
 6803.44525146   4.51286e-17 
 6807.66474915    5.2533e-17 
 6811.88424683   5.17579e-17 
 6816.10374451   5.85688e-17 
 6820.32324219   5.57015e-17 
 6824.54273987   5.03128e-17 
 6828.76223755   5.50204e-17 
 6832.98173523   6.38474e-17 
 6837.20123291   5.31315e-17 
 6841.42073059   5.27981e-17 
 6845.64022827   5.69176e-17 
 6849.85972595   6.20142e-17 
 6854.07922363   5.55037e-17 
 6858.29872131   4.88942e-17 
 6862.51821899   4.76532e-17 
 6866.73771667   4.23016e-17 
 6870.95721436   4.22523e-17 
 6875.17671204   5.30137e-17 
 6879.39620972   5.68667e-17 
  6883.6157074   5.05042e-17 
 6887.83520508   4.95762e-17 
 6892.05470276   4.79461e-17 
 6896.27420044   4.82508e-17 
 6900.49369812   4.87972e-17 
  6904.7131958   5.49834e-17 
 6908.93269348   5.62006e-17 
 6913.15219116   5.17241e-17 
 6917.37168884   5.94065e-17 
 6921.59118652   5.71748e-17 
  6925.8106842   5.39596e-17 
 6930.03018188   4.99198e-17 
 6934.24967957   6.25624e-17 
 6938.46917725   5.45649e-17 
 6942.68867493   6.11697e-17 
 6946.90817261   6.22142e-17 
 6951.12767029   5.68966e-17 
 6955.34716797   5.72139e-17 
 6959.56666565   5.85788e-17 
 6963.78616333   5.26694e-17 
 6968.00566101   6.17695e-17 
 6972.22515869   5.39913e-17 
 6976.44465637   5.44418e-17 
 6980.66415405    5.6474e-17 
 6984.88365173   5.56275e-17 
 6989.10314941   5.39555e-17 
 6993.32264709   4.94313e-17 
 6997.54214478   5.23613e-17 
 7001.76164246   5.18328e-17 
 7005.98114014   5.76954e-17 
 7010.20063782   5.81651e-17 
  7014.4201355    5.0781e-17 
 7018.63963318   5.84223e-17 
 7022.85913086   5.67861e-17 
 7027.07862854   4.83278e-17 
 7031.29812622   4.88215e-17 
  7035.5176239   5.25478e-17 
 7039.73712158   4.80606e-17 
 7043.95661926    5.1675e-17 
 7048.17611694   5.71312e-17 
 7052.39561462   5.11619e-17 
  7056.6151123   5.35218e-17 
 7060.83460999   5.33209e-17 
 7065.05410767   6.01109e-17 
 7069.27360535   5.33653e-17 
 7073.49310303   5.57851e-17 
 7077.71260071   5.64989e-17 
 7081.93209839   5.09097e-17 
 7086.15159607   6.14387e-17 
 7090.37109375   5.38731e-17 
 7094.59059143   5.09829e-17 
 7098.81008911   5.46216e-17 
 7103.02958679   5.52252e-17 
 7107.24908447   6.63953e-17 
 7111.46858215   6.14255e-17 
 7115.68807983   5.92337e-17 
 7119.90757751   5.89392e-17 
  7124.1270752    6.4125e-17 
 7128.34657288   5.88189e-17 
 7132.56607056   6.76935e-17 
 7136.78556824   5.57232e-17 
 7141.00506592   5.58181e-17 
  7145.2245636   5.44257e-17 
 7149.44406128   6.10117e-17 
 7153.66355896     7.258e-17 
 7157.88305664   6.56554e-17 
 7162.10255432   5.96366e-17 
   7166.322052   5.48914e-17 
 7170.54154968   4.84134e-17 
 7174.76104736   5.24129e-17 
 7178.98054504   5.70386e-17 
 7183.20004272   6.31619e-17 
 7187.41954041   5.42982e-17 
 7191.63903809   5.49308e-17 
 7195.85853577   5.16615e-17 
 7200.07803345    5.2714e-17 
 7204.29753113   5.31528e-17 
 7208.51702881   7.04912e-17 
 7212.73652649   6.57672e-17 
 7216.95602417   5.67694e-17 
 7221.17552185   5.27504e-17 
 7225.39501953   5.33827e-17 
 7229.61451721   5.14193e-17 
 7233.83401489   5.46009e-17 
 7238.05351257   6.27135e-17 
 7242.27301025   6.86177e-17 
 7246.49250793   5.51094e-17 
 7250.71200562   4.61025e-17 
  7254.9315033   4.60983e-17 
 7259.15100098   5.06945e-17 
 7263.37049866   5.69038e-17 
 7267.58999634   6.06166e-17 
 7271.80949402   5.77436e-17 
  7276.0289917   5.44253e-17 
 7280.24848938   5.72216e-17 
 7284.46798706   5.01018e-17 
 7288.68748474   4.89741e-17 
 7292.90698242   5.68857e-17 
  7297.1264801   5.79129e-17 
 7301.34597778   6.33834e-17 
 7305.56547546   6.30996e-17 
 7309.78497314   5.94899e-17 
 7314.00447083   6.08098e-17 
 7318.22396851   5.79497e-17 
 7322.44346619   6.51716e-17 
 7326.66296387   7.13253e-17 
 7330.88246155   6.98344e-17 
 7335.10195923   7.68683e-17 
 7339.32145691   8.01798e-17 
 7343.54095459   7.14953e-17 
 7347.76045227   6.11525e-17 
 7351.97994995    6.9219e-17 
 7356.19944763   7.48851e-17 
 7360.41894531   7.68381e-17 
 7364.63844299    8.2042e-17 
 7368.85794067   8.05176e-17 
 7373.07743835   7.83238e-17 
 7377.29693604   8.49812e-17 
 7381.51643372   7.81669e-17 
  7385.7359314   7.65612e-17 
 7389.95542908   7.33201e-17 
 7394.17492676   9.00346e-17 
 7398.39442444   8.75893e-17 
 7402.61392212   7.44958e-17 
  7406.8334198   8.88584e-17 
 7411.05291748   8.31517e-17 
 7415.27241516   8.00435e-17 
 7419.49191284   8.38583e-17 
 7423.71141052   8.11211e-17 
  7427.9309082   8.68963e-17 
 7432.15040588   8.28201e-17 
 7436.36990356   7.76783e-17 
 7440.58940125   7.37926e-17 
 7444.80889893   8.65441e-17 
 7449.02839661   8.46035e-17 
 7453.24789429   7.70441e-17 
 7457.46739197   7.92348e-17 
 7461.68688965    7.6725e-17 
 7465.90638733   6.93537e-17 
 7470.12588501   7.86735e-17 
 7474.34538269   7.27001e-17 
 7478.56488037   7.27449e-17 
 7482.78437805   8.20489e-17 
 7487.00387573   7.34922e-17 
 7491.22337341   6.90676e-17 
 7495.44287109   6.68937e-17 
 7499.66236877   7.86259e-17 
 7503.88186646   7.44303e-17 
 7508.10136414   8.15434e-17 
 7512.32086182   7.46961e-17 
  7516.5403595   6.29908e-17 
 7520.75985718   5.48554e-17 
 7524.97935486   6.27156e-17 
 7529.19885254   6.54129e-17 
 7533.41835022   7.04912e-17 
  7537.6378479   8.26359e-17 
 7541.85734558   7.27158e-17 
 7546.07684326   6.26198e-17 
 7550.29634094   5.79364e-17 
 7554.51583862   5.33065e-17 
  7558.7353363   6.08647e-17 
 7562.95483398   7.14593e-17 
 7567.17433167   7.37308e-17 
 7571.39382935   7.69299e-17 
 7575.61332703     7.399e-17 
 7579.83282471   7.78167e-17 
 7584.05232239   6.25087e-17 
 7588.27182007   5.00242e-17 
 7592.49131775   3.49904e-17 
 7596.71081543   2.13595e-17 
 7600.93031311   1.25858e-17 
 7605.14981079   2.50667e-17 
 7609.36930847   4.01522e-17 
 7613.58880615   4.82162e-17 
 7617.80830383   4.51719e-17 
 7622.02780151   5.10422e-17 
 7626.24729919    9.3763e-17 
 7630.46679687   1.63634e-16 
 7634.68629456   1.77905e-16 
 7638.90579224   1.35348e-16 
 7643.12528992   7.69777e-17 
  7647.3447876   5.23064e-17 
 7651.56428528   5.96159e-17 
 7655.78378296   5.67941e-17 
 7660.00328064   5.42595e-17 
 7664.22277832   4.90734e-17 
   7668.442276   5.01134e-17 
 7672.66177368   5.40202e-17 
 7676.88127136    5.4899e-17 
 7681.10076904   5.30408e-17 
 7685.32026672   6.31064e-17 
  7689.5397644   6.51381e-17 
 7693.75926208   5.50952e-17 
 7697.97875977   5.44172e-17 
 7702.19825745   3.07806e-17 
 7706.41775513   3.13101e-17 
 7710.63725281   3.06741e-17 
 7714.85675049   5.10033e-17 
 7719.07624817   5.39488e-17 
 7723.29574585   6.09353e-17 
 7727.51524353   5.91331e-17 
 7731.73474121   5.14318e-17 
 7735.95423889   3.35652e-17 
 7740.17373657   3.15575e-17 
 7744.39323425   3.08617e-17 
 7748.61273193   4.75305e-17 
 7752.83222961   5.65693e-17 
 7757.05172729   5.56753e-17 
 7761.27122498   6.31557e-17 
 7765.49072266   5.39252e-17 
 7769.71022034   3.89949e-17 
 7773.92971802   2.67208e-17 
  7778.1492157   3.38548e-17 
 7782.36871338    3.8432e-17 
 7786.58821106   6.46197e-17 
 7790.80770874   5.82787e-17 
 7795.02720642   6.58286e-17 
  7799.2467041   5.05579e-17 
 7803.46620178   4.72199e-17 
 7807.68569946   4.78948e-17 
 7811.90519714   4.86933e-17 
 7816.12469482   4.84276e-17 
  7820.3441925   6.31633e-17 
 7824.56369019    6.7301e-17 
 7828.78318787   5.86762e-17 
 7833.00268555   5.79079e-17 
 7837.22218323   4.72736e-17 
 7841.44168091   3.67684e-17 
 7845.66117859   2.53923e-17 
 7849.88067627   3.77922e-17 
 7854.10017395   5.37384e-17 
 7858.31967163   5.34887e-17 
 7862.53916931   5.94658e-17 
 7866.75866699   4.39954e-17 
 7870.97816467   3.08275e-17 
 7875.19766235   2.66822e-17 
 7879.41716003   4.04551e-17 
 7883.63665771   4.84522e-17 
  7887.8561554   6.06386e-17 
 7892.07565308   6.19656e-17 
 7896.29515076   4.36041e-17 
 7900.51464844   3.64824e-17 
 7904.73414612   1.13737e-17 
  7908.9536438   3.35838e-17 
 7913.17314148   4.75334e-17 
 7917.39263916   5.76014e-17 
 7921.61213684   6.35366e-17 
 7925.83163452   4.04386e-17 
  7930.0511322   3.13489e-17 
 7934.27062988   3.07653e-17 
 7938.49012756   3.72547e-17 
 7942.70962524   5.24364e-17 
 7946.92912292    5.6599e-17 
 7951.14862061   5.02648e-17 
 7955.36811829   3.18221e-17 
 7959.58761597   2.93041e-17 
 7963.80711365   1.83088e-17 
 7968.02661133    3.9552e-17 
 7972.24610901   5.01248e-17 
 7976.46560669   5.13048e-17 
 7980.68510437   5.32228e-17 
 7984.90460205   3.17002e-17 
 7989.12409973   3.60966e-17 
 7993.34359741    3.8055e-17 
 7997.56309509   3.96753e-17 
 8001.78259277   3.90857e-17 
 8006.00209045   4.19357e-17 
 8010.22158813   4.46443e-17 
 8014.44108582   4.81391e-17 
  8018.6605835   4.07157e-17 
 8022.88008118   4.76819e-17 
 8027.09957886   4.75066e-17 
 8031.31907654   4.18642e-17 
 8035.53857422   4.82884e-17 
  8039.7580719   3.85784e-17 
 8043.97756958   4.24879e-17 
 8048.19706726   4.30235e-17 
 8052.41656494   4.47765e-17 
 8056.63606262   4.11196e-17 
  8060.8555603   3.58242e-17 
 8065.07505798    3.4257e-17 
 8069.29455566   3.19635e-17 
 8073.51405334   3.64005e-17 
 8077.73355103    3.9953e-17 
 8081.95304871   3.98137e-17 
 8086.17254639   4.46928e-17 
 8090.39204407   4.48309e-17 
 8094.61154175   4.73833e-17 
 8098.83103943   5.57726e-17 
 8103.05053711   4.64751e-17 
 8107.27003479   4.28246e-17 
 8111.48953247   4.11156e-17 
 8115.70903015   3.49594e-17 
 8119.92852783   3.06269e-17 
 8124.14802551   3.48589e-17 
 8128.36752319   3.25864e-17 
 8132.58702087   3.60934e-17 
 8136.80651855   4.17349e-17 
 8141.02601624   5.22922e-17 
 8145.24551392    5.0001e-17 
  8149.4650116   4.58561e-17 
 8153.68450928   4.84947e-17 
 8157.90400696    3.6264e-17 
 8162.12350464   3.24352e-17 
 8166.34300232   3.54613e-17 
     8170.5625   3.78164e-17 
 8174.78199768    3.1377e-17 
 8179.00149536    3.2859e-17 
 8183.22099304   4.51214e-17 
 8187.44049072   5.05011e-17 
  8191.6599884   4.75271e-17 
 8195.87948608   3.69422e-17 
 8200.09898376   4.21378e-17 
 8204.31848145   3.87956e-17 
 8208.53797913   4.22083e-17 
 8212.75747681   4.56712e-17 
 8216.97697449   4.80012e-17 
 8221.19647217   4.13538e-17 
 8225.41596985   4.41759e-17 
 8229.63546753   3.81051e-17 
 8233.85496521    4.6805e-17 
 8238.07446289    3.9377e-17 
 8242.29396057   3.97961e-17 
 8246.51345825   4.21765e-17 
 8250.73295593   3.79196e-17 
 8254.95245361   4.59779e-17 
 8259.17195129   4.58382e-17 
 8263.39144897   4.72068e-17 
 8267.61094666   3.17999e-17 
 8271.83044434   3.96549e-17 
 8276.04994202   3.98425e-17 
  8280.2694397   4.66655e-17 
 8284.48893738   3.57692e-17 
 8288.70843506   3.29113e-17 
 8292.92793274   4.28534e-17 
 8297.14743042   4.33318e-17 
  8301.3669281   4.13978e-17 
 8305.58642578   4.76962e-17 
 8309.80592346   5.85405e-17 
 8314.02542114   5.52908e-17 
 8318.24491882   4.59152e-17 
  8322.4644165   4.52908e-17 
 8326.68391418   4.84873e-17 
 8330.90341187   4.75477e-17 
 8335.12290955   4.65962e-17 
 8339.34240723   4.31987e-17 
 8343.56190491   4.44119e-17 
 8347.78140259   4.03468e-17 
 8352.00090027   4.47551e-17 
 8356.22039795   5.72872e-17 
 8360.43989563   5.73348e-17 
 8364.65939331   5.62013e-17 
 8368.87889099   6.03088e-17 
 8373.09838867   6.55501e-17 
 8377.31788635   6.32933e-17 
 8381.53738403    6.8385e-17 
 8385.75688171   6.15439e-17 
 8389.97637939   6.59451e-17 
 8394.19587708   7.66939e-17 
 8398.41537476   6.42743e-17 
 8402.63487244   7.99656e-17 
 8406.85437012   8.82043e-17 
  8411.0738678   8.88671e-17 
 8415.29336548   8.23089e-17 
 8419.51286316   8.75143e-17 
 8423.73236084   8.76562e-17 
 8427.95185852    9.4514e-17 
  8432.1713562   1.10791e-16 
 8436.39085388   1.06317e-16 
 8440.61035156    1.4313e-16 
 8444.82984924   1.32926e-16 
 8449.04934692   1.36711e-16 
  8453.2688446   1.34254e-16 
 8457.48834229   1.37967e-16 
 8461.70783997    1.4013e-16 
 8465.92733765   1.38532e-16 
 8470.14683533   1.20623e-16 
 8474.36633301   1.21546e-16 
 8478.58583069   1.24742e-16 
 8482.80532837   1.30785e-16 
 8487.02482605   1.38801e-16 
 8491.24432373   1.30681e-16 
 8495.46382141   1.23429e-16 
 8499.68331909   1.21177e-16 
 8503.90281677   1.05254e-16 
 8508.12231445   9.59916e-17 
 8512.34181213   1.03901e-16 
 8516.56130981   1.02466e-16 
  8520.7808075    1.0545e-16 
 8525.00030518   1.10059e-16 
 8529.21980286   1.05006e-16 
 8533.43930054   1.17136e-16 
 8537.65879822   1.29536e-16 
  8541.8782959   1.21094e-16 
 8546.09779358   1.12494e-16 
 8550.31729126   1.09078e-16 
 8554.53678894   1.03605e-16 
 8558.75628662   8.99422e-17 
  8562.9757843   8.80576e-17 
 8567.19528198   9.37602e-17 
 8571.41477966    9.4633e-17 
 8575.63427734   1.02321e-16 
 8579.85377502   1.09604e-16 
 8584.07327271   1.15617e-16 
 8588.29277039   1.04235e-16 
 8592.51226807   9.92067e-17 
 8596.73176575   7.74489e-17 
 8600.95126343   8.46502e-17 
 8605.17076111   8.26603e-17 
 8609.39025879   6.45796e-17 
 8613.60975647   7.88799e-17 
 8617.82925415   9.67967e-17 
 8622.04875183   1.07003e-16 
 8626.26824951   1.14764e-16 
 8630.48774719   1.10989e-16 
 8634.70724487   9.99735e-17 
 8638.92674255   7.15422e-17 
 8643.14624023   5.90695e-17 
 8647.36573792   4.84018e-17 
  8651.5852356   3.24107e-17 
 8655.80473328    4.5178e-17 
 8660.02423096   5.19034e-17 
 8664.24372864   8.31347e-17 
 8668.46322632   9.76713e-17 
   8672.682724   9.17288e-17 
 8676.90222168   8.73928e-17 
 8681.12171936   6.54621e-17 
 8685.34121704   5.81193e-17 
 8689.56071472    4.0317e-17 
  8693.7802124   5.04002e-17 
 8697.99971008   4.80369e-17 
 8702.21920776   6.01228e-17 
 8706.43870544   6.22425e-17 
 8710.65820312   7.03495e-17 
 8714.87770081   6.86578e-17 
 8719.09719849   6.12721e-17 
 8723.31669617   6.26066e-17 
 8727.53619385    5.0214e-17 
 8731.75569153   4.33621e-17 
 8735.97518921   4.57238e-17 
 8740.19468689   4.81732e-17 
 8744.41418457   5.15907e-17 
 8748.63368225   6.26763e-17 
 8752.85317993   7.18795e-17 
 8757.07267761   7.50577e-17 
 8761.29217529     6.944e-17 
 8765.51167297   3.03497e-17 
 8769.73117065    1.0793e-18 
 8773.95066833   7.05422e-18 
 8778.17016602   1.28585e-17 
  8782.3896637   1.29484e-17 
 8786.60916138   4.25489e-17 
 8790.82865906   5.09337e-17 
 8795.04815674   5.74436e-17 
 8799.26765442   5.11121e-17 
  8803.4871521   4.76307e-17 
 8807.70664978   3.74501e-17 
 8811.92614746   2.02138e-17 
 8816.14564514   2.59318e-17 
 8820.36514282   2.11629e-17 
  8824.5846405   2.06387e-17 
 8828.80413818   1.81661e-17 
 8833.02363586   3.86479e-17 
 8837.24313354   6.45822e-17 
 8841.46263123   5.48986e-17 
 8845.68212891   3.84011e-17 
 8849.90162659   2.63514e-17 
 8854.12112427   3.00304e-17 
 8858.34062195   2.42732e-17 
 8862.56011963    1.2054e-17 
 8866.77961731   2.59951e-18 
 8870.99911499    3.4039e-17 
 8875.21861267   4.20403e-17 
 8879.43811035   6.50806e-17 
 8883.65760803   7.45561e-17 
 8887.87710571   5.75696e-17 
 8892.09660339   4.59242e-17 
 8896.31610107   2.56319e-17 
 8900.53559875   2.63445e-17 
 8904.75509644   2.40009e-17 
 8908.97459412   4.42044e-18 
  8913.1940918  -1.33015e-17 
 8917.41358948  -1.06094e-18 
 8921.63308716     1.053e-17 
 8925.85258484   2.18126e-17 
 8930.07208252   2.90186e-17 
  8934.2915802    4.9753e-17 
 8938.51107788   5.82881e-17 
 8942.73057556   5.51282e-17 
 8946.95007324   3.56871e-17 
 8951.16957092   1.96748e-17 
  8955.3890686   2.22717e-17 
 8959.60856628   1.01845e-17 
 8963.82806396   2.73439e-17 
 8968.04756165   3.15219e-17 
 8972.26705933   4.06715e-17 
 8976.48655701   4.07678e-17 
 8980.70605469   4.78573e-17 
 8984.92555237   5.88695e-17 
 8989.14505005    6.4369e-17 
 8993.36454773   5.42383e-17 
 8997.58404541   4.59464e-17 
 9001.80354309   5.12137e-17 
 9006.02304077   5.09454e-17 
 9010.24253845   4.82613e-17 
 9014.46203613   4.60841e-17 
 9018.68153381    3.9863e-17 
 9022.90103149   4.39672e-17 
 9027.12052917   4.94288e-17 
 9031.34002686   5.41941e-17 
 9035.55952454   4.98065e-17 
 9039.77902222   5.20148e-17 
  9043.9985199   6.80062e-17 
 9048.21801758    7.2107e-17 
 9052.43751526   7.14323e-17 
 9056.65701294   7.50439e-17 
 9060.87651062   7.74946e-17 
  9065.0960083   5.36171e-17 
 9069.31550598   4.25635e-17 
 9073.53500366   4.75496e-17 
 9077.75450134   4.92817e-17 
 9081.97399902     3.915e-17 
  9086.1934967   4.42577e-17 
 9090.41299438   5.23272e-17 
 9094.63249207   6.31209e-17 
 9098.85198975    7.5468e-17 
 9103.07148743   7.07797e-17 
 9107.29098511   7.40805e-17 
 9111.51048279   8.14695e-17 
 9115.72998047   7.20233e-17 
 9119.94947815   6.36395e-17 
 9124.16897583   4.59104e-17 
 9128.38847351   4.66581e-17 
 9132.60797119    5.1771e-17 
 9136.82746887   4.68094e-17 
 9141.04696655   5.41181e-17 
 9145.26646423   5.49065e-17 
 9149.48596191   6.08728e-17 
 9153.70545959   6.47223e-17 
 9157.92495728   6.05043e-17 
 9162.14445496   6.86541e-17 
 9166.36395264   6.14315e-17 
 9170.58345032   4.62445e-17 
   9174.802948   5.42195e-17 
 9179.02244568   5.37155e-17 
 9183.24194336   4.82607e-17 
 9187.46144104   5.21147e-17 
 9191.68093872   4.88933e-17 
  9195.9004364   5.34244e-17 
 9200.11993408   6.04307e-17 
 9204.33943176   6.39114e-17 
 9208.55892944   6.77025e-17 
 9212.77842712   6.30209e-17 
  9216.9979248   6.44429e-17 
 9221.21742249   5.82371e-17 
 9225.43692017   3.93684e-17 
 9229.65641785   2.90815e-17 
 9233.87591553   3.48523e-17 
 9238.09541321   2.14465e-17 
 9242.31491089   4.58841e-17 
 9246.53440857   4.26865e-17 
 9250.75390625   3.70842e-17 
 9254.97340393   5.25681e-17 
 9259.19290161   6.10725e-17 
 9263.41239929   5.09388e-17 
 9267.63189697   4.51238e-17 
 9271.85139465   4.12008e-17 
 9276.07089233    3.0289e-17 
 9280.29039001   3.90744e-17 
  9284.5098877   3.82293e-17 
 9288.72938538   1.88567e-17 
 9292.94888306   4.37999e-17 
 9297.16838074   4.10931e-17 
 9301.38787842   5.18806e-17 
  9305.6073761   6.46633e-17 
 9309.82687378   5.18132e-17 
 9314.04637146   4.90083e-17 
 9318.26586914   2.05787e-17 
 9322.48536682     3.487e-17 
  9326.7048645   4.55048e-17 
 9330.92436218   2.22979e-17 
 9335.14385986   1.64561e-17 
 9339.36335754   2.84309e-17 
 9343.58285522   2.57388e-17 
 9347.80235291   1.74882e-17 
 9352.02185059   2.37513e-17 
 9356.24134827   2.97361e-17 
 9360.46084595   3.32016e-17 
 9364.68034363   2.89228e-17 
 9368.89984131   3.04543e-17 
 9373.11933899   3.48388e-17 
 9377.33883667   3.42202e-17 
 9381.55833435   3.90328e-17 
 9385.77783203   1.79234e-17 
 9389.99732971   3.34982e-17 
 9394.21682739   2.65027e-17 
 9398.43632507   1.95849e-17 
 9402.65582275   4.01123e-17 
 9406.87532043   4.70678e-17 
 9411.09481812   3.98334e-17 
  9415.3143158   3.55461e-17 
 9419.53381348   3.72916e-17 
 9423.75331116   3.62106e-17 
 9427.97280884   2.58587e-17 
 9432.19230652   4.61757e-18 
  9436.4118042   5.00699e-18 
 9440.63130188   2.22126e-17 
 9444.85079956   1.99127e-17 
 9449.07029724   1.25344e-17 
 9453.28979492   2.23848e-17 
  9457.5092926   1.70217e-17 
 9461.72879028   2.59227e-17 
 9465.94828796   5.02277e-17 
 9470.16778564   6.03468e-17 
 9474.38728333   4.91031e-17 
 9478.60678101   4.46737e-17 
 9482.82627869   1.87192e-17 
 9487.04577637   2.56149e-17 
 9491.26527405   2.70082e-17 
 9495.48477173   1.25929e-17 
 9499.70426941   3.49632e-17 
 9503.92376709   2.35791e-17 
 9508.14326477   1.45244e-17 
 9512.36276245   4.20893e-17 
 9516.58226013   2.07607e-17 
 9520.80175781   4.82534e-17 
 9525.02125549    3.9398e-17 
 9529.24075317   3.04857e-17 
 9533.46025085   4.84524e-17 
 9537.67974854   3.97149e-17 
 9541.89924622   3.72168e-17 
  9546.1187439   1.81281e-17 
 9550.33824158   3.78576e-17 
 9554.55773926   2.42843e-17 
 9558.77723694   4.48067e-17 
 9562.99673462   4.19852e-17 
  9567.2162323   3.20838e-17 
 9571.43572998   2.31206e-17 
 9575.65522766   3.69283e-17 
 9579.87472534   3.45937e-17 
 9584.09422302   3.36821e-17 
  9588.3137207   2.84732e-17 
 9592.53321838   1.17705e-17 
 9596.75271606   1.97312e-17 
 9600.97221375   3.41379e-17 
 9605.19171143   2.62906e-17 
 9609.41120911   2.93006e-17 
 9613.63070679   4.65076e-17 
 9617.85020447   4.00561e-17 
 9622.06970215   2.93083e-17 
 9626.28919983   2.66612e-17 
 9630.50869751   2.00699e-18 
 9634.72819519   3.18917e-17 
 9638.94769287   3.41333e-17 
 9643.16719055   2.06093e-17 
 9647.38668823   2.72542e-17 
 9651.60618591   3.52419e-17 
 9655.82568359   2.62529e-17 
 9660.04518127    1.0681e-17 
 9664.26467896   4.38745e-17 
 9668.48417664   4.88698e-17 
 9672.70367432   4.12462e-17 
   9676.923172   2.09343e-17 
 9681.14266968   3.23811e-17 
 9685.36216736   4.00784e-17 
 9689.58166504   5.35301e-17 
 9693.80116272   4.54777e-17 
  9698.0206604   2.49209e-17 
 9702.24015808   1.94775e-17 
 9706.45965576   2.72664e-17 
 9710.67915344   3.96839e-17 
 9714.89865112    4.1713e-17 
  9719.1181488   2.04585e-17 
 9723.33764648   1.06197e-17 
 9727.55714417   3.86103e-17 
 9731.77664185   4.01767e-17 
 9735.99613953   1.74632e-17 
 9740.21563721   4.11638e-17 
 9744.43513489   4.10079e-17 
 9748.65463257   3.74923e-17 
 9752.87413025   5.43305e-17 
 9757.09362793   3.79335e-17 
 9761.31312561    4.4121e-17 
 9765.53262329   3.28643e-17 
 9769.75212097   4.94533e-17 
 9773.97161865   3.39738e-17 
 9778.19111633   3.53258e-17 
 9782.41061401   3.40891e-17 
 9786.63011169   2.89414e-17 
 9790.84960937    6.1734e-17 
 9795.06910706   7.79532e-18 
 9799.28860474   2.49707e-17 
 9803.50810242    4.7868e-17 
  9807.7276001   3.41472e-17 
 9811.94709778   2.38428e-17 
 9816.16659546   5.03191e-17 
 9820.38609314   4.94612e-17 
 9824.60559082   6.19387e-17 
  9828.8250885   5.47554e-17 
 9833.04458618   3.01739e-17 
 9837.26408386   2.12175e-17 
 9841.48358154   4.28632e-17 
 9845.70307922   4.10244e-17 
  9849.9225769    4.1289e-17 
 9854.14207458   3.39214e-17 
 9858.36157227   4.03624e-17 
 9862.58106995   6.07805e-17 
 9866.80056763   6.43737e-17 
 9871.02006531   3.89252e-17 
 9875.23956299   4.27644e-17 
 9879.45906067   4.00149e-17 
 9883.67855835   2.06345e-17 
 9887.89805603   3.02105e-17 
 9892.11755371   6.81573e-17 
 9896.33705139   4.73755e-17 
 9900.55654907    2.7046e-17 
 9904.77604675   5.20417e-17 
 9908.99554443   2.40997e-17 
 9913.21504211   1.07629e-17 
 9917.43453979   6.35685e-17 
 9921.65403748   3.76373e-17 
 9925.87353516   3.74865e-17 
 9930.09303284   1.82318e-17 
 9934.31253052   2.60191e-17 
  9938.5320282  -3.89195e-18 
 9942.75152588  -4.98829e-17 
 9946.97102356   3.33951e-17 
 9951.19052124   6.98519e-17 
 9955.41001892   8.96764e-18 
  9959.6295166   2.87726e-17 
 9963.84901428   1.69046e-17 
 9968.06851196   1.69126e-17 
 9972.28800964   3.40756e-17 
 9976.50750732   3.56422e-17 
   9980.727005   3.65078e-17 
 9984.94650269   3.11767e-17 
 9989.16600037   3.48828e-17 
 9993.38549805   9.43246e-19 
 9997.60499573    1.2388e-17 
 10001.8244934   3.91222e-17 
 10006.0439911   3.90141e-17 
 10010.2634888   3.88809e-17 
 10014.4829865   3.87271e-17 
 10018.7024841   3.85556e-17 
 10022.9219818    3.8367e-17 
 10027.1414795   3.81581e-17 
 10031.3609772   3.79394e-17 
 10035.5804749   3.77297e-17 
 10039.7999725     3.751e-17 
 10044.0194702   3.72792e-17 
 10048.2389679   3.70393e-17 
 10052.4584656   3.67899e-17 
 10056.6779633   3.65333e-17 
 10060.8974609   3.62731e-17 
 10065.1169586   3.60095e-17 
 10069.3364563   3.57408e-17 
  10073.555954   3.54741e-17 
 10077.7754517   3.51857e-17 
 10081.9949493   3.48814e-17 
  10086.214447    3.4585e-17 
 10090.4339447   3.42942e-17 
 10094.6534424   3.40111e-17 
 10098.8729401   3.37368e-17 
 10103.0924377   3.34721e-17 
 10107.3119354   3.32157e-17 
 10111.5314331   3.29676e-17 
 10115.7509308   3.27289e-17 
 10119.9704285   3.25172e-17 
 10124.1899261   3.23229e-17 
 10128.4094238   3.21389e-17 
 10132.6289215   3.19657e-17 
 10136.8484192   3.18031e-17 
 10141.0679169   3.16524e-17 
 10145.2874146   3.15125e-17 
 10149.5069122    3.1386e-17 
 10153.7264099   3.12707e-17 
 10157.9459076   3.11683e-17 
 10162.1654053   3.10673e-17 
  10166.384903   3.09709e-17 
 10170.6044006   3.08894e-17 
 10174.8238983   3.08217e-17 
  10179.043396   3.07666e-17 
 10183.2628937   3.07263e-17 
 10187.4823914    3.0702e-17 
  10191.701889    3.0693e-17 
 10195.9213867   3.06986e-17 
 10200.1408844   3.07204e-17 
 10204.3603821   3.07699e-17 
 10208.5798798    3.0846e-17 
 10212.7993774   3.09414e-17 
 10217.0188751   3.10554e-17 
 10221.2383728   3.11884e-17 
 10225.4578705   3.13419e-17 
 10229.6773682   3.15159e-17 
 10233.8968658    3.1712e-17 
 10238.1163635   3.19309e-17 
 10242.3358612   3.21746e-17 
 10246.5553589   3.24381e-17 
 10250.7748566   3.27115e-17 
 10254.9943542   3.30125e-17 
 10259.2138519   3.33445e-17 
 10263.4333496   3.37049e-17 
 10267.6528473   3.40979e-17 
  10271.872345   3.45263e-17 
 10276.0918427   3.49918e-17 
 10280.3113403   3.54949e-17 
  10284.530838   3.60377e-17 
 10288.7503357   3.66276e-17 
 10292.9698334   3.72783e-17 
 10297.1893311   3.79804e-17 
 10301.4088287   3.86422e-17 
 10305.6283264   3.93335e-17 
 10309.8478241   4.00489e-17 
 10314.0673218   4.06869e-17 
 10318.2868195   4.13372e-17 
 10322.5063171   4.19954e-17 
 10326.7258148   4.26496e-17 
 10330.9453125   4.32723e-17 
