# STATUS =
# OBJECT = 2017gci
# TELESCOPE = ESO-NTT
# INSTRUMENT = EFOSC2-NTT
# DATE-OBS = 2018-01-17 05:20:14.00
# MJD = 58135.22238430008
# EXPTIME = 3600.0017
# AIRMASS = 1.2
# SLIT = --
# DISPERSER = --
# SOURCE = 2021MNRAS.502.2120F
# FILTER =
# RESOLUTION =
# FLUX_STANDARD =
# EXTINCTION_CORRECTED = --
# PHOTOMETRY_CALIBRATED =
# TELLURIC_CORRECTED =
# FLUX_UNITS = erg cm(-2) sec(-1) Ang(-1)
# WAVE_UNITS = Angstrom
# QUALITY = Medium
# MIN_WAVE = 3639.0783691406
# MAX_WAVE = 9265.7529296875
# COMMENT = --
       Wavelength           Flux 
 3644.60555436707   4.836732e-18 
 3650.13273959354   3.312313e-18 
 3655.65992482002   7.844423e-18 
 3661.18711004649    2.09935e-17 
 3666.71429527296   2.935078e-17 
 3672.24148049943   9.484275e-18 
  3677.7686657259   6.879419e-18 
 3683.29585095237   1.001848e-17 
 3688.82303617884    5.58204e-18 
 3694.35022140531   6.752712e-18 
 3699.87740663178   5.674169e-18 
 3705.40459185825   3.918154e-18 
 3710.93177708472   1.028912e-17 
 3716.45896231119   7.386132e-19 
 3721.98614753766   4.664595e-18 
 3727.51333276413   6.984205e-18 
  3733.0405179906   6.984177e-18 
 3738.56770321707    1.07524e-17 
 3744.09488844354   4.012249e-18 
 3749.62207367001   6.061182e-18 
 3755.14925889648   5.461408e-18 
 3760.67644412295   3.305247e-18 
 3766.20362934942   4.099201e-18 
 3771.73081457589   8.605912e-18 
 3777.25799980236   1.003258e-17 
 3782.78518502883   4.217265e-18 
 3788.31237025531   5.618506e-18 
 3793.83955548178    6.66674e-18 
 3799.36674070825   5.128588e-18 
 3804.89392593472   5.861222e-18 
 3810.42111116119   8.077155e-18 
 3815.94829638766   4.491092e-18 
 3821.47548161413   5.354295e-18 
  3827.0026668406   8.512704e-18 
 3832.52985206707   1.059821e-17 
 3838.05703729354   6.559062e-18 
 3843.58422252001   9.178347e-18 
 3849.11140774648   7.276584e-18 
 3854.63859297295   4.081063e-18 
 3860.16577819942   1.262636e-17 
 3865.69296342589   6.033543e-18 
 3871.22014865236   6.546534e-18 
 3876.74733387883   7.647274e-18 
  3882.2745191053   8.321671e-18 
 3887.80170433177   8.431026e-18 
 3893.32888955824   9.158402e-18 
 3898.85607478471   6.814302e-18 
 3904.38326001118   6.558367e-18 
 3909.91044523766   7.622627e-18 
 3915.43763046412   7.678962e-18 
  3920.9648156906   4.216663e-18 
 3926.49200091707   3.167373e-18 
 3932.01918614354     5.1766e-18 
 3937.54637137001    8.54582e-18 
 3943.07355659648   1.208701e-17 
 3948.60074182295   1.075464e-17 
 3954.12792704942   9.503639e-18 
 3959.65511227589   4.010777e-18 
 3965.18229750236   8.901052e-18 
 3970.70948272883   1.017055e-17 
  3976.2366679553   1.062406e-17 
 3981.76385318177    8.53734e-18 
 3987.29103840824   3.890946e-18 
 3992.81822363471   1.048347e-17 
 3998.34540886118   8.731169e-18 
 4003.87259408765   6.083063e-18 
 4009.39977931412   7.000233e-18 
 4014.92696454059   3.327879e-18 
 4020.45414976706   5.243905e-18 
 4025.98133499353   1.117894e-17 
    4031.50852022   9.567103e-18 
 4037.03570544647   7.858214e-18 
 4042.56289067294   9.764536e-18 
 4048.09007589942   7.938576e-18 
 4053.61726112588   1.730811e-17 
 4059.14444635236   1.706472e-17 
 4064.67163157883   1.346016e-17 
  4070.1988168053   6.878085e-18 
 4075.72600203177   6.693388e-18 
 4081.25318725824   6.481358e-18 
 4086.78037248471   8.048588e-18 
 4092.30755771118    8.03106e-18 
 4097.83474293765   9.167877e-18 
 4103.36192816412   1.026254e-17 
 4108.88911339059   4.809665e-18 
 4114.41629861706   4.065022e-18 
 4119.94348384353   6.139819e-18 
    4125.47066907   7.175703e-18 
 4130.99785429647    8.57202e-18 
 4136.52503952294   5.690356e-18 
 4142.05222474941   9.210203e-18 
 4147.57940997588   8.881135e-18 
 4153.10659520235   6.505195e-18 
 4158.63378042882   6.119985e-18 
 4164.16096565529   7.530953e-18 
 4169.68815088176   5.449468e-18 
 4175.21533610823   5.698635e-18 
 4180.74252133471   7.702835e-18 
 4186.26970656118   8.087761e-18 
 4191.79689178765   6.751299e-18 
 4197.32407701412   1.183739e-17 
 4202.85126224059   1.089229e-17 
 4208.37844746706   1.188943e-17 
 4213.90563269353   8.235627e-18 
    4219.43281792   6.014427e-18 
 4224.96000314647   8.101564e-18 
 4230.48718837294   8.876432e-18 
 4236.01437359941   1.040151e-17 
 4241.54155882588   8.045453e-18 
 4247.06874405235   8.420588e-18 
 4252.59592927882    1.42409e-17 
 4258.12311450529   1.149284e-17 
 4263.65029973176   1.111983e-17 
 4269.17748495823   1.287676e-17 
  4274.7046701847    1.15729e-17 
 4280.23185541117   1.350648e-17 
 4285.75904063764   1.646305e-17 
 4291.28622586411    1.73629e-17 
 4296.81341109058   1.528705e-17 
 4302.34059631705   1.406716e-17 
 4307.86778154353    1.38958e-17 
    4313.39496677   1.034498e-17 
 4318.92215199647   1.335724e-17 
 4324.44933722294   1.571067e-17 
 4329.97652244941   1.517777e-17 
 4335.50370767588   1.254602e-17 
 4341.03089290235   1.562158e-17 
 4346.55807812882   1.677716e-17 
 4352.08526335529   1.702854e-17 
 4357.61244858176   1.346132e-17 
 4363.13963380823   1.510422e-17 
  4368.6668190347   1.568052e-17 
 4374.19400426117   1.354897e-17 
 4379.72118948764   1.509104e-17 
 4385.24837471411   1.482781e-17 
 4390.77555994058   1.608571e-17 
 4396.30274516705   1.555723e-17 
 4401.82993039352   1.405963e-17 
 4407.35711561999   1.397274e-17 
 4412.88430084646   1.481564e-17 
 4418.41148607293   1.693909e-17 
  4423.9386712994   1.505648e-17 
 4429.46585652587   1.196066e-17 
 4434.99304175234    1.23346e-17 
 4440.52022697881    1.09496e-17 
 4446.04741220528   1.226019e-17 
 4451.57459743176   1.421192e-17 
 4457.10178265823    1.36055e-17 
 4462.62896788469   1.144808e-17 
 4468.15615311117   1.007633e-17 
 4473.68333833764   8.346142e-18 
 4479.21052356411   1.151211e-17 
 4484.73770879058   1.220151e-17 
 4490.26489401705    1.18859e-17 
 4495.79207924352   1.377965e-17 
 4501.31926446999   1.173304e-17 
 4506.84644969646   8.786128e-18 
 4512.37363492293   1.247392e-17 
  4517.9008201494   1.125954e-17 
 4523.42800537587   1.160269e-17 
 4528.95519060234   1.411545e-17 
 4534.48237582881   1.219503e-17 
 4540.00956105528   1.316459e-17 
 4545.53674628175   1.343634e-17 
 4551.06393150822   1.138322e-17 
 4556.59111673469   1.074182e-17 
 4562.11830196116    1.26375e-17 
 4567.64548718764   9.879121e-18 
  4573.1726724141   1.023219e-17 
 4578.69985764057   1.519697e-17 
 4584.22704286704    9.86445e-18 
 4589.75422809352   1.024193e-17 
 4595.28141331999   1.142599e-17 
 4600.80859854646   9.565377e-18 
 4606.33578377293   8.662886e-18 
  4611.8629689994   1.152491e-17 
 4617.39015422587   1.187468e-17 
 4622.91733945234   1.120693e-17 
 4628.44452467881   1.247339e-17 
 4633.97170990528   1.425621e-17 
 4639.49889513175   1.329383e-17 
 4645.02608035822   9.952118e-18 
 4650.55326558469   1.085023e-17 
 4656.08045081116   1.345343e-17 
 4661.60763603763    1.18378e-17 
  4667.1348212641   1.137219e-17 
 4672.66200649057   1.085657e-17 
 4678.18919171704   1.139718e-17 
 4683.71637694351   1.105474e-17 
 4689.24356216998   1.251435e-17 
 4694.77074739645   1.308026e-17 
 4700.29793262292   8.820478e-18 
 4705.82511784939   1.076213e-17 
 4711.35230307586   1.026264e-17 
 4716.87948830234   1.285836e-17 
 4722.40667352881   1.142072e-17 
 4727.93385875528   1.435678e-17 
 4733.46104398175   1.344907e-17 
 4738.98822920822   1.087443e-17 
 4744.51541443469   1.122315e-17 
 4750.04259966116   1.170785e-17 
 4755.56978488763   1.336354e-17 
  4761.0969701141   1.141121e-17 
 4766.62415534057   1.071114e-17 
 4772.15134056704   1.357261e-17 
 4777.67852579351   1.327193e-17 
 4783.20571101998   1.277155e-17 
 4788.73289624645   1.395876e-17 
 4794.26008147292   1.171718e-17 
 4799.78726669939   1.086414e-17 
 4805.31445192586   1.069306e-17 
 4810.84163715233   1.101471e-17 
  4816.3688223788   1.169904e-17 
 4821.89600760527   1.208306e-17 
 4827.42319283174   1.279073e-17 
 4832.95037805821   1.309911e-17 
 4838.47756328469   1.238471e-17 
 4844.00474851116   1.094827e-17 
 4849.53193373763   1.104848e-17 
  4855.0591189641   1.245885e-17 
 4860.58630419057   1.312305e-17 
 4866.11348941704   1.313501e-17 
 4871.64067464351   1.375999e-17 
 4877.16785986998   1.269976e-17 
 4882.69504509645   1.398523e-17 
 4888.22223032292   1.491153e-17 
 4893.74941554939   1.359589e-17 
 4899.27660077586   1.503062e-17 
 4904.80378600233     1.6238e-17 
  4910.3309712288   1.768873e-17 
 4915.85815645527   1.772491e-17 
 4921.38534168174    1.81489e-17 
 4926.91252690821   1.684712e-17 
 4932.43971213468   1.737219e-17 
 4937.96689736115   1.931091e-17 
 4943.49408258762   1.767304e-17 
 4949.02126781409   1.808139e-17 
 4954.54845304056       1.76e-17 
 4960.07563826703   1.759169e-17 
  4965.6028234935    1.98796e-17 
 4971.13000871997   1.813872e-17 
 4976.65719394644   1.625873e-17 
 4982.18437917292   1.766077e-17 
 4987.71156439939   1.914702e-17 
 4993.23874962586   1.981205e-17 
 4998.76593485233   1.990676e-17 
  5004.2931200788   1.926539e-17 
 5009.82030530527   1.700552e-17 
 5015.34749053174   1.570666e-17 
 5020.87467575821   1.818287e-17 
 5026.40186098468   1.857876e-17 
 5031.92904621115   1.692133e-17 
 5037.45623143762   1.631841e-17 
 5042.98341666409   1.735713e-17 
 5048.51060189056   1.587735e-17 
 5054.03778711703   1.823317e-17 
  5059.5649723435   1.952546e-17 
 5065.09215756997   1.661721e-17 
 5070.61934279644   1.469544e-17 
 5076.14652802291   1.697372e-17 
 5081.67371324938   1.801085e-17 
 5087.20089847586   1.694668e-17 
 5092.72808370233   1.571034e-17 
 5098.25526892879   1.567215e-17 
 5103.78245415527   1.592799e-17 
 5109.30963938174    1.50572e-17 
 5114.83682460821    1.44042e-17 
 5120.36400983468   1.678694e-17 
 5125.89119506115   1.379677e-17 
 5131.41838028762    1.46513e-17 
 5136.94556551409   1.615766e-17 
 5142.47275074056   1.629564e-17 
 5147.99993596703   1.647234e-17 
  5153.5271211935   1.417415e-17 
 5159.05430641997   1.309462e-17 
 5164.58149164644   1.263859e-17 
 5170.10867687291    1.21064e-17 
 5175.63586209938    1.39059e-17 
 5181.16304732585    1.43176e-17 
 5186.69023255232   1.478566e-17 
 5192.21741777879   1.443349e-17 
 5197.74460300526   1.380418e-17 
 5203.27178823173   1.306862e-17 
  5208.7989734582   1.411195e-17 
 5214.32615868467   1.353726e-17 
 5219.85334391114   1.368323e-17 
 5225.38052913762   1.420329e-17 
 5230.90771436408   1.521096e-17 
 5236.43489959056   1.470482e-17 
 5241.96208481703   1.418718e-17 
  5247.4892700435   1.442977e-17 
 5253.01645526997   1.339372e-17 
 5258.54364049644    1.31399e-17 
 5264.07082572291   1.391437e-17 
 5269.59801094938   1.539426e-17 
 5275.12519617585   1.593799e-17 
 5280.65238140232   1.609411e-17 
 5286.17956662879   1.691977e-17 
 5291.70675185526   1.510559e-17 
 5297.23393708173   1.441979e-17 
  5302.7611223082   1.485941e-17 
 5308.28830753467   1.475563e-17 
 5313.81549276114   1.526417e-17 
 5319.34267798761   1.575226e-17 
 5324.86986321408   1.536647e-17 
 5330.39704844055   1.511567e-17 
 5335.92423366702   1.561258e-17 
 5341.45141889349   1.430401e-17 
 5346.97860411996   1.340965e-17 
 5352.50578934643    1.45031e-17 
 5358.03297457291   1.372104e-17 
 5363.56015979937   1.524837e-17 
 5369.08734502585      1.412e-17 
 5374.61453025232   1.384094e-17 
 5380.14171547879   1.779985e-17 
 5385.66890070526   1.768128e-17 
 5391.19608593173   1.852899e-17 
  5396.7232711582   1.888474e-17 
 5402.25045638467   1.613595e-17 
 5407.77764161114    1.56988e-17 
 5413.30482683761   1.577277e-17 
 5418.83201206408   1.728375e-17 
 5424.35919729055   1.585392e-17 
 5429.88638251702   1.798866e-17 
 5435.41356774349   2.834642e-17 
 5440.94075296996   3.244756e-17 
 5446.46793819643   3.034626e-17 
  5451.9951234229   2.118486e-17 
 5457.52230864937    1.44655e-17 
 5463.04949387584   1.496533e-17 
 5468.57667910231   1.505042e-17 
 5474.10386432878   1.341282e-17 
 5479.63104955525   1.522014e-17 
 5485.15823478172    1.55222e-17 
 5490.68542000819   1.261443e-17 
 5496.21260523467   1.347981e-17 
 5501.73979046114   1.349838e-17 
 5507.26697568761   1.288103e-17 
 5512.79416091408   1.322837e-17 
 5518.32134614055   1.315926e-17 
 5523.84853136702   1.366207e-17 
 5529.37571659349   1.307136e-17 
 5534.90290181996   1.431685e-17 
 5540.43008704643   1.474862e-17 
  5545.9572722729    1.48066e-17 
 5551.48445749937   1.481868e-17 
 5557.01164272584   1.532707e-17 
 5562.53882795231    1.39064e-17 
 5568.06601317878   1.321998e-17 
 5573.59319840525   1.265543e-17 
 5579.12038363172   1.420831e-17 
 5584.64756885819   1.706243e-17 
 5590.17475408466   1.695186e-17 
 5595.70193931113   1.586792e-17 
  5601.2291245376    1.58374e-17 
 5606.75630976407   1.813943e-17 
 5612.28349499054   1.750329e-17 
 5617.81068021701   1.692604e-17 
 5623.33786544348   1.715597e-17 
 5628.86505066995   1.741092e-17 
 5634.39223589642   1.868885e-17 
  5639.9194211229   1.854786e-17 
 5645.44660634937   1.933676e-17 
 5650.97379157584   1.954187e-17 
 5656.50097680231    1.81305e-17 
 5662.02816202878   1.823276e-17 
 5667.55534725525   1.796802e-17 
 5673.08253248172   1.723069e-17 
 5678.60971770819   1.739168e-17 
 5684.13690293466   1.804452e-17 
 5689.66408816113   1.729265e-17 
  5695.1912733876   1.782235e-17 
 5700.71845861407   1.999888e-17 
 5706.24564384054   1.652392e-17 
 5711.77282906701    1.60892e-17 
 5717.30001429348   1.788111e-17 
 5722.82719951995   1.692681e-17 
 5728.35438474642   1.898888e-17 
 5733.88156997289   1.824788e-17 
 5739.40875519936   1.669793e-17 
 5744.93594042583    1.68803e-17 
  5750.4631256523   1.720287e-17 
 5755.99031087877   1.825791e-17 
 5761.51749610524   1.919605e-17 
 5767.04468133172   1.863179e-17 
 5772.57186655819   1.755015e-17 
 5778.09905178466   1.928477e-17 
 5783.62623701113   1.865377e-17 
  5789.1534222376   1.702901e-17 
 5794.68060746407   1.745797e-17 
 5800.20779269054   1.670587e-17 
 5805.73497791701   1.752508e-17 
 5811.26216314348   1.794954e-17 
 5816.78934836995   1.798974e-17 
 5822.31653359642   1.869764e-17 
 5827.84371882289    1.70301e-17 
 5833.37090404936   1.857382e-17 
 5838.89808927583   2.002175e-17 
  5844.4252745023   1.704165e-17 
 5849.95245972877   1.779368e-17 
 5855.47964495524   1.760045e-17 
 5861.00683018171   1.625253e-17 
 5866.53401540818   1.769774e-17 
 5872.06120063465   1.774247e-17 
 5877.58838586112   1.742851e-17 
 5883.11557108759   1.516248e-17 
 5888.64275631406   1.494049e-17 
 5894.16994154054   1.801696e-17 
 5899.69712676701    1.64473e-17 
 5905.22431199348   1.488149e-17 
 5910.75149721995   1.668893e-17 
 5916.27868244642   1.528176e-17 
 5921.80586767289   1.462717e-17 
 5927.33305289936   1.662132e-17 
 5932.86023812583   1.711361e-17 
  5938.3874233523   1.551296e-17 
 5943.91460857877   1.433089e-17 
 5949.44179380524   1.780472e-17 
 5954.96897903171   1.972854e-17 
 5960.49616425818    1.70009e-17 
 5966.02334948465   1.756483e-17 
 5971.55053471112   1.932042e-17 
 5977.07771993759   1.733492e-17 
 5982.60490516406   1.790074e-17 
 5988.13209039053   1.804473e-17 
   5993.659275617   1.845728e-17 
 5999.18646084347   1.785884e-17 
 6004.71364606994   1.815048e-17 
 6010.24083129641   1.996471e-17 
 6015.76801652288   2.024784e-17 
 6021.29520174935   1.875257e-17 
 6026.82238697583    1.77861e-17 
 6032.34957220229   1.888506e-17 
 6037.87675742876   1.635626e-17 
 6043.40394265524   1.582544e-17 
 6048.93112788171   1.539665e-17 
 6054.45831310818   1.463299e-17 
 6059.98549833465   1.474448e-17 
 6065.51268356112   1.607574e-17 
 6071.03986878759   1.563881e-17 
 6076.56705401406   1.474919e-17 
 6082.09423924053   1.427773e-17 
   6087.621424467   1.430738e-17 
 6093.14860969347   1.434994e-17 
 6098.67579491994   1.392797e-17 
 6104.20298014641   1.427268e-17 
 6109.73016537288   1.483237e-17 
 6115.25735059935   1.302178e-17 
 6120.78453582582   1.352255e-17 
 6126.31172105229   1.465383e-17 
 6131.83890627876   1.405461e-17 
 6137.36609150523    1.43577e-17 
 6142.89327673171   1.392522e-17 
 6148.42046195817   1.339709e-17 
 6153.94764718464   1.338974e-17 
 6159.47483241112   1.364201e-17 
 6165.00201763759   1.594106e-17 
 6170.52920286406   1.523766e-17 
 6176.05638809053   1.391241e-17 
   6181.583573317   1.452199e-17 
 6187.11075854347   1.254684e-17 
 6192.63794376994   1.246548e-17 
 6198.16512899641    1.17332e-17 
 6203.69231422288   1.180481e-17 
 6209.21949944935   1.034833e-17 
 6214.74668467582   9.698378e-18 
 6220.27386990229   9.267497e-18 
 6225.80105512876   9.579996e-18 
 6231.32824035523   7.691246e-18 
  6236.8554255817   8.139647e-18 
 6242.38261080817   1.076623e-17 
 6247.90979603464    9.56186e-18 
 6253.43698126111   9.802715e-18 
 6258.96416648758   8.625433e-18 
 6264.49135171405     9.5449e-18 
 6270.01853694052   9.111131e-18 
 6275.54572216699    9.73742e-18 
 6281.07290739346   8.298973e-18 
 6286.60009261993   8.569522e-18 
 6292.12727784641   8.105182e-18 
 6297.65446307288   9.947265e-18 
 6303.18164829935    9.62148e-18 
 6308.70883352582   1.039291e-17 
 6314.23601875229   1.237371e-17 
 6319.76320397876   9.582113e-18 
 6325.29038920523   1.095373e-17 
  6330.8175744317   1.139265e-17 
 6336.34475965817   9.810092e-18 
 6341.87194488464   1.017243e-17 
 6347.39913011111    1.14186e-17 
 6352.92631533758   1.278571e-17 
 6358.45350056405   1.296808e-17 
 6363.98068579052   1.335207e-17 
 6369.50787101699   1.317457e-17 
 6375.03505624346   1.398554e-17 
 6380.56224146993   1.430962e-17 
  6386.0894266964    1.56913e-17 
 6391.61661192287   1.622264e-17 
 6397.14379714934   1.581628e-17 
 6402.67098237581    1.36405e-17 
 6408.19816760228   1.175762e-17 
 6413.72535282875   1.373911e-17 
 6419.25253805522   1.440891e-17 
  6424.7797232817   1.406523e-17 
 6430.30690850817   1.475087e-17 
 6435.83409373464   1.539845e-17 
 6441.36127896111   1.546685e-17 
 6446.88846418758   1.538449e-17 
 6452.41564941405   1.783658e-17 
 6457.94283464052   1.691779e-17 
 6463.47001986699   1.376923e-17 
 6468.99720509346   1.415202e-17 
 6474.52439031993   1.501949e-17 
  6480.0515755464   1.415121e-17 
 6485.57876077287   1.238859e-17 
 6491.10594599934   1.365306e-17 
 6496.63313122581   1.394684e-17 
 6502.16031645228   1.331435e-17 
 6507.68750167875   1.278687e-17 
 6513.21468690522   1.366005e-17 
 6518.74187213169   1.214996e-17 
 6524.26905735816   1.242246e-17 
 6529.79624258463   1.348062e-17 
  6535.3234278111   1.420981e-17 
 6540.85061303757   1.211539e-17 
 6546.37779826404   1.180219e-17 
 6551.90498349051   1.290323e-17 
 6557.43216871698   1.216404e-17 
 6562.95935394346   1.206284e-17 
 6568.48653916993   1.296047e-17 
  6574.0137243964   1.259295e-17 
 6579.54090962287    1.36562e-17 
 6585.06809484934   1.243438e-17 
 6590.59528007581   1.192277e-17 
 6596.12246530228   1.186975e-17 
 6601.64965052875   1.197126e-17 
 6607.17683575522   1.072104e-17 
 6612.70402098169   1.098379e-17 
 6618.23120620816   1.358968e-17 
 6623.75839143463   1.194486e-17 
  6629.2855766611   1.105402e-17 
 6634.81276188757   1.296852e-17 
 6640.33994711404   1.348437e-17 
 6645.86713234051   1.364953e-17 
 6651.39431756698   1.301578e-17 
 6656.92150279345   1.257787e-17 
 6662.44868801992   1.234363e-17 
 6667.97587324639   1.397964e-17 
 6673.50305847286   1.313151e-17 
 6679.03024369933    1.23091e-17 
  6684.5574289258    1.37213e-17 
 6690.08461415227   1.509894e-17 
 6695.61179937875   1.439686e-17 
 6701.13898460522   1.233528e-17 
 6706.66616983169   1.363355e-17 
 6712.19335505816   1.551739e-17 
 6717.72054028463    1.48276e-17 
  6723.2477255111   1.594265e-17 
 6728.77491073757   1.689327e-17 
 6734.30209596404   1.749963e-17 
 6739.82928119051   1.877829e-17 
 6745.35646641698   1.963941e-17 
 6750.88365164345   1.927515e-17 
 6756.41083686992   2.256779e-17 
 6761.93802209639   2.101404e-17 
 6767.46520732286   1.900259e-17 
 6772.99239254933   1.995699e-17 
  6778.5195777758   2.034021e-17 
 6784.04676300227   2.098095e-17 
 6789.57394822874   2.109136e-17 
 6795.10113345521   2.189274e-17 
 6800.62831868168   2.207724e-17 
 6806.15550390815   2.101413e-17 
 6811.68268913462   2.023487e-17 
  6817.2098743611   2.122494e-17 
 6822.73705958757   2.011759e-17 
 6828.26424481404   1.991093e-17 
 6833.79143004051   2.159756e-17 
 6839.31861526698   2.085543e-17 
 6844.84580049345   2.218184e-17 
 6850.37298571992   2.071788e-17 
 6855.90017094639   1.972053e-17 
 6861.42735617286   1.960028e-17 
 6866.95454139933   2.012345e-17 
  6872.4817266258   1.953855e-17 
 6878.00891185227   1.849264e-17 
 6883.53609707874   1.824303e-17 
 6889.06328230521   1.800275e-17 
 6894.59046753168   1.428154e-17 
 6900.11765275815   1.596204e-17 
 6905.64483798462   1.759547e-17 
 6911.17202321109   1.694826e-17 
 6916.69920843756   1.640931e-17 
 6922.22639366403   1.525961e-17 
  6927.7535788905    1.46911e-17 
 6933.28076411697   1.586148e-17 
 6938.80794934344   1.674278e-17 
 6944.33513456992   1.539261e-17 
 6949.86231979638   1.487311e-17 
 6955.38950502286   1.865856e-17 
 6960.91669024933   1.741443e-17 
  6966.4438754758   1.695619e-17 
 6971.97106070227   1.588204e-17 
 6977.49824592874   1.423153e-17 
 6983.02543115521   1.497949e-17 
 6988.55261638168   1.641999e-17 
 6994.07980160815   1.649074e-17 
 6999.60698683462   1.576871e-17 
 7005.13417206109   1.642919e-17 
 7010.66135728756   1.618868e-17 
 7016.18854251403   1.453124e-17 
  7021.7157277405   1.422072e-17 
 7027.24291296697   1.452742e-17 
 7032.77009819344   1.528977e-17 
 7038.29728341991   1.721842e-17 
 7043.82446864638   1.482028e-17 
 7049.35165387285   1.478538e-17 
 7054.87883909932   1.514681e-17 
 7060.40602432579   1.340127e-17 
 7065.93320955226   1.425745e-17 
 7071.46039477874   1.438682e-17 
 7076.98758000521   1.485893e-17 
 7082.51476523168   1.318006e-17 
 7088.04195045814    1.44698e-17 
 7093.56913568462   1.353152e-17 
 7099.09632091108   1.486494e-17 
 7104.62350613756   1.452849e-17 
 7110.15069136403   1.471234e-17 
  7115.6778765905   1.385914e-17 
 7121.20506181697   1.512677e-17 
 7126.73224704344   2.056298e-17 
 7132.25943226991   2.469464e-17 
 7137.78661749638   2.510153e-17 
 7143.31380272285   2.011968e-17 
 7148.84098794932   1.417423e-17 
 7154.36817317579   1.329755e-17 
 7159.89535840226   1.431619e-17 
 7165.42254362873   1.419463e-17 
  7170.9497288552    1.28335e-17 
 7176.47691408167   1.288702e-17 
 7182.00409930814   1.380112e-17 
 7187.53128453461   1.250316e-17 
 7193.05846976109   1.396004e-17 
 7198.58565498755   1.502561e-17 
 7204.11284021402   1.377858e-17 
 7209.64002544049    1.30508e-17 
 7215.16721066697    1.38058e-17 
 7220.69439589344   1.347061e-17 
 7226.22158111991   1.136787e-17 
 7231.74876634638   1.280532e-17 
 7237.27595157285   1.381088e-17 
 7242.80313679932     1.4422e-17 
 7248.33032202579    1.47478e-17 
 7253.85750725226   1.351823e-17 
 7259.38469247873   1.282392e-17 
  7264.9118777052    1.35394e-17 
 7270.43906293167   1.435598e-17 
 7275.96624815814    1.58943e-17 
 7281.49343338461   1.306952e-17 
 7287.02061861108   1.074839e-17 
 7292.54780383755   1.245565e-17 
 7298.07498906402   1.378129e-17 
 7303.60217429049   1.418092e-17 
 7309.12935951696   1.138811e-17 
 7314.65654474343   9.144947e-18 
  7320.1837299699   1.245812e-17 
 7325.71091519637   1.477303e-17 
 7331.23810042284    1.20627e-17 
 7336.76528564931   9.618153e-18 
 7342.29247087579   9.077003e-18 
 7347.81965610225   9.181999e-18 
 7353.34684132872   1.172819e-17 
 7358.87402655519   1.376207e-17 
 7364.40121178167   1.150915e-17 
 7369.92839700814   6.951336e-18 
 7375.45558223461   8.183794e-18 
 7380.98276746108   9.884664e-18 
 7386.50995268755   1.192805e-17 
 7392.03713791402    1.28543e-17 
 7397.56432314049   1.041075e-17 
 7403.09150836696   8.900169e-18 
 7408.61869359343    8.77583e-18 
  7414.1458788199   9.373646e-18 
 7419.67306404637   9.798295e-18 
 7425.20024927284    1.10239e-17 
 7430.72743449931   6.892461e-18 
 7436.25461972578   8.373177e-18 
 7441.78180495225   8.883133e-18 
 7447.30899017872   8.918342e-18 
 7452.83617540519   1.022305e-17 
 7458.36336063166   1.047137e-17 
 7463.89054585813   9.172759e-18 
  7469.4177310846   9.449983e-18 
 7474.94491631107   1.097447e-17 
 7480.47210153755   1.126115e-17 
 7485.99928676402   1.251251e-17 
 7491.52647199049    1.11914e-17 
 7497.05365721696   7.640374e-18 
 7502.58084244343   9.516842e-18 
  7508.1080276699   1.093526e-17 
 7513.63521289637   1.064008e-17 
 7519.16239812284   1.181037e-17 
 7524.68958334931   9.393857e-18 
 7530.21676857578   8.530901e-18 
 7535.74395380225   7.755798e-18 
 7541.27113902872   8.259051e-18 
 7546.79832425519   8.812652e-18 
 7552.32550948166   1.154289e-17 
 7557.85269470813   1.220296e-17 
  7563.3798799346    1.09586e-17 
 7568.90706516107   1.082889e-17 
 7574.43425038754   9.615941e-18 
 7579.96143561401   1.123142e-17 
 7585.48862084048   1.265587e-17 
 7591.01580606695   1.233633e-17 
 7596.54299129342    1.22663e-17 
 7602.07017651989   7.797318e-18 
 7607.59736174636   6.188781e-18 
 7613.12454697283    1.19587e-17 
 7618.65173219931   1.321589e-17 
 7624.17891742578   1.385703e-17 
 7629.70610265225   1.294245e-17 
 7635.23328787872   9.094208e-18 
 7640.76047310519   8.804649e-18 
 7646.28765833166   9.962456e-18 
 7651.81484355813   1.078814e-17 
  7657.3420287846   1.168941e-17 
 7662.86921401107   1.199279e-17 
 7668.39639923754   1.274609e-17 
 7673.92358446401   1.100685e-17 
 7679.45076969048   1.252691e-17 
 7684.97795491695    1.27528e-17 
 7690.50514014342   1.164797e-17 
 7696.03232536989   9.872517e-18 
 7701.55951059636   1.007595e-17 
 7707.08669582283   8.547978e-18 
  7712.6138810493   1.227929e-17 
 7718.14106627577   1.186992e-17 
 7723.66825150224   1.316278e-17 
 7729.19543672871   1.099003e-17 
 7734.72262195518   1.155782e-17 
 7740.24980718166   8.326829e-18 
 7745.77699240813   9.906676e-18 
  7751.3041776346   1.471316e-17 
 7756.83136286106   1.581501e-17 
 7762.35854808754   1.386301e-17 
 7767.88573331401   1.068415e-17 
 7773.41291854048   9.945275e-18 
 7778.94010376695   9.604214e-18 
 7784.46728899342   1.339765e-17 
 7789.99447421989   1.656206e-17 
 7795.52165944636   1.287462e-17 
 7801.04884467283   1.207653e-17 
  7806.5760298993    1.19604e-17 
 7812.10321512577   9.345453e-18 
 7817.63040035224   1.150688e-17 
 7823.15758557871   1.365631e-17 
 7828.68477080518   1.070431e-17 
 7834.21195603165   1.442047e-17 
 7839.73914125812   1.467524e-17 
 7845.26632648459   1.110843e-17 
 7850.79351171106   1.183186e-17 
 7856.32069693753    1.63011e-17 
   7861.847882164   1.799538e-17 
 7867.37506739047   1.819931e-17 
 7872.90225261694   1.494737e-17 
 7878.42943784341   1.264639e-17 
 7883.95662306989   1.327745e-17 
 7889.48380829636   1.575698e-17 
 7895.01099352283   1.921118e-17 
  7900.5381787493   1.774193e-17 
 7906.06536397577   1.421044e-17 
 7911.59254920224   1.596697e-17 
 7917.11973442871   1.530466e-17 
 7922.64691965518   1.777151e-17 
 7928.17410488165   2.067308e-17 
 7933.70129010812   1.946514e-17 
 7939.22847533459   1.794762e-17 
 7944.75566056106   1.651537e-17 
 7950.28284578753   1.584602e-17 
   7955.810031014   1.921713e-17 
 7961.33721624047   2.367163e-17 
 7966.86440146694   2.019265e-17 
 7972.39158669341    1.81706e-17 
 7977.91877191988   1.690473e-17 
 7983.44595714635   1.664022e-17 
 7988.97314237282   1.530619e-17 
 7994.50032759929   1.531093e-17 
 8000.02751282576   1.568557e-17 
 8005.55469805223   1.424065e-17 
  8011.0818832787   1.537889e-17 
 8016.60906850517   1.096706e-17 
 8022.13625373165   1.058954e-17 
 8027.66343895812   1.571419e-17 
 8033.19062418459   1.388756e-17 
 8038.71780941106   1.479986e-17 
 8044.24499463753   1.315067e-17 
   8049.772179864    1.15033e-17 
 8055.29936509047   9.582259e-18 
 8060.82655031694   1.312718e-17 
 8066.35373554341    1.35708e-17 
 8071.88092076988   1.271089e-17 
 8077.40810599635   1.233614e-17 
 8082.93529122282   1.291863e-17 
 8088.46247644929   1.158794e-17 
 8093.98966167576   1.044007e-17 
 8099.51684690223   1.169171e-17 
  8105.0440321287   1.002446e-17 
 8110.57121735517   1.066632e-17 
 8116.09840258164    1.11356e-17 
 8121.62558780811   1.094403e-17 
 8127.15277303458   8.080978e-18 
 8132.67995826105    8.19498e-18 
 8138.20714348752   8.835298e-18 
   8143.734328714   9.394146e-18 
 8149.26151394046   9.219636e-18 
 8154.78869916694    9.09166e-18 
 8160.31588439341   8.253029e-18 
 8165.84306961988    8.03742e-18 
 8171.37025484635   7.966041e-18 
 8176.89744007282   8.571131e-18 
 8182.42462529929   8.553177e-18 
 8187.95181052576   8.144237e-18 
 8193.47899575223   7.813742e-18 
  8199.0061809787   6.928337e-18 
 8204.53336620517   8.230339e-18 
 8210.06055143164   7.874521e-18 
 8215.58773665811   8.688641e-18 
 8221.11492188458   9.472852e-18 
 8226.64210711105   7.545892e-18 
 8232.16929233752   8.174219e-18 
 8237.69647756399   8.084028e-18 
 8243.22366279046    6.48074e-18 
 8248.75084801693    7.39586e-18 
  8254.2780332434   8.511798e-18 
 8259.80521846987   9.952863e-18 
 8265.33240369635   8.708959e-18 
 8270.85958892281   5.670969e-18 
 8276.38677414928   3.491589e-18 
 8281.91395937575   4.155957e-19 
 8287.44114460222   8.011664e-18 
 8292.96832982869   1.582372e-17 
 8298.49551505517   1.214799e-17 
 8304.02270028164   3.892408e-18 
 8309.54988550811    6.82961e-18 
 8315.07707073458   8.125979e-18 
 8320.60425596105   1.026553e-17 
 8326.13144118752   1.179148e-17 
 8331.65862641399   1.028851e-17 
 8337.18581164046   7.064788e-18 
 8342.71299686693   6.259395e-18 
  8348.2401820934   6.520568e-18 
 8353.76736731987   4.409305e-18 
 8359.29455254634   8.388765e-18 
 8364.82173777281   1.520462e-17 
 8370.34892299928   1.657784e-17 
 8375.87610822575   1.198112e-17 
 8381.40329345222   1.051706e-17 
 8386.93047867869   1.040866e-17 
 8392.45766390516    1.21796e-17 
 8397.98484913163   1.772386e-17 
 8403.51203435811   1.899478e-17 
 8409.03921958457   1.722897e-17 
 8414.56640481104   1.433803e-17 
 8420.09359003752   1.082637e-17 
 8425.62077526399   1.256506e-17 
 8431.14796049046   1.921888e-17 
 8436.67514571693   1.944202e-17 
  8442.2023309434    2.07103e-17 
 8447.72951616987   1.277148e-17 
 8453.25670139634   1.226914e-17 
 8458.78388662281   1.263208e-17 
 8464.31107184928   1.158727e-17 
 8469.83825707575   1.531331e-17 
 8475.36544230222   1.723583e-17 
 8480.89262752869    1.72686e-17 
 8486.41981275516   1.245468e-17 
 8491.94699798163   1.112442e-17 
  8497.4741832081   1.121065e-17 
 8503.00136843457   1.216584e-17 
 8508.52855366104   1.634883e-17 
 8514.05573888751   1.724161e-17 
 8519.58292411398    1.36408e-17 
 8525.11010934045   1.288995e-17 
 8530.63729456693   1.278276e-17 
  8536.1644797934   1.288762e-17 
 8541.69166501987   1.436039e-17 
 8547.21885024633   1.534912e-17 
 8552.74603547281   1.629445e-17 
 8558.27322069928   1.548228e-17 
 8563.80040592575   1.355366e-17 
 8569.32759115222   1.189234e-17 
 8574.85477637869   9.584016e-18 
 8580.38196160516   1.215271e-17 
 8585.90914683163   1.693812e-17 
  8591.4363320581   1.422458e-17 
 8596.96351728457   1.174929e-17 
 8602.49070251104   7.671801e-18 
 8608.01788773751   8.433508e-18 
 8613.54507296398   8.860464e-18 
 8619.07225819045   2.918733e-18 
 8624.59944341692   1.097659e-17 
 8630.12662864339   1.501642e-17 
 8635.65381386986   1.379724e-17 
 8641.18099909633   8.578998e-18 
  8646.7081843228   9.254492e-18 
 8652.23536954927   7.280605e-18 
 8657.76255477574   9.128783e-18 
 8663.28974000221   1.257292e-17 
 8668.81692522868   1.366483e-17 
 8674.34411045516   1.564058e-17 
 8679.87129568163   1.241908e-17 
  8685.3984809081   9.459657e-18 
 8690.92566613457   9.989848e-18 
 8696.45285136104   9.795025e-18 
 8701.98003658751   9.167611e-18 
 8707.50722181398   1.284864e-17 
 8713.03440704045   1.353643e-17 
 8718.56159226692   8.083496e-18 
 8724.08877749339   9.324194e-18 
 8729.61596271986   9.848473e-18 
 8735.14314794633   9.187185e-18 
  8740.6703331728   8.503331e-18 
 8746.19751839927   9.753797e-18 
 8751.72470362574    1.24639e-17 
 8757.25188885221    1.06641e-17 
 8762.77907407868   3.483743e-18 
 8768.30625930515  -2.783804e-18 
 8773.83344453162  -1.062368e-18 
 8779.36062975809   3.491197e-18 
 8784.88781498456   8.748019e-18 
 8790.41500021103   1.145463e-17 
  8795.9421854375   8.849708e-18 
 8801.46937066398   6.207028e-18 
 8806.99655589044   6.864456e-18 
 8812.52374111691   9.857166e-18 
 8818.05092634339   1.709672e-17 
 8823.57811156986   2.342749e-17 
 8829.10529679633    2.03023e-17 
  8834.6324820228   1.352442e-17 
 8840.15966724927   7.514552e-18 
 8845.68685247574   2.958068e-18 
 8851.21403770221   7.095296e-18 
 8856.74122292868   1.105347e-17 
 8862.26840815515   1.134558e-17 
 8867.79559338162    1.21824e-17 
 8873.32277860809    5.34545e-18 
 8878.84996383456  -1.472892e-18 
 8884.37714906103   4.745868e-18 
  8889.9043342875   1.152901e-17 
 8895.43151951397   8.818869e-18 
 8900.95870474044   1.219078e-17 
 8906.48588996691   5.328637e-18 
 8912.01307519338  -5.936308e-18 
 8917.54026041985   -7.12767e-18 
 8923.06744564632   1.360544e-18 
 8928.59463087279   6.048393e-18 
 8934.12181609927    7.33114e-18 
 8939.64900132574   9.968724e-18 
 8945.17618655221   2.831893e-18 
 8950.70337177868  -1.139885e-18 
 8956.23055700515   3.995715e-18 
 8961.75774223162   1.132749e-17 
 8967.28492745809   8.516618e-18 
 8972.81211268456   6.343482e-18 
 8978.33929791103    3.03861e-18 
  8983.8664831375   1.949194e-18 
 8989.39366836397   5.472797e-19 
 8994.92085359044   7.563407e-18 
 9000.44803881691   1.166336e-17 
 9005.97522404338   6.281646e-18 
 9011.50240926985   4.917287e-18 
 9017.02959449632   6.207353e-18 
 9022.55677972279   4.373386e-18 
 9028.08396494926   7.900049e-18 
 9033.61115017573   1.023601e-17 
  9039.1383354022   7.658549e-18 
 9044.66552062867   8.842216e-18 
 9050.19270585514   3.462437e-18 
 9055.71989108161   2.613539e-18 
 9061.24707630808   7.370738e-18 
 9066.77426153455   8.867069e-18 
 9072.30144676102   5.145652e-18 
  9077.8286319875   3.476754e-18 
 9083.35581721397   3.723353e-18 
 9088.88300244044    4.40611e-18 
 9094.41018766691   1.180718e-17 
 9099.93737289338   1.379698e-17 
 9105.46455811985   1.119221e-17 
 9110.99174334632   1.163187e-17 
 9116.51892857279   1.041887e-17 
 9122.04611379926     7.8222e-18 
 9127.57329902573   7.667324e-18 
  9133.1004842522   7.520936e-18 
 9138.62766947867   5.044025e-18 
 9144.15485470514   4.793335e-18 
 9149.68203993161   1.026117e-17 
 9155.20922515808   1.462571e-17 
 9160.73641038455   1.332164e-17 
 9166.26359561102   9.052097e-18 
 9171.79078083749   6.607667e-18 
 9177.31796606396   8.392368e-18 
 9182.84515129043   1.306729e-17 
  9188.3723365169   1.285065e-17 
 9193.89952174337   7.890122e-18 
 9199.42670696984   8.498636e-18 
 9204.95389219632   1.396018e-17 
 9210.48107742278   1.729081e-17 
 9216.00826264925   1.763676e-17 
 9221.53544787573   1.693819e-17 
  9227.0626331022    1.48397e-17 
 9232.58981832867    1.35127e-17 
 9238.11700355514    1.41761e-17 
 9243.64418878161   1.359143e-17 
 9249.17137400808   1.341035e-17 
 9254.69855923455   1.451455e-17 
 9260.22574446102   1.734556e-17 
 9265.75292968749   1.973394e-17 
