# STATUS =
# OBJECT = 2020zbf
# TELESCOPE = ESO-NTT
# INSTRUMENT = EFOSC2-NTT
# DATE-OBS = 2020-12-23 02:45:22.00
# MJD = 59206.11483799992
# EXPTIME = 2700
# AIRMASS = 1.146
# SLIT = 1.0
# DISPERSER = Free
# SOURCE = --
# FILTER =
# RESOLUTION =
# FLUX_STANDARD =
# EXTINCTION_CORRECTED = --
# PHOTOMETRY_CALIBRATED =
# TELLURIC_CORRECTED =
# FLUX_UNITS = erg cm(-2) sec(-1) Ang(-1)
# WAVE_UNITS = Angstrom
# QUALITY = Medium
# MIN_WAVE = 3655.04833984
# MAX_WAVE = 9250.22745705
# COMMENT = --
    Wavelength          Flux 
 3660.56626797   5.11519e-17 
 3666.08419609   4.05374e-17 
 3671.60212421   3.39555e-17 
 3677.12005234   4.30691e-17 
 3682.63798046    3.2327e-17 
 3688.15590858   4.37278e-17 
 3693.67383671   4.92673e-17 
 3699.19176483   4.92868e-17 
 3704.70969296   4.97134e-17 
 3710.22762108   5.02628e-17 
  3715.7455492   4.90611e-17 
 3721.26347733   3.66822e-17 
 3726.78140545   3.99817e-17 
 3732.29933357   5.12982e-17 
  3737.8172617   4.40458e-17 
 3743.33518982   4.84808e-17 
 3748.85311794   5.43635e-17 
 3754.37104607   5.00778e-17 
 3759.88897419   5.45396e-17 
 3765.40690231   5.85698e-17 
 3770.92483044   5.16862e-17 
 3776.44275856   4.83069e-17 
 3781.96068668    5.4169e-17 
 3787.47861481   5.39651e-17 
 3792.99654293   4.69527e-17 
 3798.51447105   4.78237e-17 
 3804.03239918   5.98268e-17 
  3809.5503273   5.59212e-17 
 3815.06825542   4.69201e-17 
 3820.58618355   4.98562e-17 
 3826.10411167    4.8377e-17 
 3831.62203979   4.62116e-17 
 3837.13996792   4.45544e-17 
 3842.65789604    4.6913e-17 
 3848.17582417   4.50663e-17 
 3853.69375229   4.17123e-17 
 3859.21168041   4.38596e-17 
 3864.72960854   3.89351e-17 
 3870.24753666   4.84511e-17 
 3875.76546478   4.16479e-17 
 3881.28339291   4.78186e-17 
 3886.80132103  -2.41538e-17 
 3892.31924915   1.96519e-17 
 3897.83717728   4.00629e-17 
  3903.3551054   4.01634e-17 
 3908.87303352   3.96452e-17 
 3914.39096165   3.80613e-17 
 3919.90888977   3.95082e-17 
 3925.42681789   4.02916e-17 
 3930.94474602   4.12745e-17 
 3936.46267414   4.20155e-17 
 3941.98060226   4.35612e-17 
 3947.49853039   3.73507e-17 
 3953.01645851   2.51622e-17 
 3958.53438663    2.8167e-17 
 3964.05231476   4.26702e-17 
 3969.57024288   4.12507e-17 
 3975.08817101   3.97126e-17 
 3980.60609913   4.54637e-17 
 3986.12402725   4.59586e-17 
 3991.64195538   4.98212e-17 
  3997.1598835   4.08603e-17 
 4002.67781162   4.46555e-17 
 4008.19573975    3.7949e-17 
 4013.71366787   4.85737e-17 
 4019.23159599   4.67272e-17 
 4024.74952412   4.53097e-17 
 4030.26745224   4.06091e-17 
 4035.78538036   4.62659e-17 
 4041.30330849   4.36182e-17 
 4046.82123661   4.38942e-17 
 4052.33916473   5.00378e-17 
 4057.85709286   4.81019e-17 
 4063.37502098   5.00363e-17 
  4068.8929491   5.03309e-17 
 4074.41087723   5.59669e-17 
 4079.92880535   4.46742e-17 
 4085.44673347   4.72768e-17 
  4090.9646616   4.34852e-17 
 4096.48258972   4.96785e-17 
 4102.00051785   5.42646e-17 
 4107.51844597   5.01679e-17 
 4113.03637409   5.05019e-17 
 4118.55430222   6.33418e-17 
 4124.07223034   5.77864e-17 
 4129.59015846   6.24934e-17 
 4135.10808659    5.7486e-17 
 4140.62601471   6.04638e-17 
 4146.14394283   5.17138e-17 
 4151.66187096   6.64923e-17 
 4157.17979908   6.24596e-17 
  4162.6977272   6.33047e-17 
 4168.21565533   6.56497e-17 
 4173.73358345    6.8716e-17 
 4179.25151157   6.82488e-17 
  4184.7694397   6.90483e-17 
 4190.28736782   7.49285e-17 
 4195.80529594   7.06935e-17 
 4201.32322407   7.40469e-17 
 4206.84115219   6.49266e-17 
 4212.35908031   7.25176e-17 
 4217.87700844   7.43009e-17 
 4223.39493656   7.37643e-17 
 4228.91286469    7.0595e-17 
 4234.43079281   6.84073e-17 
 4239.94872093   6.49489e-17 
 4245.46664906   6.68525e-17 
 4250.98457718   6.73482e-17 
  4256.5025053   6.51487e-17 
 4262.02043343   6.64591e-17 
 4267.53836155   7.02523e-17 
 4273.05628967   6.79375e-17 
  4278.5742178   7.06423e-17 
 4284.09214592   6.60285e-17 
 4289.61007404   7.07932e-17 
 4295.12800217   6.92706e-17 
 4300.64593029   7.11812e-17 
 4306.16385841   7.03199e-17 
 4311.68178654   7.12446e-17 
 4317.19971466   6.38545e-17 
 4322.71764278    6.6929e-17 
 4328.23557091   6.77729e-17 
 4333.75349903   6.21171e-17 
 4339.27142715   6.52282e-17 
 4344.78935528   6.49785e-17 
  4350.3072834   6.15507e-17 
 4355.82521152   6.41701e-17 
 4361.34313965   6.09196e-17 
 4366.86106777   6.66659e-17 
  4372.3789959   6.00614e-17 
 4377.89692402    6.4695e-17 
 4383.41485214   6.57631e-17 
 4388.93278027   6.25877e-17 
 4394.45070839   6.43912e-17 
 4399.96863651   5.93055e-17 
 4405.48656464   6.41964e-17 
 4411.00449276   6.32973e-17 
 4416.52242088   5.65729e-17 
 4422.04034901   5.45023e-17 
 4427.55827713   5.05597e-17 
 4433.07620525   5.84831e-17 
 4438.59413338    5.5698e-17 
  4444.1120615   5.54541e-17 
 4449.62998962   5.61945e-17 
 4455.14791775   5.95873e-17 
 4460.66584587   6.23762e-17 
 4466.18377399   6.15776e-17 
 4471.70170212   5.68027e-17 
 4477.21963024   5.41005e-17 
 4482.73755836    4.7632e-17 
 4488.25548649   5.59434e-17 
 4493.77341461    5.6773e-17 
 4499.29134274    5.0451e-17 
 4504.80927086   5.45638e-17 
 4510.32719898    5.3782e-17 
 4515.84512711   4.93975e-17 
 4521.36305523   4.91232e-17 
 4526.88098335   4.67267e-17 
 4532.39891148   4.46184e-17 
  4537.9168396   4.44709e-17 
 4543.43476772   4.92943e-17 
 4548.95269585   4.29534e-17 
 4554.47062397   4.41314e-17 
 4559.98855209   4.49648e-17 
 4565.50648022   4.28645e-17 
 4571.02440834   4.35696e-17 
 4576.54233646   4.30884e-17 
 4582.06026459   4.95168e-17 
 4587.57819271   4.46691e-17 
 4593.09612083   4.67998e-17 
 4598.61404896   4.57828e-17 
 4604.13197708   4.33371e-17 
  4609.6499052   4.28664e-17 
 4615.16783333   4.67359e-17 
 4620.68576145   4.55449e-17 
 4626.20368958   6.32895e-17 
  4631.7216177   7.08413e-17 
 4637.23954582   5.66252e-17 
 4642.75747395   5.65017e-17 
 4648.27540207    6.1061e-17 
 4653.79333019   4.48276e-17 
 4659.31125832   4.96409e-17 
 4664.82918644    5.6153e-17 
 4670.34711456   5.21152e-17 
 4675.86504269   5.84598e-17 
 4681.38297081   5.60232e-17 
 4686.90089893   5.86861e-17 
 4692.41882706   6.03609e-17 
 4697.93675518   5.37643e-17 
  4703.4546833   5.92597e-17 
 4708.97261143   5.79278e-17 
 4714.49053955   5.53198e-17 
 4720.00846767   6.17689e-17 
  4725.5263958   6.37776e-17 
 4731.04432392   5.62459e-17 
 4736.56225204   6.06197e-17 
 4742.08018017   5.75306e-17 
 4747.59810829   5.50615e-17 
 4753.11603642   5.68591e-17 
 4758.63396454    5.8737e-17 
 4764.15189266   5.36347e-17 
 4769.66982079   5.41664e-17 
 4775.18774891   5.61331e-17 
 4780.70567703   5.26136e-17 
 4786.22360516    5.1383e-17 
 4791.74153328   5.31209e-17 
  4797.2594614   5.64036e-17 
 4802.77738953   5.81994e-17 
 4808.29531765   5.47268e-17 
 4813.81324577    5.0044e-17 
  4819.3311739   5.25038e-17 
 4824.84910202   5.16255e-17 
 4830.36703014   5.80832e-17 
 4835.88495827   4.81206e-17 
 4841.40288639   4.64113e-17 
 4846.92081451   4.92384e-17 
 4852.43874264   5.49072e-17 
 4857.95667076   5.00578e-17 
 4863.47459888   4.82213e-17 
 4868.99252701   5.22603e-17 
 4874.51045513   5.22094e-17 
 4880.02838326   5.55478e-17 
 4885.54631138   5.40641e-17 
  4891.0642395   5.07865e-17 
 4896.58216763   5.06324e-17 
 4902.10009575   5.29224e-17 
 4907.61802387   5.47273e-17 
   4913.135952   5.03276e-17 
 4918.65388012   5.18279e-17 
 4924.17180824   4.91838e-17 
 4929.68973637   5.17558e-17 
 4935.20766449   5.52285e-17 
 4940.72559261   5.34874e-17 
 4946.24352074   5.46069e-17 
 4951.76144886   5.33766e-17 
 4957.27937698   4.88933e-17 
 4962.79730511   5.04311e-17 
 4968.31523323   5.46873e-17 
 4973.83316135   5.22975e-17 
 4979.35108948   4.93949e-17 
  4984.8690176   5.00245e-17 
 4990.38694572   4.90118e-17 
 4995.90487385   4.57304e-17 
 5001.42280197   4.64176e-17 
 5006.94073009   5.50667e-17 
 5012.45865822   4.91138e-17 
 5017.97658634   5.05897e-17 
 5023.49451447   5.38252e-17 
 5029.01244259   5.11987e-17 
 5034.53037071   4.97661e-17 
 5040.04829884   4.99333e-17 
 5045.56622696   4.89623e-17 
 5051.08415508    4.9172e-17 
 5056.60208321   5.11113e-17 
 5062.12001133   5.19248e-17 
 5067.63793945   4.94329e-17 
 5073.15586758   5.00361e-17 
  5078.6737957   5.01771e-17 
 5084.19172382   4.90927e-17 
 5089.70965195   4.88243e-17 
 5095.22758007   4.29239e-17 
 5100.74550819   4.62696e-17 
 5106.26343632   4.80601e-17 
 5111.78136444     4.681e-17 
 5117.29929256   4.83421e-17 
 5122.81722069   4.37204e-17 
 5128.33514881   4.44262e-17 
 5133.85307693   4.93812e-17 
 5139.37100506   4.50758e-17 
 5144.88893318   4.61681e-17 
 5150.40686131   4.99542e-17 
 5155.92478943   4.45884e-17 
 5161.44271755   4.52707e-17 
 5166.96064568   4.71296e-17 
  5172.4785738   4.91315e-17 
 5177.99650192    4.6029e-17 
 5183.51443005   4.38737e-17 
 5189.03235817   4.80405e-17 
 5194.55028629   4.91821e-17 
 5200.06821442    4.6011e-17 
 5205.58614254   4.49141e-17 
 5211.10407066    4.8151e-17 
 5216.62199879   4.79979e-17 
 5222.13992691   4.65616e-17 
 5227.65785503    4.7469e-17 
 5233.17578316   4.65701e-17 
 5238.69371128   4.59169e-17 
  5244.2116394   4.66958e-17 
 5249.72956753   4.21375e-17 
 5255.24749565   4.20855e-17 
 5260.76542377   4.68694e-17 
  5266.2833519   4.97113e-17 
 5271.80128002   4.54457e-17 
 5277.31920815   4.40819e-17 
 5282.83713627   4.56433e-17 
 5288.35506439   4.64007e-17 
 5293.87299252   4.95947e-17 
 5299.39092064   5.03058e-17 
 5304.90884876   4.76105e-17 
 5310.42677689   5.09927e-17 
 5315.94470501   4.80816e-17 
 5321.46263313   4.64647e-17 
 5326.98056126   4.78737e-17 
 5332.49848938   5.25629e-17 
  5338.0164175   5.46219e-17 
 5343.53434563   5.34058e-17 
 5349.05227375   5.16822e-17 
 5354.57020187   5.16742e-17 
    5360.08813   4.96372e-17 
 5365.60605812   5.34335e-17 
 5371.12398624   5.32809e-17 
 5376.64191437   5.70575e-17 
 5382.15984249   5.27146e-17 
 5387.67777061   5.29694e-17 
 5393.19569874   5.47663e-17 
 5398.71362686   5.60448e-17 
 5404.23155499   4.92897e-17 
 5409.74948311   5.36917e-17 
 5415.26741123   5.10091e-17 
 5420.78533936   4.98721e-17 
 5426.30326748    4.9747e-17 
  5431.8211956   5.17314e-17 
 5437.33912373   5.51894e-17 
 5442.85705185   5.28053e-17 
 5448.37497997   5.49607e-17 
  5453.8929081   5.07859e-17 
 5459.41083622     4.791e-17 
 5464.92876434   5.16553e-17 
 5470.44669247    5.1596e-17 
 5475.96462059   4.83538e-17 
 5481.48254871   5.09996e-17 
 5487.00047684   5.55315e-17 
 5492.51840496   4.50685e-17 
 5498.03633308   4.93085e-17 
 5503.55426121   5.24934e-17 
 5509.07218933   5.13383e-17 
 5514.59011745   4.56024e-17 
 5520.10804558   4.33421e-17 
  5525.6259737   3.60085e-17 
 5531.14390182   3.32745e-17 
 5536.66182995   3.96337e-17 
 5542.17975807   4.63819e-17 
  5547.6976862   3.89839e-17 
 5553.21561432   4.13818e-17 
 5558.73354244   3.70609e-17 
 5564.25147057   4.23516e-17 
 5569.76939869   4.68764e-17 
 5575.28732681    3.4377e-17 
 5580.80525494   4.23378e-17 
 5586.32318306   4.39433e-17 
 5591.84111118   3.39668e-17 
 5597.35903931   4.18603e-17 
 5602.87696743   3.44485e-17 
 5608.39489555   4.06268e-17 
 5613.91282368   3.86749e-17 
  5619.4307518   4.21269e-17 
 5624.94867992   4.12608e-17 
 5630.46660805   4.17281e-17 
 5635.98453617   3.49849e-17 
 5641.50246429   3.69168e-17 
 5647.02039242   3.28985e-17 
 5652.53832054   3.40276e-17 
 5658.05624866   3.73219e-17 
 5663.57417679   3.39529e-17 
 5669.09210491   3.45203e-17 
 5674.61003304   3.05281e-17 
 5680.12796116   3.73203e-17 
 5685.64588928   3.39131e-17 
 5691.16381741   3.38684e-17 
 5696.68174553   3.13364e-17 
 5702.19967365   3.18218e-17 
 5707.71760178   3.62671e-17 
  5713.2355299   3.71767e-17 
 5718.75345802   3.50812e-17 
 5724.27138615   3.95809e-17 
 5729.78931427   3.78917e-17 
 5735.30724239   3.45815e-17 
 5740.82517052   3.86696e-17 
 5746.34309864   3.97402e-17 
 5751.86102676   3.54521e-17 
 5757.37895489   3.90983e-17 
 5762.89688301   4.00431e-17 
 5768.41481113   3.68311e-17 
 5773.93273926   3.65107e-17 
 5779.45066738   3.85303e-17 
  5784.9685955   3.49209e-17 
 5790.48652363   4.20341e-17 
 5796.00445175   3.91094e-17 
 5801.52237988   4.30341e-17 
   5807.040308   3.76844e-17 
 5812.55823612   3.73085e-17 
 5818.07616425   3.72479e-17 
 5823.59409237     3.873e-17 
 5829.11202049   3.79955e-17 
 5834.62994862    3.7246e-17 
 5840.14787674   4.28577e-17 
 5845.66580486   3.63401e-17 
 5851.18373299   3.63016e-17 
 5856.70166111    3.9379e-17 
 5862.21958923   4.00123e-17 
 5867.73751736   3.88469e-17 
 5873.25544548   3.62729e-17 
  5878.7733736    3.5854e-17 
 5884.29130173   3.77571e-17 
 5889.80922985   3.73385e-17 
 5895.32715797   3.78828e-17 
  5900.8450861   3.65122e-17 
 5906.36301422   3.69792e-17 
 5911.88094234   3.64195e-17 
 5917.39887047   3.76171e-17 
 5922.91679859   3.89784e-17 
 5928.43472672   3.93701e-17 
 5933.95265484   3.59582e-17 
 5939.47058296   3.44372e-17 
 5944.98851109   3.68723e-17 
 5950.50643921   3.86554e-17 
 5956.02436733   3.42835e-17 
 5961.54229546   3.52962e-17 
 5967.06022358   3.85615e-17 
  5972.5781517   3.85836e-17 
 5978.09607983   3.85158e-17 
 5983.61400795   3.55643e-17 
 5989.13193607   3.44792e-17 
  5994.6498642   3.65551e-17 
 6000.16779232   3.61206e-17 
 6005.68572044   3.92672e-17 
 6011.20364857   4.03156e-17 
 6016.72157669   3.54029e-17 
 6022.23950481   3.47056e-17 
 6027.75743294   3.82988e-17 
 6033.27536106   3.88048e-17 
 6038.79328918   3.69901e-17 
 6044.31121731   3.72461e-17 
 6049.82914543   3.49091e-17 
 6055.34707355   3.80384e-17 
 6060.86500168   3.75339e-17 
  6066.3829298   3.91712e-17 
 6071.90085793   3.73365e-17 
 6077.41878605   3.67419e-17 
 6082.93671417   3.67488e-17 
  6088.4546423   3.64885e-17 
 6093.97257042   3.75434e-17 
 6099.49049854   3.67304e-17 
 6105.00842667   3.63296e-17 
 6110.52635479    4.0119e-17 
 6116.04428291   3.77749e-17 
 6121.56221104   3.55766e-17 
 6127.08013916   3.93668e-17 
 6132.59806728   3.89624e-17 
 6138.11599541   3.99943e-17 
 6143.63392353   3.88059e-17 
 6149.15185165   4.23741e-17 
 6154.66977978   4.12081e-17 
  6160.1877079   4.05043e-17 
 6165.70563602   4.24079e-17 
 6171.22356415   4.27218e-17 
 6176.74149227   3.70524e-17 
 6182.25942039   4.32061e-17 
 6187.77734852   4.30616e-17 
 6193.29527664   3.98039e-17 
 6198.81320477   3.87047e-17 
 6204.33113289   4.25758e-17 
 6209.84906101   4.09977e-17 
 6215.36698914   3.87979e-17 
 6220.88491726   3.81038e-17 
 6226.40284538   4.01191e-17 
 6231.92077351   4.19806e-17 
 6237.43870163   4.12293e-17 
 6242.95662975   3.91049e-17 
 6248.47455788   4.10844e-17 
   6253.992486   3.95251e-17 
 6259.51041412   3.72992e-17 
 6265.02834225   3.84616e-17 
 6270.54627037   3.93086e-17 
 6276.06419849   3.90075e-17 
 6281.58212662   3.64206e-17 
 6287.10005474   3.51386e-17 
 6292.61798286    3.7052e-17 
 6298.13591099   3.66204e-17 
 6303.65383911   3.65633e-17 
 6309.17176723   3.57173e-17 
 6314.68969536   3.96853e-17 
 6320.20762348   3.90324e-17 
 6325.72555161   3.80196e-17 
 6331.24347973   3.73566e-17 
 6336.76140785   3.46504e-17 
 6342.27933598   3.63821e-17 
  6347.7972641   3.89145e-17 
 6353.31519222   4.06673e-17 
 6358.83312035   3.75083e-17 
 6364.35104847   4.35575e-17 
 6369.86897659   3.67099e-17 
 6375.38690472   3.59355e-17 
 6380.90483284   3.85462e-17 
 6386.42276096   3.87301e-17 
 6391.94068909   3.38779e-17 
 6397.45861721   3.22941e-17 
 6402.97654533   3.69114e-17 
 6408.49447346   3.37233e-17 
 6414.01240158   3.10642e-17 
  6419.5303297   2.98214e-17 
 6425.04825783   3.20594e-17 
 6430.56618595   3.28477e-17 
 6436.08411407   3.44337e-17 
  6441.6020422   3.18842e-17 
 6447.11997032   3.22848e-17 
 6452.63789845   3.41652e-17 
 6458.15582657   3.33468e-17 
 6463.67375469   3.20541e-17 
 6469.19168282   3.27369e-17 
 6474.70961094   2.87523e-17 
 6480.22753906   3.01589e-17 
 6485.74546719   3.22116e-17 
 6491.26339531   3.15545e-17 
 6496.78132343   3.21258e-17 
 6502.29925156   3.10268e-17 
 6507.81717968    3.1043e-17 
  6513.3351078    3.1212e-17 
 6518.85303593   3.11282e-17 
 6524.37096405   3.26882e-17 
 6529.88889217   3.10769e-17 
  6535.4068203   2.56972e-17 
 6540.92474842   2.75519e-17 
 6546.44267654   2.80889e-17 
 6551.96060467   3.00087e-17 
 6557.47853279   2.88823e-17 
 6562.99646091   3.22972e-17 
 6568.51438904   3.06598e-17 
 6574.03231716     2.666e-17 
 6579.55024529   2.74172e-17 
 6585.06817341   3.00739e-17 
 6590.58610153   2.92238e-17 
 6596.10402966    3.2736e-17 
 6601.62195778   2.92989e-17 
  6607.1398859   2.84634e-17 
 6612.65781403   3.02935e-17 
 6618.17574215   2.93461e-17 
 6623.69367027   2.59414e-17 
  6629.2115984   3.01117e-17 
 6634.72952652   2.78213e-17 
 6640.24745464      2.48e-17 
 6645.76538277   2.86273e-17 
 6651.28331089   2.80475e-17 
 6656.80123901   2.75867e-17 
 6662.31916714   2.75072e-17 
 6667.83709526   2.57664e-17 
 6673.35502338   2.67312e-17 
 6678.87295151   2.94373e-17 
 6684.39087963    2.9264e-17 
 6689.90880775   2.53358e-17 
 6695.42673588    2.7645e-17 
   6700.944664   2.97768e-17 
 6706.46259212     2.552e-17 
 6711.98052025   2.32805e-17 
 6717.49844837   2.49068e-17 
  6723.0163765   2.79613e-17 
 6728.53430462   2.53089e-17 
 6734.05223274   2.70677e-17 
 6739.57016087   2.66048e-17 
 6745.08808899   2.21651e-17 
 6750.60601711   2.72244e-17 
 6756.12394524   2.69362e-17 
 6761.64187336    2.3866e-17 
 6767.15980148   2.27257e-17 
 6772.67772961   2.48299e-17 
 6778.19565773   2.29549e-17 
 6783.71358585   2.59513e-17 
 6789.23151398   2.29959e-17 
  6794.7494421   2.46398e-17 
 6800.26737022   2.44585e-17 
 6805.78529835   2.44117e-17 
 6811.30322647   2.62795e-17 
 6816.82115459   2.41308e-17 
 6822.33908272   2.28597e-17 
 6827.85701084   2.24387e-17 
 6833.37493896   2.30989e-17 
 6838.89286709   2.32258e-17 
 6844.41079521   2.37211e-17 
 6849.92872334   2.23507e-17 
 6855.44665146   2.51287e-17 
 6860.96457958   2.39598e-17 
 6866.48250771   2.33956e-17 
 6872.00043583   2.08913e-17 
 6877.51836395   1.97669e-17 
 6883.03629208   2.13036e-17 
  6888.5542202   2.20346e-17 
 6894.07214832   2.31686e-17 
 6899.59007645   2.26962e-17 
 6905.10800457   2.43719e-17 
 6910.62593269   2.17994e-17 
 6916.14386082   2.36435e-17 
 6921.66178894    2.2732e-17 
 6927.17971706   2.71847e-17 
 6932.69764519    2.4131e-17 
 6938.21557331   2.44922e-17 
 6943.73350143   2.41614e-17 
 6949.25142956   2.53319e-17 
 6954.76935768   2.24518e-17 
  6960.2872858   2.23036e-17 
 6965.80521393   2.43484e-17 
 6971.32314205   2.62333e-17 
 6976.84107018   2.69323e-17 
  6982.3589983   2.33849e-17 
 6987.87692642   2.49335e-17 
 6993.39485455   2.52719e-17 
 6998.91278267   2.48079e-17 
 7004.43071079   2.69004e-17 
 7009.94863892   2.62049e-17 
 7015.46656704   2.54705e-17 
 7020.98449516   2.85908e-17 
 7026.50242329    2.8871e-17 
 7032.02035141   2.66586e-17 
 7037.53827953   2.72057e-17 
 7043.05620766     2.675e-17 
 7048.57413578   2.63211e-17 
  7054.0920639   2.68165e-17 
 7059.60999203    2.5406e-17 
 7065.12792015   2.58143e-17 
 7070.64584827   2.29222e-17 
  7076.1637764   2.52663e-17 
 7081.68170452   2.54448e-17 
 7087.19963264   2.40836e-17 
 7092.71756077   2.63686e-17 
 7098.23548889   2.47053e-17 
 7103.75341702   2.44364e-17 
 7109.27134514   2.33474e-17 
 7114.78927326   2.61597e-17 
 7120.30720139   2.70687e-17 
 7125.82512951   2.21748e-17 
 7131.34305763   2.04392e-17 
 7136.86098576   2.17938e-17 
 7142.37891388    2.3521e-17 
   7147.896842   2.36764e-17 
 7153.41477013   2.78152e-18 
 7158.93269825           0.0 
 7164.45062637  -1.23932e-17 
  7169.9685545   3.27809e-17 
 7175.48648262   1.92438e-17 
 7181.00441074   2.29507e-17 
 7186.52233887    2.1352e-17 
 7192.04026699   2.37448e-17 
 7197.55819511    2.2648e-17 
 7203.07612324   1.82758e-17 
 7208.59405136   2.05894e-17 
 7214.11197948   2.34553e-17 
 7219.62990761   2.17743e-17 
 7225.14783573   2.35723e-17 
 7230.66576385   2.61956e-17 
 7236.18369198   1.91137e-17 
  7241.7016201   1.70522e-17 
 7247.21954823   2.15874e-17 
 7252.73747635    2.3951e-17 
 7258.25540447   2.29842e-17 
  7263.7733326   1.85355e-17 
 7269.29126072   2.09019e-17 
 7274.80918884   2.33676e-17 
 7280.32711697    2.3836e-17 
 7285.84504509    2.4396e-17 
 7291.36297321   1.99055e-17 
 7296.88090134   2.26337e-17 
 7302.39882946   2.08386e-17 
 7307.91675758   2.34889e-17 
 7313.43468571   2.28509e-17 
 7318.95261383   1.94648e-17 
 7324.47054195   1.92022e-17 
 7329.98847008   2.18575e-17 
  7335.5063982   2.40148e-17 
 7341.02432632   2.06509e-17 
 7346.54225445   1.93118e-17 
 7352.06018257   2.02364e-17 
 7357.57811069   2.33364e-17 
 7363.09603882   2.59349e-17 
 7368.61396694   2.18431e-17 
 7374.13189507     2.144e-17 
 7379.64982319   1.92322e-17 
 7385.16775131   1.88942e-17 
 7390.68567944   2.14268e-17 
 7396.20360756   2.27245e-17 
 7401.72153568   1.92791e-17 
 7407.23946381   2.02145e-17 
 7412.75739193   1.83804e-17 
 7418.27532005     2.017e-17 
 7423.79324818   2.39228e-17 
  7429.3111763    2.3411e-17 
 7434.82910442   2.01327e-17 
 7440.34703255   2.24904e-17 
 7445.86496067   2.40921e-17 
 7451.38288879   2.33779e-17 
 7456.90081692   2.37133e-17 
 7462.41874504   2.33846e-17 
 7467.93667316   1.81479e-17 
 7473.45460129   1.96589e-17 
 7478.97252941   2.44609e-17 
 7484.49045753   2.16174e-17 
 7490.00838566    2.0395e-17 
 7495.52631378   2.37558e-17 
 7501.04424191   2.12468e-17 
 7506.56217003   2.17787e-17 
 7512.08009815   2.56037e-17 
 7517.59802628   2.33855e-17 
  7523.1159544   2.53724e-17 
 7528.63388252   2.73685e-17 
 7534.15181065   2.32044e-17 
 7539.66973877   2.33223e-17 
 7545.18766689   2.24941e-17 
 7550.70559502   2.55136e-17 
 7556.22352314   2.46726e-17 
 7561.74145126   2.49612e-17 
 7567.25937939    2.2636e-17 
 7572.77730751   2.36367e-17 
 7578.29523563   2.02109e-17 
 7583.81316376   2.62183e-17 
 7589.33109188    2.3756e-17 
    7594.84902    2.7058e-17 
 7600.36694813   1.98437e-17 
 7605.88487625   1.21552e-17 
 7611.40280437   1.18088e-17 
  7616.9207325   1.15417e-17 
 7622.43866062   1.42662e-17 
 7627.95658875   1.89969e-17 
 7633.47451687   1.63104e-17 
 7638.99244499   1.29176e-17 
 7644.51037312   1.60999e-17 
 7650.02830124   1.83471e-17 
 7655.54622936   2.08168e-17 
 7661.06415749    2.1761e-17 
 7666.58208561   2.23061e-17 
 7672.10001373   2.32379e-17 
 7677.61794186   2.27084e-17 
 7683.13586998   2.44892e-17 
  7688.6537981   2.76187e-17 
 7694.17172623   2.34106e-17 
 7699.68965435   2.71386e-17 
 7705.20758247   2.53185e-17 
  7710.7255106   2.57626e-17 
 7716.24343872   1.88532e-17 
 7721.76136684   2.51323e-17 
 7727.27929497   2.39292e-17 
 7732.79722309   2.55967e-17 
 7738.31515121   2.77902e-17 
 7743.83307934   2.56084e-17 
 7749.35100746   2.68908e-17 
 7754.86893559   2.80472e-17 
 7760.38686371   2.88073e-17 
 7765.90479183   2.90553e-17 
 7771.42271996   2.87098e-17 
 7776.94064808   2.34809e-17 
  7782.4585762   2.33243e-17 
 7787.97650433   2.67268e-17 
 7793.49443245   2.45951e-17 
 7799.01236057   2.94485e-17 
  7804.5302887   3.22887e-17 
 7810.04821682   2.61522e-17 
 7815.56614494   2.39754e-17 
 7821.08407307   2.47314e-17 
 7826.60200119   3.31998e-17 
 7832.11992931   2.98358e-17 
 7837.63785744   3.84956e-17 
 7843.15578556   3.53729e-17 
 7848.67371368   3.79725e-17 
 7854.19164181   2.92602e-17 
 7859.70956993   3.16725e-17 
 7865.22749805   3.28536e-17 
 7870.74542618   3.71069e-17 
  7876.2633543   3.32219e-17 
 7881.78128242   2.97374e-17 
 7887.29921055   2.54189e-17 
 7892.81713867    2.6599e-17 
  7898.3350668   2.85862e-17 
 7903.85299492   2.78314e-17 
 7909.37092304   2.67363e-17 
 7914.88885117   2.64793e-17 
 7920.40677929    2.3745e-17 
 7925.92470741   2.14473e-17 
 7931.44263554   2.57189e-17 
 7936.96056366   3.04904e-17 
 7942.47849178   2.71804e-17 
 7947.99641991   2.72386e-17 
 7953.51434803   2.28998e-17 
 7959.03227615   2.72057e-17 
 7964.55020428    2.3259e-17 
  7970.0681324   3.07166e-17 
 7975.58606052   2.86194e-17 
 7981.10398865   2.68935e-17 
 7986.62191677    2.7689e-17 
 7992.13984489   2.05444e-17 
 7997.65777302   1.78062e-17 
 8003.17570114   2.20379e-17 
 8008.69362926   2.41515e-17 
 8014.21155739   2.29809e-17 
 8019.72948551    2.4285e-17 
 8025.24741364   2.31876e-17 
 8030.76534176   1.91337e-17 
 8036.28326988   2.18518e-17 
 8041.80119801   2.07377e-17 
 8047.31912613   2.02581e-17 
 8052.83705425   2.23834e-17 
 8058.35498238   2.06185e-17 
  8063.8729105    1.9365e-17 
 8069.39083862   1.58672e-17 
 8074.90876675   1.94542e-17 
 8080.42669487   2.38421e-17 
 8085.94462299   2.51272e-17 
 8091.46255112    2.2484e-17 
 8096.98047924   2.04663e-17 
 8102.49840736   2.14446e-17 
 8108.01633549   1.30287e-17 
 8113.53426361   2.23379e-17 
 8119.05219173   2.10702e-17 
 8124.57011986   2.57826e-17 
 8130.08804798   2.10018e-17 
  8135.6059761   1.89908e-17 
 8141.12390423   1.45262e-17 
 8146.64183235   1.98299e-17 
 8152.15976048   2.03669e-17 
  8157.6776886    1.7547e-17 
 8163.19561672   1.86621e-17 
 8168.71354485   1.53164e-17 
 8174.23147297   1.68173e-17 
 8179.74940109    1.9827e-17 
 8185.26732922   2.10658e-17 
 8190.78525734   2.02731e-17 
 8196.30318546   1.34023e-17 
 8201.82111359   1.55247e-17 
 8207.33904171   2.24082e-17 
 8212.85696983   2.04013e-17 
 8218.37489796    1.8514e-17 
 8223.89282608   2.26996e-17 
  8229.4107542   1.86242e-17 
 8234.92868233   1.41692e-17 
 8240.44661045   1.69175e-17 
 8245.96453857    1.4214e-17 
  8251.4824667   1.68181e-17 
 8257.00039482   2.04901e-17 
 8262.51832294   9.98268e-18 
 8268.03625107   2.10779e-17 
 8273.55417919   1.89814e-17 
 8279.07210732   1.51532e-17 
 8284.59003544   1.54073e-17 
 8290.10796356   1.97306e-17 
 8295.62589169   2.40301e-17 
 8301.14381981   2.03529e-17 
 8306.66174793   1.99631e-17 
 8312.17967606   1.68775e-17 
 8317.69760418   1.57036e-17 
  8323.2155323   1.94265e-17 
 8328.73346043   1.97641e-17 
 8334.25138855   1.84554e-17 
 8339.76931667    2.3478e-17 
  8345.2872448   2.09437e-17 
 8350.80517292   1.18047e-17 
 8356.32310104   1.28363e-17 
 8361.84102917   1.70526e-17 
 8367.35895729    1.4296e-17 
 8372.87688541   2.15758e-17 
 8378.39481354   2.12315e-17 
 8383.91274166   1.80028e-17 
 8389.43066978   1.79196e-17 
 8394.94859791   2.07306e-17 
 8400.46652603   2.08266e-17 
 8405.98445415   1.51611e-17 
 8411.50238228   2.34694e-17 
  8417.0203104   1.81002e-17 
 8422.53823853   2.16355e-17 
 8428.05616665   2.59659e-17 
 8433.57409477   1.09076e-17 
  8439.0920229   2.00525e-17 
 8444.60995102   2.04786e-17 
 8450.12787914   2.33893e-17 
 8455.64580727   2.01763e-17 
 8461.16373539   1.70057e-17 
 8466.68166351   1.71026e-17 
 8472.19959164   1.66039e-17 
 8477.71751976   1.77924e-17 
 8483.23544788   1.96184e-17 
 8488.75337601   2.16122e-17 
 8494.27130413    2.3208e-17 
 8499.78923225   2.17302e-17 
 8505.30716038   1.68174e-17 
  8510.8250885   1.69225e-17 
 8516.34301662    1.9572e-17 
 8521.86094475   2.30098e-17 
 8527.37887287    2.5351e-17 
 8532.89680099   2.03778e-17 
 8538.41472912   1.82992e-17 
 8543.93265724   1.56883e-17 
 8549.45058537    1.3598e-17 
 8554.96851349   1.76771e-17 
 8560.48644161   2.12641e-17 
 8566.00436974   1.67917e-17 
 8571.52229786   1.81062e-17 
 8577.04022598   2.22419e-17 
 8582.55815411   1.55391e-17 
 8588.07608223   1.45005e-17 
 8593.59401035   2.03469e-17 
 8599.11193848   2.24763e-17 
  8604.6298666      2.09e-17 
 8610.14779472   2.37312e-17 
 8615.66572285    1.7183e-17 
 8621.18365097    1.7015e-17 
 8626.70157909     1.962e-17 
 8632.21950722   2.13309e-17 
 8637.73743534   2.25878e-17 
 8643.25536346   2.04364e-17 
 8648.77329159   2.05536e-17 
 8654.29121971   1.85039e-17 
 8659.80914783   1.96746e-17 
 8665.32707596   1.20008e-17 
 8670.84500408   8.57896e-18 
 8676.36293221   1.73312e-17 
 8681.88086033   1.93559e-17 
 8687.39878845   2.08096e-17 
 8692.91671658   1.72643e-17 
  8698.4346447   2.05781e-17 
 8703.95257282   1.83228e-17 
 8709.47050095   2.01903e-17 
 8714.98842907   2.01802e-17 
 8720.50635719   2.03032e-17 
 8726.02428532   2.27869e-17 
 8731.54221344   1.91872e-17 
 8737.06014156   1.48406e-17 
 8742.57806969   1.45469e-17 
 8748.09599781   1.92102e-17 
 8753.61392593   2.37053e-17 
 8759.13185406   2.26896e-17 
 8764.64978218    2.0765e-17 
  8770.1677103   2.00107e-17 
 8775.68563843   2.23352e-17 
 8781.20356655   1.16958e-17 
 8786.72149467   6.79218e-18 
  8792.2394228   1.80374e-17 
 8797.75735092   1.97678e-17 
 8803.27527905   1.91362e-17 
 8808.79320717   2.22495e-17 
 8814.31113529   1.60499e-17 
 8819.82906342   1.87317e-17 
 8825.34699154   2.23391e-17 
 8830.86491966     2.808e-17 
 8836.38284779   2.69504e-17 
 8841.90077591   1.28788e-17 
 8847.41870403   1.87326e-17 
 8852.93663216   1.53655e-17 
 8858.45456028   2.36316e-17 
  8863.9724884   1.97454e-17 
 8869.49041653   1.99473e-17 
 8875.00834465   1.91334e-17 
 8880.52627277   1.66927e-17 
  8886.0442009    1.5112e-17 
 8891.56212902   7.87991e-18 
 8897.08005714   2.14044e-17 
 8902.59798527   1.70014e-17 
 8908.11591339   1.45927e-17 
 8913.63384151   2.32827e-17 
 8919.15176964   1.78259e-17 
 8924.66969776   1.21756e-17 
 8930.18762589   8.61408e-18 
 8935.70555401   1.92784e-17 
 8941.22348213    2.1361e-17 
 8946.74141026   1.60729e-17 
 8952.25933838   8.50359e-18 
  8957.7772665   1.06615e-17 
 8963.29519463   1.30733e-17 
 8968.81312275   1.47187e-17 
 8974.33105087   1.49314e-17 
   8979.848979    1.1154e-17 
 8985.36690712   1.14478e-17 
 8990.88483524   7.83168e-18 
 8996.40276337   5.93814e-18 
 9001.92069149   1.12779e-17 
 9007.43861961   1.01221e-17 
 9012.95654774    9.7532e-18 
 9018.47447586   8.96413e-18 
 9023.99240398   1.09918e-17 
 9029.51033211   1.06218e-17 
 9035.02826023   8.68424e-18 
 9040.54618835    1.2095e-17 
 9046.06411648   9.58561e-18 
  9051.5820446   1.29261e-17 
 9057.09997272   1.14457e-17 
 9062.61790085    1.2564e-17 
 9068.13582897   1.37851e-17 
  9073.6537571   9.11652e-18 
 9079.17168522   9.49485e-18 
 9084.68961334   7.96777e-18 
 9090.20754147   1.06428e-17 
 9095.72546959   1.14407e-17 
 9101.24339771   9.03827e-18 
 9106.76132584    1.3644e-17 
 9112.27925396   2.29629e-17 
 9117.79718208   1.13676e-17 
 9123.31511021   4.18237e-18 
 9128.83303833   2.00939e-17 
 9134.35096645   1.86005e-17 
 9139.86889458    1.4972e-17 
  9145.3868227   1.13799e-17 
 9150.90475082   1.24224e-17 
 9156.42267895   1.00807e-17 
 9161.94060707   1.46924e-17 
 9167.45853519    1.7331e-17 
 9172.97646332   1.48212e-17 
 9178.49439144   1.31863e-17 
 9184.01231956   1.04754e-17 
 9189.53024769   1.54808e-17 
 9195.04817581    1.6954e-17 
 9200.56610394   1.39697e-17 
 9206.08403206   1.12785e-17 
 9211.60196018   2.03869e-17 
 9217.11988831   1.89632e-17 
 9222.63781643   9.90006e-18 
 9228.15574455    1.7542e-17 
 9233.67367268   1.94803e-17 
  9239.1916008   1.54799e-17 
 9244.70952892    1.9422e-17 
 9250.22745705   2.08549e-17 
