# STATUS =
# OBJECT = OGLE15xl
# TELESCOPE = ESO-NTT
# INSTRUMENT = EFOSC2-NTT
# DATE-OBS = 2016-02-17 02:43:47.00
# MJD = 57435.11373839993
# EXPTIME = 2700
# AIRMASS = --
# SLIT = --
# DISPERSER = --
# SOURCE = --
# FILTER =
# RESOLUTION =
# FLUX_STANDARD =
# EXTINCTION_CORRECTED = --
# PHOTOMETRY_CALIBRATED =
# TELLURIC_CORRECTED =
# FLUX_UNITS = erg cm(-2) sec(-1) Ang(-1)
# WAVE_UNITS = Angstrom
# QUALITY = --
# MIN_WAVE = 3643.6624
# MAX_WAVE = 9239.757
# COMMENT = Released as part of DR3
 Wavelength            Flux          Error 
  3643.6624   2.2952872e-18  3.6961044e-18 
  3649.1812   1.0934854e-17  3.9124055e-18 
     3654.7    8.960339e-18   4.006321e-18 
  3660.2188  -4.9582255e-19  3.9781668e-18 
  3665.7375    6.671459e-18  4.0007872e-18 
  3671.2563    6.382413e-18  4.0069092e-18 
  3676.7751   4.2031214e-18   4.025635e-18 
   3682.294    9.006783e-18  4.1580095e-18 
   3687.813   1.2330476e-17  4.2947925e-18 
  3693.3318   1.3846239e-17   4.385335e-18 
  3698.8506   1.5616434e-17   4.417189e-18 
  3704.3694   8.4673524e-18   4.315343e-18 
  3709.8882    8.646609e-18   4.279897e-18 
   3715.407    4.860251e-18   4.178543e-18 
  3720.9258   1.6757074e-17  4.1101455e-18 
  3726.4448   1.5011991e-17   4.118784e-18 
  3731.9636   1.2054517e-17   4.097555e-18 
  3737.4824   9.6175926e-18  4.0162845e-18 
  3743.0012   1.1517694e-17   4.056812e-18 
    3748.52    7.344424e-18  4.0236563e-18 
  3754.0388    8.876105e-18  4.0334493e-18 
  3759.5576   6.6414034e-18   4.033861e-18 
  3765.0764   7.5116354e-18   4.079249e-18 
  3770.5955    5.856502e-18  4.1743504e-18 
  3776.1143    7.992312e-18  4.1515248e-18 
   3781.633   1.0624379e-17   4.057712e-18 
  3787.1519    5.026766e-18   3.912629e-18 
  3792.6707   7.1833895e-18   3.817645e-18 
  3798.1895   1.8789463e-18  3.7801683e-18 
  3803.7083   1.4250181e-17    3.83873e-18 
   3809.227   6.2050486e-18  3.7081928e-18 
   3814.746   1.3046163e-17  3.5239974e-18 
   3820.265   1.3046717e-17    3.39214e-18 
  3825.7837   2.3886091e-18   3.305372e-18 
  3831.3025   1.1682496e-17   3.297974e-18 
  3836.8213   1.9357553e-17  3.3759325e-18 
    3842.34    1.625413e-17  3.4192086e-18 
   3847.859  1.17623015e-17   3.408699e-18 
   3853.378  1.38073956e-17  3.3841431e-18 
  3858.8967    9.045159e-18  3.2768065e-18 
  3864.4155   1.6691836e-17   3.282686e-18 
  3869.9343     8.31037e-18   3.188597e-18 
  3875.4531    8.421344e-18   3.145237e-18 
   3880.972   9.3662645e-18  3.1187391e-18 
  3886.4907   7.9109486e-18  3.1442942e-18 
  3892.0095    8.833252e-18  3.2109673e-18 
  3897.5286     9.68835e-18    3.27919e-18 
  3903.0474    9.370406e-18  3.3475348e-18 
  3908.5662   1.2293828e-17  3.3468882e-18 
   3914.085   2.5109791e-18  3.2682954e-18 
  3919.6038    8.144792e-18   3.085127e-18 
  3925.1226   4.4802993e-18  2.7980288e-18 
  3930.6414   5.4358186e-18  2.6301643e-18 
  3936.1602   1.0016537e-17  2.6820663e-18 
  3941.6792   1.1070442e-17  2.8540477e-18 
   3947.198   6.5754345e-18  3.0059998e-18 
  3952.7168    6.186437e-18  3.0335308e-18 
  3958.2356   1.1472858e-17  2.8756423e-18 
  3963.7544    7.494238e-18   2.662689e-18 
  3969.2732    8.011678e-18  2.6356534e-18 
   3974.792   1.2078942e-17  2.7911342e-18 
   3980.311   6.1549178e-18  3.0155721e-18 
  3985.8298   1.4987864e-17   3.203045e-18 
  3991.3486  -2.1980323e-18  3.1639162e-18 
  3996.8674   6.1709738e-18  3.2043718e-18 
  4002.3862   1.6644068e-17  3.2562562e-18 
   4007.905   1.2967354e-17  3.2459423e-18 
  4013.4238   7.8316526e-18  3.2659735e-18 
  4018.9426   5.2193624e-18  3.2549925e-18 
  4024.4617   1.2503506e-17   3.237485e-18 
  4029.9805    1.478499e-17  3.2135055e-18 
  4035.4993   1.8097175e-17  3.2159262e-18 
   4041.018    9.967446e-18   3.152944e-18 
  4046.5369   1.3763615e-17   3.163969e-18 
  4052.0557   1.0724208e-17  3.1184167e-18 
  4057.5745    9.390488e-18   3.088993e-18 
  4063.0933    1.251325e-17  3.0793688e-18 
  4068.6123     1.81577e-17  3.0839283e-18 
   4074.131   1.3596431e-17  3.0754271e-18 
    4079.65    9.295439e-18  3.0868478e-18 
  4085.1687    8.482606e-18  3.1021062e-18 
  4090.6875   1.1483226e-17  3.0726598e-18 
  4096.2065    8.274087e-18  2.9955364e-18 
   4101.725   1.9212917e-17   2.984976e-18 
   4107.244  1.34902595e-17  2.9709559e-18 
  4112.7627   9.2871356e-18    3.01857e-18 
  4118.2817   1.6377817e-17  3.0680983e-18 
  4123.8003    8.212024e-18  3.0268048e-18 
  4129.3193   1.4025926e-17   3.024386e-18 
  4134.8384  1.18669994e-17  3.0048242e-18 
   4140.357   1.3348136e-17  2.9889623e-18 
   4145.876   1.3195016e-17  2.9829731e-18 
  4151.3945    8.942253e-18  2.9504784e-18 
  4156.9136   1.6250868e-17  3.0110609e-18 
   4162.432   1.8109553e-17  2.9847042e-18 
   4167.951    8.508733e-18  2.9682655e-18 
    4173.47    6.434673e-18   2.941272e-18 
   4178.989    9.403643e-18  2.9054392e-18 
   4184.508   1.2042767e-17  2.8916048e-18 
  4190.0264    9.844852e-18  2.8555848e-18 
  4195.5454    1.436898e-17  2.8423245e-18 
   4201.064   1.8743145e-17  2.8479529e-18 
   4206.583    1.600785e-17  2.8277062e-18 
   4212.102   1.4640941e-17  2.8493518e-18 
  4217.6206   2.0471254e-17   2.857398e-18 
  4223.1396   1.6288086e-17   2.770485e-18 
   4228.658  1.21219654e-17  2.7446115e-18 
  4234.1772   6.8644476e-18  2.7055335e-18 
   4239.696   1.5869377e-17  2.7448543e-18 
   4245.215   1.2016901e-17  2.7298244e-18 
  4250.7334   1.7501504e-17  2.7388746e-18 
  4256.2524   1.5056026e-17   2.714251e-18 
  4261.7715   1.6274411e-17  2.7058234e-18 
    4267.29  1.27000026e-17  2.6579933e-18 
   4272.809    1.716701e-17   2.661844e-18 
  4278.3276    9.570047e-18  2.6186226e-18 
  4283.8467    9.407682e-18  2.6031333e-18 
   4289.365   1.4225973e-17  2.5839042e-18 
  4294.8843    1.415782e-17  2.5169388e-18 
  4300.4033   1.3155905e-17  2.4352956e-18 
   4305.922   1.0943086e-17  2.3708915e-18 
   4311.441   1.3780649e-17   2.439665e-18 
  4316.9595    1.568979e-17  2.5271478e-18 
  4322.4785   1.2099618e-17  2.5888059e-18 
   4327.997   9.5198645e-18  2.6100261e-18 
   4333.516   1.6222605e-17   2.583276e-18 
   4339.035   1.1907561e-17  2.5482827e-18 
  4344.5537   1.7492114e-17  2.5659767e-18 
  4350.0728   1.3990744e-17  2.5766097e-18 
  4355.5913  1.07189406e-17  2.6106945e-18 
  4361.1104   1.1519261e-17  2.6320283e-18 
   4366.629   1.6445835e-17  2.6511335e-18 
   4372.148   1.1884024e-17  2.6154467e-18 
  4377.6665    9.685634e-18  2.5385596e-18 
  4383.1855   1.0104145e-17  2.5208178e-18 
  4388.7046   1.5575225e-17  2.5122205e-18 
   4394.223    1.533149e-17  2.5259922e-18 
   4399.742   1.6639904e-17   2.563033e-18 
  4405.2607   1.3552407e-17   2.569847e-18 
    4410.78    1.328461e-17  2.5921636e-18 
  4416.2983  1.21431495e-17  2.6323106e-18 
  4421.8174    1.610112e-17  2.6347934e-18 
  4427.3364    6.702976e-18  2.5987953e-18 
   4432.855    7.093841e-18   2.598412e-18 
   4438.374   1.3779576e-17  2.6027215e-18 
  4443.8926   1.5767512e-17   2.605095e-18 
  4449.4116   1.3254693e-17  2.5799277e-18 
    4454.93    1.591089e-17  2.5561035e-18 
   4460.449   2.1311504e-17  2.5598845e-18 
  4465.9683   2.8812166e-17  2.5891045e-18 
   4471.487    2.777722e-17  2.6152287e-18 
   4477.006   2.0281139e-17  2.5923466e-18 
  4482.5244   1.3224294e-17  2.5640506e-18 
  4488.0435   1.3621318e-17  2.5680112e-18 
   4493.562  1.38158295e-17  2.5682084e-18 
   4499.081   1.3192847e-17  2.5596827e-18 
  4504.5996    2.004466e-17  2.5976809e-18 
  4510.1187   1.1002345e-17  2.5829097e-18 
  4515.6377   1.5194808e-17  2.5838386e-18 
  4521.1562   1.4200655e-17  2.5318228e-18 
  4526.6753    6.420018e-18  2.4983994e-18 
   4532.194    1.766234e-17  2.5206007e-18 
   4537.713  1.02643775e-17  2.5028014e-18 
  4543.2314  1.08198136e-17  2.5082407e-18 
  4548.7505   1.4734833e-17  2.5122242e-18 
  4554.2695   1.3529058e-17  2.5005982e-18 
   4559.788   2.0307499e-17  2.5376898e-18 
   4565.307   1.7548192e-17  2.5337388e-18 
  4570.8257   1.0687153e-17  2.5074965e-18 
  4576.3447   2.3693796e-17  2.5011328e-18 
  4581.8633   2.1683848e-17  2.4966664e-18 
  4587.3823   1.0977748e-17   2.478293e-18 
  4592.9014   9.6265915e-18  2.4465852e-18 
    4598.42    9.248847e-18   2.441327e-18 
   4603.939   1.2856808e-17   2.447559e-18 
  4609.4575   1.6470542e-17  2.4548857e-18 
  4614.9766   1.3903511e-17  2.4657743e-18 
   4620.495   1.6169541e-17  2.4771404e-18 
   4626.014   1.4142907e-17  2.4576527e-18 
  4631.5327   1.5377142e-17   2.458393e-18 
   4637.052   1.7506613e-17  2.4479922e-18 
   4642.571   2.1801844e-17  2.4232622e-18 
  4648.0894   1.3679745e-17  2.3972445e-18 
  4653.6084   1.5230716e-17  2.4005615e-18 
   4659.127   1.4363387e-17  2.4071403e-18 
   4664.646   1.3263115e-17  2.3931535e-18 
  4670.1646    2.455795e-17   2.417921e-18 
  4675.6836   1.8812415e-17  2.3935416e-18 
  4681.2026   1.8138661e-17  2.3925757e-18 
   4686.721   2.3041758e-17   2.400805e-18 
    4692.24   2.0187685e-17  2.3887895e-18 
   4697.759   1.5615395e-17  2.3507935e-18 
   4703.278    1.903142e-17  2.3503843e-18 
  4708.7964   1.6256538e-17  2.3244933e-18 
  4714.3154   1.7793634e-17   2.357896e-18 
  4719.8345   1.4545174e-17  2.3495813e-18 
   4725.353   1.9899838e-17  2.3604407e-18 
   4730.872   1.8885863e-17  2.3369083e-18 
  4736.3906   2.5750053e-17  2.3441672e-18 
  4741.9097   1.9236846e-17  2.3337201e-18 
   4747.428   1.4377643e-17  2.3203336e-18 
  4752.9473   1.9953942e-17  2.3265937e-18 
   4758.466   2.1437049e-17  2.3223282e-18 
   4763.985   2.1686977e-17  2.2945746e-18 
   4769.504   2.1162458e-17  2.3043523e-18 
  4775.0225   1.7167169e-17  2.3035195e-18 
  4780.5415    2.359967e-17   2.328341e-18 
    4786.06   1.8947487e-17  2.3141157e-18 
   4791.579   2.1145948e-17  2.3155283e-18 
  4797.0977   2.2297027e-17  2.3068715e-18 
  4802.6167   2.1967244e-17   2.305375e-18 
  4808.1357   2.4246566e-17  2.3210463e-18 
  4813.6543   2.1688955e-17  2.3199043e-18 
  4819.1733   2.1750172e-17  2.3176672e-18 
   4824.692   2.1470328e-17   2.322944e-18 
   4830.211   2.0636583e-17  2.3121785e-18 
  4835.7295   2.3669975e-17  2.3095991e-18 
  4841.2485   2.3686456e-17   2.296738e-18 
  4846.7676   2.3941012e-17  2.2787914e-18 
   4852.286   2.2692908e-17  2.2199644e-18 
   4857.805   1.8379746e-17   2.165147e-18 
  4863.3237   2.2212466e-17  2.1455055e-18 
   4868.843   2.4771042e-17  2.1536758e-18 
  4874.3613   2.1712528e-17  2.1845085e-18 
  4879.8804    2.421254e-17   2.212116e-18 
   4885.399    2.099749e-17  2.2003025e-18 
   4890.918    2.229747e-17  2.2098248e-18 
   4896.437     2.00622e-17  2.2140196e-18 
  4901.9556   1.9448265e-17  2.2148237e-18 
  4907.4746    2.193294e-17  2.2125297e-18 
   4912.993   1.8461136e-17  2.1774889e-18 
   4918.512   1.2282946e-17  2.1385014e-18 
   4924.031   1.9220096e-17  2.1618971e-18 
    4929.55   1.7188529e-17  2.1617077e-18 
   4935.069   2.1435406e-17  2.1949916e-18 
  4940.5874   1.7840185e-17  2.1876156e-18 
  4946.1064   1.9634495e-17  2.2040302e-18 
   4951.625   1.8508482e-17  2.2020408e-18 
   4957.144    2.440796e-17  2.2136182e-18 
  4962.6626   2.5080785e-17  2.2032258e-18 
  4968.1816   2.1373234e-17   2.197796e-18 
  4973.7007   1.8229147e-17  2.1820994e-18 
   4979.219   2.5290412e-17  2.2053613e-18 
  4984.7383   1.9852446e-17  2.1643483e-18 
   4990.257   2.4867716e-17  2.1785983e-18 
   4995.776   2.5258977e-17  2.1734359e-18 
  5001.2944   1.8498751e-17  2.1384075e-18 
  5006.8135   2.4573992e-17  2.1443915e-18 
   5012.332   2.2391913e-17  2.1167171e-18 
   5017.851    2.015127e-17   2.111996e-18 
    5023.37   2.1064803e-17  2.1173756e-18 
  5028.8887   2.0887548e-17  2.1155717e-18 
  5034.4077   2.2054639e-17  2.1203702e-18 
  5039.9263   2.1030268e-17  2.1098513e-18 
  5045.4453   2.1354022e-17  2.1014573e-18 
   5050.964   2.1818202e-17  2.1243557e-18 
   5056.483   2.4725448e-17  2.1262235e-18 
   5062.002    2.628662e-17  2.1286232e-18 
  5067.5205   1.9782866e-17  2.1108628e-18 
  5073.0396   2.0945833e-17  2.0946171e-18 
   5078.558   2.3500142e-17  2.0920105e-18 
   5084.077    2.248429e-17  2.1042116e-18 
  5089.5957   2.2557679e-17   2.099688e-18 
  5095.1147   2.1775101e-17  2.0915793e-18 
   5100.634   1.7674788e-17  2.0723271e-18 
  5106.1523   1.9389664e-17   2.080897e-18 
  5111.6714   2.3128928e-17   2.096758e-18 
    5117.19    2.344253e-17   2.091231e-18 
   5122.709   2.4650153e-17  2.0879226e-18 
  5128.2275   2.1605058e-17  2.1406696e-18 
  5133.7466   2.5638992e-17  2.0791853e-18 
   5139.265   2.0785874e-17  2.0584346e-18 
   5144.784   2.2717146e-17  2.0548653e-18 
   5150.303   2.1382096e-17  2.0596985e-18 
   5155.822   2.0732175e-17  2.0476974e-18 
   5161.341    2.145489e-17  2.0081693e-18 
  5166.8594   2.2636365e-17  1.9931148e-18 
  5172.3784    1.710232e-17  1.9423398e-18 
   5177.897    1.936333e-17  1.9557447e-18 
   5183.416   2.1714067e-17  1.9847316e-18 
   5188.935   1.9203565e-17   2.008272e-18 
  5194.4536   2.1373637e-17   2.036383e-18 
  5199.9727   1.5608738e-17  2.0175384e-18 
   5205.491   2.4064764e-17  2.0634089e-18 
  5211.0103   2.3629149e-17  2.0430863e-18 
   5216.529   2.0353427e-17  2.0459254e-18 
   5222.048   2.3762667e-17  2.0335075e-18 
   5227.567   2.3508921e-17  2.0841841e-18 
  5233.0854   1.9021061e-17  2.0098287e-18 
  5238.6045   2.1609812e-17  2.0245438e-18 
   5244.123    2.275018e-17  2.0479518e-18 
   5249.642   1.8425152e-17  2.0185296e-18 
  5255.1606   2.0586947e-17  2.0094372e-18 
  5260.6797   2.1481297e-17  1.9854851e-18 
   5266.198   2.1206707e-17   1.968581e-18 
  5271.7173   2.0628414e-17  1.9640194e-18 
  5277.2363   2.4000323e-17  2.0049983e-18 
   5282.755   1.9930245e-17   1.999909e-18 
   5288.274   2.3404753e-17  2.0229012e-18 
  5293.7925   1.8799559e-17  2.0027323e-18 
  5299.3115   2.2815797e-17  2.0269763e-18 
    5304.83   2.3521799e-17   2.039124e-18 
   5310.349   2.1392327e-17  2.0348287e-18 
   5315.868   2.7372015e-17  2.0455897e-18 
  5321.3867   1.7895766e-17  1.9912545e-18 
   5326.906   2.2448125e-17  1.9965917e-18 
  5332.4243   2.5316045e-17  1.9955832e-18 
  5337.9434   2.0322074e-17  1.9843048e-18 
   5343.462   1.9043938e-17  2.0015908e-18 
   5348.981   2.2889732e-17  2.0166428e-18 
     5354.5   2.2040393e-17  2.0124614e-18 
  5360.0186   1.5824023e-17    1.98212e-18 
  5365.5376   1.5347799e-17  1.9663227e-18 
   5371.056    1.966519e-17  1.9825799e-18 
   5376.575   1.7717279e-17  1.9727885e-18 
  5382.0938    1.574156e-17  1.9694019e-18 
   5387.613   2.2419781e-17  1.9803452e-18 
  5393.1313    2.338662e-17  1.9677855e-18 
  5398.6504   2.2908693e-17   1.955547e-18 
  5404.1694   2.4407048e-17   1.951208e-18 
   5409.688   2.1386785e-17  1.9514646e-18 
   5415.207   2.0545939e-17  1.9616003e-18 
  5420.7256   2.7235691e-17  1.9867524e-18 
  5426.2446   2.1593259e-17  1.9621529e-18 
   5431.763   2.0223949e-17  1.9554368e-18 
   5437.282    2.240088e-17   1.969907e-18 
  5442.8013   1.9267419e-17  1.9710448e-18 
    5448.32    2.237079e-17  1.9825855e-18 
   5453.839   2.2401884e-17  1.9820726e-18 
  5459.3574   2.3012451e-17    1.99225e-18 
  5464.8765   2.3810447e-17   1.993324e-18 
   5470.395   2.4119124e-17  1.9871633e-18 
   5475.914   2.3045558e-17  1.9683679e-18 
   5481.433   2.3135949e-17  1.9636761e-18 
  5486.9517   2.3891345e-17  1.9794697e-18 
  5492.4707   2.2530928e-17  1.9724531e-18 
  5497.9893   2.5767037e-17  1.9761459e-18 
  5503.5083   2.2479594e-17  1.9702195e-18 
   5509.027   2.2525165e-17   1.978499e-18 
   5514.546   2.3598272e-17   1.984492e-18 
  5520.0645   2.3386512e-17   1.975349e-18 
  5525.5835   2.5706029e-17  1.9702598e-18 
  5531.1025   2.5457744e-17  1.9732489e-18 
   5536.621   2.3851111e-17  1.9926597e-18 
    5542.14   2.3994165e-17  1.9830996e-18 
  5547.6587   2.7589307e-17  1.9886574e-18 
  5553.1777    2.803835e-17   2.019832e-18 
  5558.6963    2.554709e-17  1.9650122e-18 
  5564.2153    2.795759e-17   2.706135e-18 
  5569.7344    2.261752e-17  3.3784914e-18 
   5575.253   2.3732263e-17  3.4764226e-18 
   5580.772   2.6597711e-17  3.4242124e-18 
  5586.2905   2.6881598e-17  2.7221792e-18 
  5591.8096   2.3777571e-17  1.9722854e-18 
   5597.328   2.0889285e-17  1.9512022e-18 
   5602.847   2.1670297e-17  1.9472154e-18 
   5608.366   2.1510015e-17  1.9558528e-18 
   5613.885   2.2820403e-17  1.9557658e-18 
   5619.404   2.2747576e-17  1.9410112e-18 
  5624.9224   2.1258386e-17  1.9371337e-18 
  5630.4414   2.3704909e-17  1.9473585e-18 
    5635.96   2.1006364e-17   1.936803e-18 
   5641.479   2.0784347e-17  1.9324993e-18 
  5646.9976   2.2938739e-17  1.9318427e-18 
  5652.5166   2.4410439e-17  1.9227648e-18 
  5658.0356   2.4715416e-17  1.9375817e-18 
   5663.554    2.073605e-17  1.9262977e-18 
   5669.073   1.9943278e-17  1.9276565e-18 
   5674.592   2.1620595e-17  1.9466858e-18 
   5680.111   1.7554356e-17  1.9350079e-18 
  5685.6294   1.9685616e-17  1.9401517e-18 
  5691.1484   2.3404318e-17  1.9646458e-18 
  5696.6675    2.068171e-17  1.9428738e-18 
   5702.186   2.2226985e-17  1.9186744e-18 
   5707.705   1.8825759e-17   1.908162e-18 
  5713.2236   2.0137945e-17  1.9192859e-18 
  5718.7427   2.5181186e-17    1.94442e-18 
   5724.261   2.1727858e-17  1.9333184e-18 
  5729.7803   1.7837219e-17  1.9120489e-18 
  5735.2993   1.6593418e-17   1.907373e-18 
   5740.818   1.9754377e-17   1.913611e-18 
   5746.337   2.2263287e-17  1.9052079e-18 
  5751.8555   1.9081902e-17  1.9010447e-18 
  5757.3745    2.158254e-17  1.9146675e-18 
   5762.893   1.6310423e-17  1.9011834e-18 
   5768.412   1.9518815e-17  1.9027483e-18 
  5773.9307   1.9200574e-17  1.9102936e-18 
  5779.4497   1.4898294e-17  1.8826986e-18 
  5784.9688   1.9288044e-17  1.8944458e-18 
  5790.4873   2.1171274e-17  1.9054567e-18 
  5796.0063   2.0275474e-17   1.906756e-18 
   5801.525   1.8883723e-17   1.899737e-18 
   5807.044   1.5612359e-17  1.8874533e-18 
  5812.5625   2.0815878e-17   1.919103e-18 
  5818.0815   2.3254495e-17   1.930606e-18 
  5823.6006   1.8251926e-17  1.9174928e-18 
   5829.119   2.0732255e-17  1.9286431e-18 
   5834.638   1.7636652e-17    1.92494e-18 
  5840.1567    2.226337e-17   1.937295e-18 
   5845.676   2.1092657e-17  1.9175726e-18 
  5851.1943    1.599659e-17  1.9016603e-18 
  5856.7134   2.5395322e-17  1.9681268e-18 
  5862.2324   2.2850027e-17  2.1139661e-18 
   5867.751   2.2509199e-17   1.971408e-18 
    5873.27   2.3590002e-17   2.005931e-18 
  5878.7886     2.13336e-17  2.0833543e-18 
  5884.3076   1.6817786e-17  2.1494677e-18 
   5889.826   2.2666607e-17  2.1919265e-18 
   5895.345    1.918422e-17   2.139623e-18 
   5900.864   2.1324425e-17  2.0402571e-18 
   5906.383   1.8057745e-17  1.9584655e-18 
   5911.902   2.1296903e-17  1.9581501e-18 
  5917.4204   2.1863335e-17  1.9675808e-18 
  5922.9395   2.4392413e-17  1.9869734e-18 
   5928.458   2.8409875e-17    1.99903e-18 
   5933.977   2.3131166e-17    1.96309e-18 
  5939.4956   2.6305022e-17  1.9773585e-18 
  5945.0146   2.6025157e-17  1.9811772e-18 
  5950.5337   2.9509936e-17  1.9783499e-18 
  5956.0522   2.0905395e-17  1.9466294e-18 
  5961.5713   2.6670503e-17  1.9581636e-18 
    5967.09   2.2315884e-17  1.9347982e-18 
   5972.609   2.2340999e-17  1.9395388e-18 
  5978.1274   2.7408415e-17    1.94467e-18 
  5983.6465   2.7888676e-17  1.9361463e-18 
  5989.1655   2.4561758e-17  1.9175759e-18 
   5994.684   3.0233164e-17  1.9426765e-18 
   6000.203   2.7246664e-17  1.9325627e-18 
  6005.7217   2.2543166e-17  1.8995094e-18 
  6011.2407   2.3688656e-17  1.8820373e-18 
  6016.7593   2.2686343e-17  1.8695206e-18 
  6022.2783    2.527678e-17  1.8855756e-18 
   6027.797   2.4995047e-17  1.8856486e-18 
   6033.316   1.9184663e-17  1.8735695e-18 
   6038.835   2.0919705e-17  1.8688111e-18 
  6044.3535   2.0586363e-17  1.8526873e-18 
  6049.8726    1.656021e-17  1.8323302e-18 
   6055.391    2.303461e-17  1.8577672e-18 
    6060.91   1.9251826e-17   1.842924e-18 
  6066.4287   2.0553921e-17  1.8499564e-18 
  6071.9478   1.9496662e-17   1.837164e-18 
   6077.467   1.7755875e-17   1.819025e-18 
  6082.9854    2.298934e-17  1.8371894e-18 
  6088.5044   2.0831328e-17  1.8271136e-18 
   6094.023   2.0520405e-17  1.8183508e-18 
   6099.542   2.1469675e-17  1.8316517e-18 
  6105.0605   1.9402064e-17  1.8131958e-18 
  6110.5796   2.1607043e-17  1.8173503e-18 
  6116.0986    1.941829e-17   1.808889e-18 
   6121.617   2.2221572e-17   1.811368e-18 
   6127.136   2.1680475e-17  1.8169754e-18 
   6132.655   2.1329896e-17  1.8218905e-18 
   6138.174   2.1209637e-17  1.8228532e-18 
  6143.6924   2.0754517e-17  1.8262454e-18 
  6149.2114   2.2058642e-17  1.8297746e-18 
    6154.73   1.7951561e-17   1.805124e-18 
   6160.249   1.8057202e-17  1.8010783e-18 
   6165.768   1.9211263e-17   1.807837e-18 
  6171.2866    1.908278e-17    1.80582e-18 
  6176.8057   2.1052041e-17  1.8026466e-18 
   6182.324   2.0174804e-17   1.798829e-18 
  6187.8433    2.025168e-17  1.8077158e-18 
   6193.362   1.9766104e-17  1.8046118e-18 
   6198.881   2.1153708e-17  1.8242443e-18 
     6204.4   2.1661845e-17  1.8138313e-18 
  6209.9185   1.7964613e-17   1.802112e-18 
  6215.4375   1.9186054e-17   1.804823e-18 
   6220.956   1.8804977e-17  1.8189201e-18 
   6226.475   1.7002398e-17  1.8578466e-18 
  6231.9937    2.357828e-17   1.911638e-18 
  6237.5127   2.0785694e-17  1.8912753e-18 
  6243.0317   2.3476934e-17  1.8818506e-18 
  6248.5503   2.4656845e-17  1.8671328e-18 
  6254.0693   1.7828148e-17  1.8498112e-18 
   6259.588   1.9015752e-17   1.861311e-18 
   6265.107   1.6707971e-17  1.8306733e-18 
  6270.6255   1.7179832e-17  1.7857152e-18 
  6276.1445   1.8177931e-17  1.8044943e-18 
   6281.663   2.1018464e-17  1.8439812e-18 
   6287.182   2.0654452e-17  2.0178149e-18 
   6292.701   2.0713474e-17  2.1774611e-18 
  6298.2197     2.10541e-17  2.1875592e-18 
   6303.739   2.0692292e-17  2.1474159e-18 
  6309.2573   2.1120487e-17  1.9403517e-18 
  6314.7764   1.9251919e-17  1.8135058e-18 
   6320.295   1.9390725e-17  1.8159797e-18 
   6325.814   2.0788088e-17  1.8206353e-18 
   6331.333   2.0289867e-17    1.82156e-18 
  6336.8516   1.9758428e-17  1.7986155e-18 
  6342.3706   2.5909117e-17  1.8155585e-18 
   6347.889    2.006825e-17  1.8300378e-18 
   6353.408   2.2699214e-17  1.9234613e-18 
   6358.927   2.3263533e-17  1.9343393e-18 
   6364.446   2.0843621e-17  1.9040852e-18 
   6369.965   1.9897661e-17  1.8520876e-18 
  6375.4834   1.9126343e-17  1.8056007e-18 
  6381.0024   2.3284496e-17   1.801315e-18 
   6386.521   2.2653213e-17   1.780517e-18 
    6392.04   2.2573172e-17  1.7666442e-18 
  6397.5586    2.071333e-17  1.7481162e-18 
  6403.0776   1.8844546e-17  1.7347048e-18 
   6408.596   2.2167754e-17  1.7585597e-18 
   6414.115   2.2468449e-17  1.7625074e-18 
  6419.6343   2.5231963e-17  1.7645835e-18 
   6425.153   2.3342246e-17  1.7591274e-18 
   6430.672    2.258351e-17   1.737308e-18 
  6436.1904     2.41428e-17  1.7510229e-18 
  6441.7095   2.4326252e-17  1.7562395e-18 
   6447.228   2.3374374e-17  1.7616073e-18 
   6452.747   2.2346501e-17  1.7895362e-18 
   6458.266   2.3145642e-17  1.8110249e-18 
  6463.7847   1.7766672e-17  1.8023792e-18 
  6469.3037   2.3798476e-17   1.836646e-18 
  6474.8223   1.7067406e-17  1.7519311e-18 
  6480.3413   2.0912324e-17  1.7504029e-18 
    6485.86   1.9697053e-17  1.7398063e-18 
   6491.379    2.296621e-17  1.7881823e-18 
   6496.898   2.1856196e-17  1.8046326e-18 
  6502.4165   2.3865355e-17  1.8062754e-18 
  6507.9355   1.9792649e-17   1.758384e-18 
   6513.454   2.0424891e-17  1.7369143e-18 
   6518.973   2.4281561e-17  1.7621952e-18 
  6524.4917   2.0747596e-17  1.7715857e-18 
  6530.0107    2.151094e-17  1.7739666e-18 
  6535.5293   1.9354324e-17   1.785216e-18 
  6541.0483   2.1949314e-17  1.7965254e-18 
  6546.5674   1.9279113e-17   1.782293e-18 
   6552.086   1.9160612e-17  1.7718527e-18 
   6557.605    2.495381e-17  1.7893544e-18 
  6563.1235   2.4089142e-17  1.7740576e-18 
  6568.6426   2.1820194e-17  1.7575065e-18 
   6574.161   2.2820973e-17  1.7604676e-18 
    6579.68     1.95416e-17  1.7525916e-18 
   6585.199   1.9043236e-17  1.7206281e-18 
   6590.718   1.9086109e-17  1.7195325e-18 
   6596.237    2.389031e-17  1.7447044e-18 
  6601.7554    2.558663e-17  1.7393927e-18 
  6607.2744   2.1387873e-17  1.7214902e-18 
   6612.793   1.9913197e-17  1.6942962e-18 
   6618.312   2.1281963e-17  1.6932293e-18 
   6623.831    2.048248e-17  1.7114127e-18 
  6629.3496   2.0276333e-17  1.6972251e-18 
  6634.8687   2.1408023e-17  1.7050434e-18 
   6640.387   2.2696283e-17  1.7041407e-18 
  6645.9062   2.2068979e-17  1.6900652e-18 
   6651.425   2.1055562e-17  1.6950867e-18 
   6656.944   2.2466452e-17   1.699743e-18 
  6662.4624   2.0386707e-17  1.6969852e-18 
  6667.9814   1.7661355e-17  1.6711806e-18 
  6673.5005   1.6693474e-17  1.6620807e-18 
   6679.019   1.9784453e-17  1.6745255e-18 
   6684.538   1.6506808e-17  1.6579463e-18 
  6690.0566   2.2973065e-17  1.6845854e-18 
  6695.5757   2.2442272e-17  1.6899708e-18 
   6701.094   1.9910643e-17  1.6878442e-18 
  6706.6133    1.914385e-17  1.6809973e-18 
  6712.1323   1.9446442e-17   1.677179e-18 
   6717.651    1.909812e-17  1.6752942e-18 
    6723.17   1.9367436e-17  1.6613254e-18 
  6728.6885    1.878532e-17   1.672011e-18 
  6734.2075    1.967543e-17  1.6766005e-18 
   6739.726   1.6957826e-17  1.6596072e-18 
   6745.245   2.0191633e-17  1.6751659e-18 
   6750.764   2.0367205e-17  1.6666819e-18 
  6756.2827   1.9380375e-17  1.6625732e-18 
   6761.802   2.0782802e-17  1.6618026e-18 
  6767.3203   1.8767411e-17   1.660593e-18 
  6772.8394   1.7484593e-17  1.6709633e-18 
   6778.358   1.7977469e-17   1.671788e-18 
   6783.877   1.8446427e-17  1.6707786e-18 
  6789.3955   1.8701004e-17  1.6620218e-18 
  6794.9146    1.851416e-17  1.6676434e-18 
  6800.4336    1.801071e-17  1.6675534e-18 
   6805.952  1.21813355e-17  1.6262308e-18 
   6811.471   1.6027703e-17  1.6603217e-18 
  6816.9897   2.0194888e-17  1.7533503e-18 
   6822.509  1.33508316e-17  1.8192936e-18 
  6828.0273    1.581679e-17  1.8780826e-18 
  6833.5464   2.1133186e-17  1.9025624e-18 
  6839.0654   1.5588698e-17  1.7916972e-18 
   6844.584   1.7754763e-17  1.7045702e-18 
   6850.103     8.72896e-18  1.6763976e-18 
  6855.6216    1.700753e-17  1.8031927e-18 
  6861.1406   1.7111856e-17   1.767484e-18 
   6866.659  1.11703305e-17  1.7186762e-18 
   6872.178   1.5359563e-17  1.6569988e-18 
  6877.6973   1.4387409e-17  1.5784385e-18 
   6883.216   1.4718337e-17  1.5975036e-18 
   6888.735   1.4905571e-17  1.6092248e-18 
  6894.2534   1.5156235e-17   1.619897e-18 
  6899.7725  1.22168745e-17  1.6264994e-18 
   6905.291   1.7399752e-17  1.6773985e-18 
    6910.81     2.14238e-17  1.7299079e-18 
  6916.3286    1.545649e-17  1.7393573e-18 
  6921.8477   1.8435624e-17  1.7432316e-18 
  6927.3667   1.7436368e-17  1.7379294e-18 
  6932.8853   1.9063752e-17  1.7366001e-18 
  6938.4043   1.9966367e-17  1.7652632e-18 
   6943.923   1.6789095e-17  1.7833727e-18 
   6949.442   1.6023554e-17  1.7635106e-18 
  6954.9604   1.7044732e-17  1.7443614e-18 
  6960.4795   2.1200795e-17  1.7127833e-18 
  6965.9985   1.7117604e-17  1.7030073e-18 
   6971.517   1.5639332e-17  1.7498028e-18 
   6977.036   2.1011895e-17   1.764093e-18 
  6982.5547    2.204706e-17   1.746214e-18 
  6988.0737   1.7468312e-17  1.6832283e-18 
  6993.5923   1.7144382e-17  1.6567408e-18 
  6999.1113   1.9019382e-17  1.6788052e-18 
  7004.6304   1.7521867e-17  1.6741566e-18 
   7010.149   1.8291096e-17  1.6810772e-18 
   7015.668   1.7431941e-17  1.6536355e-18 
  7021.1865    1.744329e-17  1.6410193e-18 
  7026.7056   1.8179349e-17  1.6264362e-18 
   7032.224   1.8654364e-17  1.6440298e-18 
   7037.743   1.9359089e-17  1.6842486e-18 
  7043.2617   1.8849092e-17  1.6892904e-18 
   7048.781   1.6679406e-17  1.6867532e-18 
     7054.3   1.7295778e-17  1.6780169e-18 
  7059.8184     1.59797e-17  1.6746303e-18 
  7065.3374   2.1007789e-17  1.6706061e-18 
   7070.856   2.2584468e-17  1.6825355e-18 
   7076.375   1.8660664e-17  1.6717435e-18 
  7081.8936   1.8779513e-17  1.6664485e-18 
  7087.4126   1.8475355e-17  1.6635367e-18 
  7092.9316    1.753877e-17  1.6373293e-18 
    7098.45     1.47089e-17  1.6101211e-18 
   7103.969   1.8289767e-17  1.6292369e-18 
   7109.488   2.0314128e-17  1.6329391e-18 
   7115.007   2.0844738e-17  1.6378552e-18 
  7120.5254   2.3334434e-17  1.6689542e-18 
  7126.0444   1.8988308e-17  1.6463022e-18 
  7131.5635   1.8348764e-17  1.6463824e-18 
   7137.082   2.0486466e-17  1.6644433e-18 
   7142.601    1.759376e-17  1.6476526e-18 
  7148.1196   1.5547394e-17  1.6291571e-18 
  7153.6387   1.4618483e-17   1.622613e-18 
   7159.157    1.755162e-17  1.6342817e-18 
  7164.6763   1.9537095e-17  1.6163313e-18 
   7170.195   1.8192415e-17  1.6027161e-18 
   7175.714   1.6974287e-17  1.5809988e-18 
   7181.233   1.4966242e-17  1.5587564e-18 
  7186.7515   1.7768195e-17  1.5584856e-18 
  7192.2705   1.5108954e-17  1.5316455e-18 
   7197.789    1.872599e-17  1.5611889e-18 
   7203.308   1.7850933e-17  1.5655518e-18 
  7208.8267   1.7112175e-17  1.5710616e-18 
  7214.3457   1.9395256e-17  1.5842105e-18 
  7219.8647   1.8152098e-17  1.5945356e-18 
  7225.3833   1.6491637e-17  1.6196114e-18 
  7230.9023   1.5035225e-17  1.8252158e-18 
   7236.421   1.6778814e-17   2.025447e-18 
    7241.94   1.8642664e-17  2.1194667e-18 
  7247.4585   2.2417281e-17  2.1195924e-18 
  7252.9775   1.9044656e-17  1.9264025e-18 
  7258.4966   1.2814759e-17  1.6849801e-18 
   7264.015   2.0829364e-17  1.7853157e-18 
   7269.534   2.5639356e-17  1.9988784e-18 
  7275.0527   1.9975388e-17  2.0576976e-18 
   7280.572   1.5602777e-17   2.090653e-18 
  7286.0903   1.4186932e-17  1.9791926e-18 
  7291.6094   1.6332393e-17  1.7976004e-18 
   7297.128   1.7614823e-17  1.7743636e-18 
   7302.647    2.336599e-17  1.8143797e-18 
   7308.166   1.6599396e-17  1.9202398e-18 
  7313.6846   1.6315335e-17  1.9108304e-18 
  7319.2036    1.778262e-17  1.9417912e-18 
   7324.722   1.7352496e-17   1.946167e-18 
   7330.241   2.0122173e-17  1.9484314e-18 
    7335.76   1.7924941e-17  2.0584735e-18 
   7341.279   1.5461599e-17  1.9867795e-18 
   7346.798  1.14838915e-17  1.9706534e-18 
  7352.3164    1.797662e-17   1.874629e-18 
  7357.8354   1.9023106e-17   1.901456e-18 
   7363.354   1.8095443e-17  2.0072214e-18 
   7368.873  1.33338735e-17  1.9588973e-18 
  7374.3916  1.27597705e-17  1.8893787e-18 
  7379.9106   1.4537888e-17  1.7926145e-18 
  7385.4297   2.0584308e-17   1.740979e-18 
   7390.948   1.9761166e-17  1.8202924e-18 
  7396.4673   1.5926292e-17  1.8861976e-18 
   7401.986   1.7178639e-17  1.8619426e-18 
   7407.505   1.4322019e-17  1.7936851e-18 
  7413.0234   1.7799615e-17  1.7206656e-18 
  7418.5425   2.0946423e-17  1.6814777e-18 
   7424.061   2.1203748e-17   1.730628e-18 
    7429.58   1.7474602e-17  1.7542516e-18 
   7435.099   1.6420399e-17  1.7851891e-18 
  7440.6177   2.0456832e-17  1.7790484e-18 
  7446.1367   1.6113816e-17  1.7464647e-18 
  7451.6553   1.8855549e-17  1.6922027e-18 
  7457.1743   1.8523724e-17  1.7127893e-18 
   7462.693   1.3422331e-17  1.7494388e-18 
   7468.212   1.6092286e-17  1.8139397e-18 
   7473.731   1.7595316e-17  1.9200146e-18 
  7479.2495    2.179989e-17  1.9389215e-18 
  7484.7686   1.8112977e-17  1.8904086e-18 
   7490.287   1.7326947e-17  1.8258717e-18 
   7495.806   1.6446602e-17  1.7317728e-18 
  7501.3247    1.390623e-17  1.6694072e-18 
  7506.8438    1.623245e-17  1.6782806e-18 
   7512.363   2.3872095e-17  1.8032684e-18 
  7517.8813   1.9939242e-17   1.936506e-18 
  7523.4004   1.4610723e-17  1.9902352e-18 
   7528.919   1.7278979e-17  1.9912465e-18 
   7534.438   1.6468703e-17  1.8997834e-18 
  7539.9565   1.6066478e-17  1.7784896e-18 
  7545.4756   1.8946114e-17  1.7654125e-18 
   7550.994   2.2917476e-17  1.8004572e-18 
   7556.513    1.967918e-17  1.7769978e-18 
   7562.032   1.3298453e-17  1.8144757e-18 
   7567.551   1.5616258e-17  1.9181853e-18 
    7573.07   1.0370716e-17  1.8625254e-18 
  7578.5884   1.8199294e-17  1.9287807e-18 
  7584.1074   2.1429748e-17  1.8610087e-18 
   7589.626   1.7350032e-17   1.726866e-18 
   7595.145   1.4170699e-17  1.5990066e-18 
   7600.664   1.1380887e-17  1.4343664e-18 
  7606.1826   -2.344177e-19  1.3250748e-18 
  7611.7017  1.14443895e-17  1.4036096e-18 
    7617.22   2.5591033e-17  1.5162781e-18 
  7622.7393   2.0517972e-17  1.5873157e-18 
   7628.258   1.5496833e-17  1.5550518e-18 
   7633.777   1.1083074e-17  1.4959917e-18 
   7639.296   1.5735521e-17  1.4956601e-18 
  7644.8145    1.834987e-17  1.5243532e-18 
  7650.3335   1.7687441e-17  1.5953066e-18 
   7655.852   2.0824566e-17  1.6832606e-18 
   7661.371    1.410183e-17  1.6918177e-18 
  7666.8896    9.533967e-18  1.6793792e-18 
  7672.4087   1.3701808e-17  1.7025138e-18 
  7677.9272   1.6758138e-17  1.7299149e-18 
  7683.4463   2.1246726e-17  1.7829806e-18 
  7688.9653    2.352264e-17  1.8332498e-18 
   7694.484   1.9816167e-17  1.8203747e-18 
   7700.003   1.3628145e-17  1.8130103e-18 
  7705.5215   1.2794872e-17   2.081295e-18 
  7711.0405   1.9906485e-17  2.4631162e-18 
   7716.559   2.2588172e-17  2.5632842e-18 
   7722.078   2.5225712e-17  2.5917022e-18 
   7727.597   2.0962864e-17  2.3123429e-18 
  7733.1157  1.31838064e-17  1.9841792e-18 
   7738.635   1.4672803e-17  1.9290909e-18 
  7744.1533   1.2545011e-17  2.2478439e-18 
  7749.6724   2.3194611e-17  2.4253244e-18 
   7755.191   2.2984269e-17  2.5128351e-18 
    7760.71   2.2156623e-17  2.4226125e-18 
   7766.229     2.49004e-17  2.1980821e-18 
  7771.7476     1.37129e-17  2.0437393e-18 
  7777.2666   1.0204419e-17  2.0115852e-18 
   7782.785   1.9372024e-17  2.1242867e-18 
   7788.304   2.3143174e-17  2.3244373e-18 
  7793.8228   2.4447985e-17  2.3323652e-18 
   7799.342   1.7831557e-17  2.3092658e-18 
  7804.8604   1.4398883e-17  2.2190015e-18 
  7810.3794  1.29477795e-17   2.132745e-18 
  7815.8984   1.2082324e-17  2.3230625e-18 
   7821.417   1.8057219e-17  2.3981124e-18 
   7826.936   1.9268492e-17  2.3302517e-18 
  7832.4546   2.0484084e-17  2.2639646e-18 
  7837.9736   1.7977993e-17   2.037898e-18 
   7843.492  1.34774175e-17  2.1338098e-18 
   7849.011   1.5003275e-17   2.493402e-18 
  7854.5303    3.118151e-17  2.6691063e-18 
   7860.049   3.9011363e-17  2.7372924e-18 
   7865.568   4.0391292e-17   2.729241e-18 
  7871.0864   2.2101204e-17   2.415234e-18 
  7876.6055   1.3949759e-17  2.3047307e-18 
   7882.124   1.4351236e-17  2.3309745e-18 
   7887.643   1.6933621e-17  2.3453064e-18 
   7893.162   1.5134808e-17  2.2544568e-18 
  7898.6807   1.6994477e-17  2.1564233e-18 
  7904.1997   1.8410527e-17  2.1780735e-18 
  7909.7183   1.5071309e-17   2.384027e-18 
  7915.2373   1.2394473e-17  2.5525557e-18 
   7920.756   1.2411282e-17  2.6592707e-18 
   7926.275   1.6754072e-17  2.5577053e-18 
  7931.7935   1.9681987e-17  2.3113984e-18 
  7937.3125   1.8069178e-17  2.1546872e-18 
  7942.8315   1.3620891e-17  2.0647532e-18 
    7948.35    1.110448e-17  1.9526481e-18 
   7953.869    1.340817e-17  2.0452233e-18 
  7959.3877   1.8612851e-17  2.3118027e-18 
  7964.9067    1.924526e-17   2.367406e-18 
  7970.4253   1.4513337e-17  2.4088877e-18 
  7975.9443   1.3866346e-17  2.4057235e-18 
  7981.4634   1.5707903e-17  2.1630626e-18 
   7986.982  1.02108755e-17  2.3261324e-18 
   7992.501   1.3321957e-17  2.4193064e-18 
  7998.0195   1.4989676e-17  2.3687276e-18 
  8003.5386   2.1847943e-17  2.3816873e-18 
   8009.057   1.8945247e-17  2.1193939e-18 
   8014.576  1.13109504e-17   2.035038e-18 
   8020.095    9.650694e-18  2.2372576e-18 
   8025.614   1.3103457e-17  2.3269457e-18 
   8031.133   1.5877947e-17  2.2860447e-18 
  8036.6514   2.0036326e-17  2.2440382e-18 
  8042.1704   2.2255672e-17   2.065691e-18 
   8047.689   1.9217596e-17  1.9941385e-18 
   8053.208   1.5152372e-17  2.0295187e-18 
  8058.7266   1.3460895e-17  2.1100494e-18 
  8064.2456    1.412655e-17  2.1141066e-18 
  8069.7646   1.7468407e-17   2.105297e-18 
   8075.283   1.6719611e-17  2.0172652e-18 
  8080.8022    1.419474e-17  1.9010174e-18 
   8086.321   1.2090124e-17  1.8783617e-18 
    8091.84  1.03041624e-17  1.9004286e-18 
  8097.3584   1.2265192e-17  1.9623714e-18 
  8102.8774   1.0823722e-17  1.9975504e-18 
  8108.3965   1.7389644e-17  2.0334945e-18 
   8113.915   1.6681273e-17  1.9704724e-18 
   8119.434    1.415126e-17  1.8972002e-18 
  8124.9526   1.2566993e-17  1.8498267e-18 
  8130.4717   1.1021404e-17   1.871832e-18 
    8135.99  1.26609075e-17  1.9047471e-18 
  8141.5093   1.6181218e-17  1.9580536e-18 
  8147.0283   1.5664983e-17  1.9791512e-18 
   8152.547   1.7529128e-17  1.9617686e-18 
   8158.066    1.509497e-17  1.9119732e-18 
  8163.5845    9.687819e-18  1.8118816e-18 
  8169.1035   1.0361473e-17  1.8285642e-18 
   8174.622   1.6084391e-17  1.8736875e-18 
   8180.141    1.965103e-17  1.9548462e-18 
  8185.6597   1.6113237e-17  1.9551696e-18 
  8191.1787   1.6031923e-17  1.9587153e-18 
   8196.697    1.375717e-17   1.939836e-18 
   8202.217    1.107702e-17   1.913405e-18 
   8207.735  1.25442014e-17    1.92398e-18 
   8213.254   1.2347258e-17  1.9510387e-18 
   8218.772    9.971053e-18  1.9420166e-18 
   8224.292   1.2055028e-17   1.924713e-18 
   8229.811   1.1834008e-17  1.8948994e-18 
   8235.329    6.756139e-18  1.8486593e-18 
   8240.849   1.1045956e-17  1.9010484e-18 
   8246.367   1.3092858e-17  1.9781038e-18 
   8251.886   1.7188449e-17  2.0225286e-18 
   8257.404   1.7125362e-17  2.0297006e-18 
   8262.924   1.2893678e-17  1.9925211e-18 
   8268.442   1.6298368e-17   2.014481e-18 
   8273.961   1.4227245e-17  2.1862288e-18 
    8279.48   1.4639752e-17  2.5058355e-18 
   8284.999    9.193165e-18  2.7969528e-18 
   8290.518   2.0775978e-17  3.1046074e-18 
   8296.036   2.1788326e-17  3.1739946e-18 
   8301.556   1.5813433e-17  2.9412522e-18 
   8307.074   1.6889854e-17  2.7960204e-18 
   8312.593   1.1925795e-17  2.4638424e-18 
   8318.112   1.5217276e-17  2.2519736e-18 
   8323.631    1.164954e-17  2.1459257e-18 
   8329.149    1.592758e-17   2.075536e-18 
   8334.668   1.6981639e-17   2.377248e-18 
  8340.1875     8.52941e-18  2.9017467e-18 
   8345.706    4.218978e-18  3.2253348e-18 
   8351.225   1.0702683e-17   3.410701e-18 
   8356.743   1.2643724e-17  3.2354642e-18 
   8362.263   1.3710804e-17   2.790318e-18 
   8367.781   1.7684647e-17  2.4957501e-18 
     8373.3   1.2714028e-17  2.3794274e-18 
   8378.819    8.646671e-18  2.4191997e-18 
   8384.338    7.706231e-18  2.3502323e-18 
   8389.856   1.0363754e-17   2.579189e-18 
   8395.375   1.6967008e-17  3.0363689e-18 
   8400.895   3.0409743e-17  3.1148261e-18 
   8406.413   1.5063869e-17  3.0977802e-18 
   8411.932   1.2802385e-17  3.0190579e-18 
   8417.451    8.990439e-18  2.5312556e-18 
    8422.97      5.2645e-18  2.8418617e-18 
   8428.488    9.674738e-18  3.1937754e-18 
   8434.007   1.6006054e-17  3.1687575e-18 
   8439.526   1.7234889e-17  3.1325561e-18 
   8445.045   1.4448741e-17  2.7691697e-18 
   8450.563   1.6872011e-17  2.5421547e-18 
   8456.083   1.4632646e-17   2.642132e-18 
   8461.602   1.1484874e-17   2.980655e-18 
    8467.12   1.2318861e-17  2.9656406e-18 
   8472.639    2.409446e-17  3.0064684e-18 
   8478.158   1.9160345e-17  2.7382722e-18 
   8483.677   1.6881023e-17  2.3954741e-18 
   8489.195   1.6072252e-17  2.3444896e-18 
   8494.715   1.2620602e-17  2.4608021e-18 
   8500.233   1.1727149e-17  2.6889576e-18 
   8505.752  1.28486585e-17  2.7699355e-18 
  8511.2705   1.7848088e-17   2.721001e-18 
    8516.79   1.6271946e-17  2.5731918e-18 
   8522.309   1.2496374e-17  2.2853662e-18 
   8527.827   1.1752042e-17  2.1960944e-18 
   8533.347  1.34248535e-17  2.2220013e-18 
   8538.865    1.014215e-17  2.2476412e-18 
   8544.384   1.2417012e-17  2.4211847e-18 
   8549.902   1.4511329e-17  2.5202318e-18 
   8555.422   1.6191705e-17  2.5012569e-18 
    8560.94    1.849603e-17  2.4456257e-18 
   8566.459   1.1011165e-17   2.236163e-18 
   8571.979    1.622055e-17  2.2315255e-18 
   8577.497   1.5291406e-17   2.253223e-18 
   8583.016    9.121836e-18  2.2666935e-18 
   8588.534   2.0338345e-17  2.4205675e-18 
   8594.054    1.602958e-17   2.443535e-18 
   8599.572   1.2136804e-17  2.4343925e-18 
   8605.091   1.4563286e-17  2.4148217e-18 
   8610.609   1.3525413e-17   2.477508e-18 
   8616.129   1.0805867e-17  2.7332407e-18 
   8621.647   1.6906007e-17  3.1848455e-18 
   8627.166   1.4956021e-17    3.58685e-18 
   8632.686   1.2003233e-17   3.666201e-18 
   8638.204   1.8670667e-17  3.5143335e-18 
   8643.723   2.0245009e-17   3.321786e-18 
   8649.241   1.1186542e-17  3.1950982e-18 
   8654.761    9.583911e-18  3.3100017e-18 
   8660.279    6.111321e-18   3.563547e-18 
   8665.798    9.817797e-18  3.6761255e-18 
   8671.317   1.7757607e-17  3.5759886e-18 
   8676.836   2.0599858e-17  3.3502051e-18 
  8682.3545   2.5460783e-17  3.1056147e-18 
   8687.873   1.9719451e-17    2.85238e-18 
   8693.393   1.1659692e-17  2.6356991e-18 
   8698.911    1.683436e-17  2.6486331e-18 
    8704.43    1.867733e-17   2.626643e-18 
   8709.949   1.7808115e-17  2.5718724e-18 
   8715.468   1.6404565e-17  2.4977786e-18 
   8720.986   2.0029532e-17  2.4689273e-18 
   8726.505   1.1953412e-17  2.3708425e-18 
   8732.024    2.273548e-17  2.4900078e-18 
   8737.543     1.61592e-17  2.5015927e-18 
   8743.062    1.920669e-17  2.5663233e-18 
   8748.581   1.3935561e-17  2.6004623e-18 
     8754.1   2.4838268e-17  3.0397072e-18 
   8759.618   1.9027335e-17  3.6468404e-18 
   8765.137    9.946789e-18  3.8999105e-18 
   8770.656   2.8207878e-18  4.3322422e-18 
   8776.175    5.409155e-18   4.395722e-18 
   8781.693   1.3767643e-17  4.0773937e-18 
   8787.213   1.0549669e-17   3.761215e-18 
   8792.731   1.7496556e-17   3.294112e-18 
    8798.25   2.1255933e-17  2.9337147e-18 
   8803.769   1.0093493e-17  2.7469278e-18 
   8809.288   1.1701732e-17  2.5548346e-18 
   8814.807   1.4965365e-17  2.9597341e-18 
   8820.325   1.7456285e-17   3.908945e-18 
   8825.845   3.0575663e-17   4.634652e-18 
   8831.363    2.833087e-17   4.883517e-18 
   8836.882   1.4367361e-17  4.6633395e-18 
     8842.4   1.4870535e-17   4.007265e-18 
    8847.92   1.1600663e-17  3.4381094e-18 
   8853.438   1.9413319e-17  3.1473616e-18 
   8858.957   2.1576857e-17  3.2182682e-18 
   8864.476   1.3388367e-17  3.2102623e-18 
   8869.995   1.7711882e-17  3.1860179e-18 
   8875.514    9.180423e-18   3.400995e-18 
   8881.032  -2.8841559e-18  3.8898995e-18 
   8886.552    1.321886e-17   4.151635e-18 
    8892.07   2.0733175e-17  4.2364225e-18 
   8897.589   2.4539148e-17   4.161344e-18 
   8903.107   1.9022984e-17   3.564043e-18 
   8908.627   8.0860875e-18  3.6460554e-18 
  8914.1455  -3.7618867e-18   4.175616e-18 
   8919.664   8.4596365e-18  4.3493516e-18 
   8925.184   2.7506083e-17  4.4734064e-18 
   8930.702   1.3807825e-17  3.9967113e-18 
   8936.221    1.423917e-17  3.4547934e-18 
   8941.739   1.6517723e-17  3.2712059e-18 
   8947.259    7.798229e-18   3.552009e-18 
   8952.777    8.732853e-18   4.053138e-18 
   8958.296    2.420023e-17   4.259186e-18 
   8963.815    1.761843e-17   4.139879e-18 
   8969.334   1.8805146e-17   3.659447e-18 
   8974.853   1.0573233e-17   3.053859e-18 
   8980.371   6.5098126e-18  2.9506575e-18 
   8985.891    7.224996e-18  3.1552046e-18 
   8991.409   1.4694157e-17   3.558907e-18 
   8996.928   2.3651876e-17  3.8802794e-18 
   9002.447    1.796137e-17  3.7147122e-18 
   9007.966   1.6890873e-17   3.511138e-18 
   9013.484   1.8908904e-17  3.2434461e-18 
   9019.003    1.683414e-17  2.9228824e-18 
   9024.522    2.115163e-17  2.9177005e-18 
   9030.041   1.5008674e-17  3.0016389e-18 
    9035.56   1.1325691e-17   3.070071e-18 
   9041.079    9.687258e-18   3.208667e-18 
   9046.598   1.0370999e-18   3.284686e-18 
   9052.116   3.5060596e-18  3.2751031e-18 
   9057.635   1.1773423e-17  3.2652028e-18 
   9063.154    1.749095e-17  3.1280641e-18 
   9068.673   1.5494681e-17  2.9546676e-18 
   9074.191    1.453174e-17  2.8863254e-18 
   9079.711  1.30543345e-17  2.8666734e-18 
  9085.2295   4.9948466e-18  2.9046404e-18 
   9090.748    1.716954e-17   3.096328e-18 
   9096.267   1.7290055e-17  3.1899674e-18 
   9101.786  1.38086024e-17     3.1812e-18 
   9107.305     9.44251e-18  3.0817857e-18 
   9112.823    8.046777e-18  3.0182493e-18 
   9118.342   1.2052913e-17  2.9628708e-18 
   9123.861  1.38700876e-17  2.9331775e-18 
    9129.38   1.0248488e-17  2.8618892e-18 
   9134.898   1.1339258e-17   2.891922e-18 
   9140.418   8.0738916e-18  2.9500489e-18 
   9145.937   1.4745012e-17   3.053297e-18 
   9151.455   1.6343165e-17  3.2334507e-18 
   9156.974   1.5313676e-17   3.258934e-18 
   9162.493   1.5303702e-17  3.1826798e-18 
   9168.012   1.2778469e-17  3.1497013e-18 
    9173.53    1.728646e-17  3.1431858e-18 
    9179.05   1.9530538e-17  3.1544347e-18 
   9184.568   2.3357086e-17  3.2252103e-18 
   9190.087   2.6539168e-17   3.236576e-18 
   9195.605   1.6143037e-17   3.140587e-18 
   9201.125   1.7641931e-17   3.214747e-18 
   9206.644    1.376467e-17  3.2570596e-18 
   9212.162   1.1174134e-17  3.3242825e-18 
   9217.682   2.0199067e-17  3.4726713e-18 
     9223.2   1.7442923e-17   3.479526e-18 
   9228.719   1.2018644e-17  3.3867415e-18 
   9234.237   2.0711923e-17  3.4802706e-18 
   9239.757   1.9289058e-17  3.3881206e-18 
