# STATUS =
# OBJECT = OGLE15xl
# TELESCOPE = ESO-NTT
# INSTRUMENT = EFOSC2-NTT
# DATE-OBS = 2016-01-08 06:59:18.00
# MJD = 57395.29118059995
# EXPTIME = 2700
# AIRMASS = 1.889
# SLIT = 1.5
# DISPERSER = Free
# SOURCE = --
# FILTER =
# RESOLUTION =
# FLUX_STANDARD =
# EXTINCTION_CORRECTED = --
# PHOTOMETRY_CALIBRATED =
# TELLURIC_CORRECTED =
# FLUX_UNITS = Other
# WAVE_UNITS = Angstrom
# QUALITY = Low
# MIN_WAVE = 3645.38183594
# MAX_WAVE = 9241.0850811
# COMMENT = --
    Wavelength          Flux 
 3650.90028095   3.24706e-17 
 3656.41872597    2.7101e-17 
 3661.93717098   3.54419e-17 
   3667.455616   2.45703e-17 
 3672.97406101   1.32492e-17 
 3678.49250603   6.57016e-18 
 3684.01095104    2.7194e-17 
 3689.52939606   1.12054e-17 
 3695.04784107   1.95053e-17 
 3700.56628609   8.17075e-18 
  3706.0847311   2.24509e-17 
 3711.60317612   5.63356e-18 
 3717.12162113   8.62527e-18 
 3722.64006615   6.95989e-18 
 3728.15851116   1.86952e-17 
 3733.67695618   2.90136e-17 
 3739.19540119   1.80073e-17 
 3744.71384621   2.09293e-17 
 3750.23229122   2.08448e-17 
 3755.75073624   2.14584e-17 
 3761.26918125   1.47712e-17 
 3766.78762627   3.41424e-17 
 3772.30607128   1.58754e-17 
  3777.8245163   3.28298e-17 
 3783.34296131   2.17197e-17 
 3788.86140633   2.04712e-17 
 3794.37985134   2.69241e-17 
 3799.89829636       2.2e-17 
 3805.41674137   2.49268e-17 
 3810.93518639   2.40273e-17 
  3816.4536314   1.81261e-17 
 3821.97207642   1.66046e-17 
 3827.49052143   1.80446e-17 
 3833.00896645   2.46338e-17 
 3838.52741146   2.58558e-17 
 3844.04585648   2.83215e-17 
 3849.56430149   2.38129e-17 
 3855.08274651   2.32988e-17 
 3860.60119152   7.56553e-18 
 3866.11963654   2.21112e-17 
 3871.63808155   2.96208e-17 
 3877.15652657   2.61903e-17 
 3882.67497158   2.00478e-17 
  3888.1934166    2.2248e-17 
 3893.71186161   3.11084e-17 
 3899.23030663   1.75992e-17 
 3904.74875164   2.40751e-17 
 3910.26719666    2.4463e-17 
 3915.78564167   1.96218e-17 
 3921.30408669   2.81927e-17 
  3926.8225317    1.9332e-17 
 3932.34097672   2.08077e-17 
 3937.85942173   2.25813e-17 
 3943.37786674   2.52183e-17 
 3948.89631176   2.90944e-17 
 3954.41475677   3.24189e-17 
 3959.93320179   3.00202e-17 
  3965.4516468    1.7907e-17 
 3970.97009182   1.89678e-17 
 3976.48853683   2.02833e-17 
 3982.00698185   2.45373e-17 
 3987.52542686   2.43022e-17 
 3993.04387188   3.09175e-17 
 3998.56231689   2.22817e-17 
 4004.08076191   2.53682e-17 
 4009.59920692   2.12626e-17 
 4015.11765194   2.14094e-17 
 4020.63609695   2.40046e-17 
 4026.15454197   2.46031e-17 
 4031.67298698   2.13042e-17 
   4037.191432   2.57506e-17 
 4042.70987701   3.18159e-17 
 4048.22832203   3.08912e-17 
 4053.74676704   2.08304e-17 
 4059.26521206   2.61067e-17 
 4064.78365707   2.67904e-17 
 4070.30210209   2.33617e-17 
  4075.8205471   2.58874e-17 
 4081.33899212   3.07421e-17 
 4086.85743713   3.16114e-17 
 4092.37588215   3.71744e-17 
 4097.89432716   2.99914e-17 
 4103.41277218   4.69488e-17 
 4108.93121719   3.16692e-17 
 4114.44966221   4.55485e-17 
 4119.96810722    4.3894e-17 
 4125.48655224   2.82628e-17 
 4131.00499725   3.12531e-17 
 4136.52344227   2.24928e-17 
 4142.04188728   2.53472e-17 
  4147.5603323   2.91936e-17 
 4153.07877731   2.89608e-17 
 4158.59722233   3.25218e-17 
 4164.11566734   4.28316e-17 
 4169.63411236   3.04375e-17 
 4175.15255737   3.10417e-17 
 4180.67100239   3.51908e-17 
  4186.1894474   3.30302e-17 
 4191.70789242   3.32218e-17 
 4197.22633743   2.83076e-17 
 4202.74478245   3.48183e-17 
 4208.26322746   3.43753e-17 
 4213.78167248   3.10781e-17 
 4219.30011749   3.01243e-17 
 4224.81856251   2.30624e-17 
 4230.33700752   3.09163e-17 
 4235.85545254   2.65678e-17 
 4241.37389755   3.11966e-17 
 4246.89234257   2.79968e-17 
 4252.41078758   3.29123e-17 
  4257.9292326   3.38283e-17 
 4263.44767761   2.55725e-17 
 4268.96612263   3.35764e-17 
 4274.48456764   3.21535e-17 
 4280.00301266   4.45122e-17 
 4285.52145767   2.71273e-17 
 4291.03990269   1.28239e-17 
  4296.5583477   1.15567e-17 
 4302.07679272   2.67117e-17 
 4307.59523773   2.55496e-17 
 4313.11368275   2.74393e-17 
 4318.63212776    1.9544e-17 
 4324.15057278   2.52881e-17 
 4329.66901779   3.18788e-17 
 4335.18746281   2.36083e-17 
 4340.70590782   2.42126e-17 
 4346.22435284   3.17435e-17 
 4351.74279785   2.90983e-17 
 4357.26124287   2.68013e-17 
 4362.77968788   2.99791e-17 
  4368.2981329    3.3839e-17 
 4373.81657791    2.8628e-17 
 4379.33502293   2.67196e-17 
 4384.85346794    2.4703e-17 
 4390.37191296   3.15298e-17 
 4395.89035797   3.57869e-17 
 4401.40880299   2.78688e-17 
   4406.927248   3.25458e-17 
 4412.44569302    2.8426e-17 
 4417.96413803   2.91768e-17 
 4423.48258305   2.87968e-17 
 4429.00102806   1.90946e-17 
 4434.51947308   1.79943e-17 
 4440.03791809   1.66346e-18 
 4445.55636311   1.99811e-17 
 4451.07480812   3.77776e-17 
 4456.59325314   3.49759e-17 
 4462.11169815   3.25664e-17 
 4467.63014317   4.31298e-17 
 4473.14858818   4.23946e-17 
  4478.6670332   4.25985e-17 
 4484.18547821   3.39756e-17 
 4489.70392323   3.08123e-17 
 4495.22236824    2.6325e-17 
 4500.74081326   2.43849e-17 
 4506.25925827   2.57288e-17 
 4511.77770329   2.40774e-17 
  4517.2961483   2.54158e-17 
 4522.81459332   2.63037e-17 
 4528.33303833   2.80959e-17 
 4533.85148335   2.74561e-17 
 4539.36992836   2.47729e-17 
 4544.88837337   2.17901e-17 
 4550.40681839    2.8327e-17 
  4555.9252634   2.26002e-17 
 4561.44370842   2.91497e-17 
 4566.96215343   2.77704e-17 
 4572.48059845   2.05174e-17 
 4577.99904346   2.57055e-17 
 4583.51748848   3.13098e-17 
 4589.03593349   2.58355e-17 
 4594.55437851   1.95984e-17 
 4600.07282352   2.39802e-17 
 4605.59126854    2.6668e-17 
 4611.10971355   3.01636e-17 
 4616.62815857   3.18263e-17 
 4622.14660358   3.50425e-17 
  4627.6650486   2.95114e-17 
 4633.18349361   3.15973e-17 
 4638.70193863   4.78493e-17 
 4644.22038364  -4.42951e-17 
 4649.73882866   3.80261e-18 
 4655.25727367   3.41348e-17 
 4660.77571869   3.05084e-17 
  4666.2941637   3.23275e-17 
 4671.81260872   3.69627e-17 
 4677.33105373   4.20866e-17 
 4682.84949875   3.60304e-17 
 4688.36794376   4.17729e-17 
 4693.88638878   3.57442e-17 
 4699.40483379   3.91316e-17 
 4704.92327881   3.80146e-17 
 4710.44172382     3.486e-17 
 4715.96016884   3.92734e-17 
 4721.47861385   3.22385e-17 
 4726.99705887   3.46019e-17 
 4732.51550388   4.38474e-17 
  4738.0339489   3.99788e-17 
 4743.55239391   3.72613e-17 
 4749.07083893   3.75212e-17 
 4754.58928394   3.37754e-17 
 4760.10772896   3.16296e-17 
 4765.62617397   3.94197e-17 
 4771.14461899   3.66105e-17 
   4776.663064   4.13524e-17 
 4782.18150902   4.15019e-17 
 4787.69995403    3.6068e-17 
 4793.21839905   3.71659e-17 
 4798.73684406   4.19192e-17 
 4804.25528908   3.63346e-17 
 4809.77373409   4.48861e-17 
 4815.29217911   4.67287e-17 
 4820.81062412   5.27647e-17 
 4826.32906914   5.05677e-17 
 4831.84751415   4.66487e-17 
 4837.36595917   3.43599e-17 
 4842.88440418   4.01868e-17 
  4848.4028492   4.20728e-17 
 4853.92129421   4.29369e-17 
 4859.43973923   4.03305e-17 
 4864.95818424   3.94517e-17 
 4870.47662926   3.63811e-17 
 4875.99507427   3.68532e-17 
 4881.51351929   3.70719e-17 
  4887.0319643   3.26129e-17 
 4892.55040932   3.95231e-17 
 4898.06885433   3.56914e-17 
 4903.58729935   3.08469e-17 
 4909.10574436   3.52836e-17 
 4914.62418938   3.89628e-17 
 4920.14263439   3.96665e-17 
 4925.66107941   3.43043e-17 
 4931.17952442   3.79239e-17 
 4936.69796944   3.67445e-17 
 4942.21641445   4.16049e-17 
 4947.73485947   4.01985e-17 
 4953.25330448    4.3743e-17 
  4958.7717495   3.50311e-17 
 4964.29019451   4.09188e-17 
 4969.80863953   3.61573e-17 
 4975.32708454   4.04033e-17 
 4980.84552956   3.89913e-17 
 4986.36397457   3.97078e-17 
 4991.88241959   4.05463e-17 
  4997.4008646   4.29499e-17 
 5002.91930962   4.29058e-17 
 5008.43775463   3.70794e-17 
 5013.95619965    3.0261e-17 
 5019.47464466   3.73035e-17 
 5024.99308968   3.95031e-17 
 5030.51153469   3.87017e-17 
 5036.02997971   3.79918e-17 
 5041.54842472   3.35062e-17 
 5047.06686974   3.42953e-17 
 5052.58531475   3.43525e-17 
 5058.10375977    3.8605e-17 
 5063.62220478   3.93445e-17 
  5069.1406498   3.70295e-17 
 5074.65909481   3.60693e-17 
 5080.17753983   3.68604e-17 
 5085.69598484   3.82162e-17 
 5091.21442986   4.30596e-17 
 5096.73287487   3.66629e-17 
 5102.25131989   4.09871e-17 
  5107.7697649   3.92609e-17 
 5113.28820992   3.30197e-17 
 5118.80665493    3.4171e-17 
 5124.32509995   3.55764e-17 
 5129.84354496   3.56111e-17 
 5135.36198997   3.84682e-17 
 5140.88043499   3.48395e-17 
    5146.39888   3.51985e-17 
 5151.91732502   3.59416e-17 
 5157.43577003   3.81486e-17 
 5162.95421505   3.70782e-17 
 5168.47266006   3.66992e-17 
 5173.99110508   3.47466e-17 
 5179.50955009   3.41307e-17 
 5185.02799511   2.92198e-17 
 5190.54644012   3.06284e-17 
 5196.06488514   3.94052e-17 
 5201.58333015   3.73647e-17 
 5207.10177517   3.07901e-17 
 5212.62022018   3.75173e-17 
  5218.1386652   3.29989e-17 
 5223.65711021   3.67536e-17 
 5229.17555523   4.07334e-17 
 5234.69400024   4.00409e-17 
 5240.21244526   3.85644e-17 
 5245.73089027   3.94533e-17 
 5251.24933529   3.43435e-17 
  5256.7677803   3.70038e-17 
 5262.28622532   3.45889e-17 
 5267.80467033   3.49263e-17 
 5273.32311535   3.16044e-17 
 5278.84156036   3.37335e-17 
 5284.36000538   3.27907e-17 
 5289.87845039   3.26737e-17 
 5295.39689541   3.92686e-17 
 5300.91534042   2.89094e-17 
 5306.43378544   3.58498e-17 
 5311.95223045   3.86129e-17 
 5317.47067547   3.58424e-17 
 5322.98912048   3.13427e-17 
  5328.5075655   3.24382e-17 
 5334.02601051   3.40584e-17 
 5339.54445553   3.92185e-17 
 5345.06290054   4.01078e-17 
 5350.58134556   3.89017e-17 
 5356.09979057   3.74584e-17 
 5361.61823559   2.69129e-17 
  5367.1366806   2.85652e-17 
 5372.65512562   3.61576e-17 
 5378.17357063   3.50715e-17 
 5383.69201565   3.80666e-17 
 5389.21046066    4.4681e-17 
 5394.72890568   3.90361e-17 
 5400.24735069   4.17873e-17 
 5405.76579571   4.07895e-17 
 5411.28424072   4.32949e-17 
 5416.80268574   3.90211e-17 
 5422.32113075   3.46777e-17 
 5427.83957577   3.43741e-17 
 5433.35802078   4.38237e-17 
  5438.8764658   3.55011e-17 
 5444.39491081   3.97932e-17 
 5449.91335583   3.86814e-17 
 5455.43180084   3.84458e-17 
 5460.95024586    3.9823e-17 
 5466.46869087   4.21152e-17 
 5471.98713589   4.11297e-17 
  5477.5055809   4.48898e-17 
 5483.02402592   4.08742e-17 
 5488.54247093    4.5557e-17 
 5494.06091595   4.30536e-17 
 5499.57936096   4.36361e-17 
 5505.09780598   3.46476e-17 
 5510.61625099   4.20422e-17 
 5516.13469601   4.05467e-17 
 5521.65314102   3.69869e-17 
 5527.17158604  -1.69328e-16 
 5532.69003105  -2.46471e-17 
 5538.20847607   4.42004e-17 
 5543.72692108   4.57574e-17 
  5549.2453661   3.86649e-17 
 5554.76381111   4.40069e-17 
 5560.28225613   5.04383e-17 
 5565.80070114   4.74662e-17 
 5571.31914616   5.05485e-17 
 5576.83759117   3.49005e-17 
 5582.35603619   3.07511e-17 
  5587.8744812   2.33906e-17 
 5593.39292622    3.6325e-17 
 5598.91137123   4.27438e-17 
 5604.42981625   4.00571e-17 
 5609.94826126   4.34248e-17 
 5615.46670628    4.0559e-17 
 5620.98515129   4.22343e-17 
 5626.50359631   4.11388e-17 
 5632.02204132   3.81583e-17 
 5637.54048634   4.46101e-17 
 5643.05893135   3.99218e-17 
 5648.57737637   4.22269e-17 
 5654.09582138   3.49455e-17 
  5659.6142664   3.82983e-17 
 5665.13271141   3.75765e-17 
 5670.65115643   3.43302e-17 
 5676.16960144   3.42345e-17 
 5681.68804646   3.58717e-17 
 5687.20649147   2.99476e-17 
 5692.72493649   3.72972e-17 
  5698.2433815   3.65879e-17 
 5703.76182652   3.48825e-17 
 5709.28027153   3.15808e-17 
 5714.79871655   3.26476e-17 
 5720.31716156   3.10268e-17 
 5725.83560658   4.20565e-17 
 5731.35405159   3.56375e-17 
  5736.8724966   3.54261e-17 
 5742.39094162   3.42794e-17 
 5747.90938663   3.02854e-17 
 5753.42783165   3.42678e-17 
 5758.94627666   3.92584e-17 
 5764.46472168   3.36064e-17 
 5769.98316669   3.33911e-17 
 5775.50161171   3.33853e-17 
 5781.02005672   3.24686e-17 
 5786.53850174   3.05798e-17 
 5792.05694675   3.09981e-17 
 5797.57539177   2.30768e-17 
 5803.09383678   3.22953e-17 
  5808.6122818   3.47371e-17 
 5814.13072681   3.56173e-17 
 5819.64917183   3.41114e-17 
 5825.16761684   3.41213e-17 
 5830.68606186   3.45912e-17 
 5836.20450687   3.14597e-17 
 5841.72295189   3.22976e-17 
  5847.2413969   3.60315e-17 
 5852.75984192   3.03786e-17 
 5858.27828693    3.5867e-17 
 5863.79673195   3.57855e-17 
 5869.31517696   3.19526e-17 
 5874.83362198    2.8668e-17 
 5880.35206699   3.05569e-17 
 5885.87051201   3.31368e-17 
 5891.38895702    3.0824e-17 
 5896.90740204   3.18089e-17 
 5902.42584705   3.70081e-17 
 5907.94429207   3.93473e-17 
 5913.46273708   3.77387e-17 
  5918.9811821     3.712e-17 
 5924.49962711   3.43304e-17 
 5930.01807213   3.48621e-17 
 5935.53651714   4.28426e-17 
 5941.05496216   3.82613e-17 
 5946.57340717   3.68836e-17 
 5952.09185219   3.55991e-17 
  5957.6102972   3.56706e-17 
 5963.12874222   3.75751e-17 
 5968.64718723   3.68267e-17 
 5974.16563225   4.03317e-17 
 5979.68407726   3.84018e-17 
 5985.20252228   3.47071e-17 
 5990.72096729    3.9443e-17 
 5996.23941231   4.03716e-17 
 6001.75785732   3.44625e-17 
 6007.27630234   3.49345e-17 
 6012.79474735   3.15789e-17 
 6018.31319237   3.24513e-17 
 6023.83163738   2.98167e-17 
  6029.3500824   3.27715e-17 
 6034.86852741   3.01546e-17 
 6040.38697243   3.44556e-17 
 6045.90541744   3.27765e-17 
 6051.42386246   2.87902e-17 
 6056.94230747   3.41767e-17 
 6062.46075249   2.72904e-17 
  6067.9791975   2.64404e-17 
 6073.49764252   3.14901e-17 
 6079.01608753   2.92775e-17 
 6084.53453255   3.87157e-17 
 6090.05297756   3.37117e-17 
 6095.57142258    3.2533e-17 
 6101.08986759   3.08872e-17 
 6106.60831261   3.10797e-17 
 6112.12675762   2.83558e-17 
 6117.64520264   3.76333e-17 
 6123.16364765    3.0999e-17 
 6128.68209267   3.40258e-17 
 6134.20053768   2.79612e-17 
  6139.7189827   3.34526e-17 
 6145.23742771   3.47814e-17 
 6150.75587273   3.29634e-17 
 6156.27431774   3.21936e-17 
 6161.79276276   3.42897e-17 
 6167.31120777   3.18123e-17 
 6172.82965279   3.23059e-17 
  6178.3480978   3.36736e-17 
 6183.86654282    3.4032e-17 
 6189.38498783   3.44555e-17 
 6194.90343285   3.09311e-17 
 6200.42187786   3.34612e-17 
 6205.94032288   3.05498e-17 
 6211.45876789   3.28621e-17 
 6216.97721291   3.48274e-17 
 6222.49565792    3.4655e-17 
 6228.01410294   3.15085e-17 
 6233.53254795   3.08054e-17 
 6239.05099297   3.87751e-17 
 6244.56943798   3.77436e-17 
   6250.087883   3.33945e-17 
 6255.60632801   3.55959e-17 
 6261.12477303   3.12648e-17 
 6266.64321804   3.47075e-17 
 6272.16166306  -5.77782e-17 
 6277.68010807  -7.47539e-17 
 6283.19855309   3.92646e-17 
  6288.7169981   1.09899e-17 
 6294.23544312   3.90295e-17 
 6299.75388813   3.95017e-17 
 6305.27233315   3.43364e-17 
 6310.79077816    2.6545e-17 
 6316.30922318   2.97609e-17 
 6321.82766819   3.93402e-17 
  6327.3461132   3.36363e-17 
 6332.86455822   3.88731e-17 
 6338.38300323    3.6244e-17 
 6343.90144825   3.69499e-17 
 6349.41989326   3.68965e-17 
 6354.93833828   3.76557e-17 
 6360.45678329   3.22239e-17 
 6365.97522831   3.78619e-17 
 6371.49367332   3.45578e-17 
 6377.01211834   3.55349e-17 
 6382.53056335   3.86413e-17 
 6388.04900837   3.72337e-17 
 6393.56745338   3.74371e-17 
  6399.0858984   3.84288e-17 
 6404.60434341   3.55711e-17 
 6410.12278843   3.87937e-17 
 6415.64123344    3.5265e-17 
 6421.15967846   3.73847e-17 
 6426.67812347   3.85151e-17 
 6432.19656849   3.55047e-17 
  6437.7150135   3.13736e-17 
 6443.23345852    3.7628e-17 
 6448.75190353   3.66034e-17 
 6454.27034855   3.66446e-17 
 6459.78879356   3.51057e-17 
 6465.30723858   2.88001e-17 
 6470.82568359    2.9708e-17 
 6476.34412861   3.30627e-17 
 6481.86257362   3.36264e-17 
 6487.38101864   3.26106e-17 
 6492.89946365   3.38877e-17 
 6498.41790867   3.10402e-17 
 6503.93635368   3.74939e-17 
  6509.4547987   3.59766e-17 
 6514.97324371   3.68748e-17 
 6520.49168873   3.69323e-17 
 6526.01013374   3.44756e-17 
 6531.52857876   3.26619e-17 
 6537.04702377    3.4859e-17 
 6542.56546879   3.18179e-17 
  6548.0839138    3.1568e-17 
 6553.60235882    3.1022e-17 
 6559.12080383   3.36554e-17 
 6564.63924885    3.6167e-17 
 6570.15769386   3.50673e-17 
 6575.67613888   3.52025e-17 
 6581.19458389   3.78667e-17 
 6586.71302891   3.54794e-17 
 6592.23147392   3.09634e-17 
 6597.74991894   3.05881e-17 
 6603.26836395   3.50697e-17 
 6608.78680897   3.33512e-17 
 6614.30525398   3.62534e-17 
   6619.823699   3.85269e-17 
 6625.34214401   3.47096e-17 
 6630.86058903   3.33017e-17 
 6636.37903404   3.56627e-17 
 6641.89747906   3.76943e-17 
 6647.41592407   3.66401e-17 
 6652.93436909    3.4058e-17 
  6658.4528141    3.5375e-17 
 6663.97125912    3.3122e-17 
 6669.48970413   3.49492e-17 
 6675.00814915   3.81534e-17 
 6680.52659416   3.38987e-17 
 6686.04503918   3.07314e-17 
 6691.56348419    3.2591e-17 
 6697.08192921   3.15822e-17 
 6702.60037422   3.09932e-17 
 6708.11881924   3.33634e-17 
 6713.63726425   2.89613e-17 
 6719.15570927   3.16657e-17 
 6724.67415428   3.35024e-17 
  6730.1925993   3.15339e-17 
 6735.71104431    2.4512e-17 
 6741.22948933   2.64557e-17 
 6746.74793434   3.19973e-17 
 6752.26637936    3.4666e-17 
 6757.78482437   3.14482e-17 
 6763.30326939   3.26536e-17 
  6768.8217144   3.18314e-17 
 6774.34015942   2.76944e-17 
 6779.85860443   3.71004e-17 
 6785.37704945   3.17812e-17 
 6790.89549446   3.03527e-17 
 6796.41393948   2.57454e-17 
 6801.93238449     3.023e-17 
 6807.45082951   3.11554e-17 
 6812.96927452   2.76318e-17 
 6818.48771954   2.89499e-17 
 6824.00616455   2.95056e-17 
 6829.52460957   2.86222e-17 
 6835.04305458   2.91238e-17 
  6840.5614996    2.6907e-17 
 6846.07994461   2.64049e-17 
 6851.59838963   2.77934e-17 
 6857.11683464   2.74363e-17 
 6862.63527966   2.45753e-17 
 6868.15372467    2.2273e-17 
 6873.67216969   2.34802e-17 
  6879.1906147   1.38327e-17 
 6884.70905972   1.80143e-17 
 6890.22750473   2.50947e-17 
 6895.74594975   2.16788e-17 
 6901.26439476   1.96169e-17 
 6906.78283978   2.58756e-17 
 6912.30128479    2.4897e-17 
  6917.8197298   2.75522e-17 
 6923.33817482   3.02148e-17 
 6928.85661983    2.8519e-17 
 6934.37506485   2.67202e-17 
 6939.89350986   2.51514e-17 
 6945.41195488   3.27402e-17 
 6950.93039989   3.24289e-17 
 6956.44884491   2.99646e-17 
 6961.96728992   3.10005e-17 
 6967.48573494   3.07986e-17 
 6973.00417995   2.44556e-17 
 6978.52262497   2.92269e-17 
 6984.04106998    3.2492e-17 
   6989.559515   3.32317e-17 
 6995.07796001    3.3473e-17 
 7000.59640503   3.40533e-17 
 7006.11485004   3.13313e-17 
 7011.63329506   2.63327e-17 
 7017.15174007   2.51186e-17 
 7022.67018509   3.03075e-17 
  7028.1886301   3.07018e-17 
 7033.70707512   2.85531e-17 
 7039.22552013   2.48304e-17 
 7044.74396515    2.5454e-17 
 7050.26241016   3.01774e-17 
 7055.78085518   2.98971e-17 
 7061.29930019   3.03424e-17 
 7066.81774521   2.80641e-17 
 7072.33619022   3.48833e-17 
 7077.85463524   3.38505e-17 
 7083.37308025   3.48718e-17 
 7088.89152527   3.23173e-17 
 7094.40997028   2.96553e-17 
  7099.9284153   3.31788e-17 
 7105.44686031   2.82191e-17 
 7110.96530533   3.21726e-17 
 7116.48375034   3.25715e-17 
 7122.00219536   3.04601e-17 
 7127.52064037   3.04127e-17 
 7133.03908539   2.93109e-17 
  7138.5575304   3.00774e-17 
 7144.07597542   3.07864e-17 
 7149.59442043   3.01673e-17 
 7155.11286545   2.94843e-17 
 7160.63131046   3.04233e-17 
 7166.14975548    2.4352e-17 
 7171.66820049   2.21387e-17 
 7177.18664551    2.7774e-17 
 7182.70509052   2.57409e-17 
 7188.22353554    2.6868e-17 
 7193.74198055   2.69486e-17 
 7199.26042557   2.43464e-17 
 7204.77887058   2.71182e-17 
  7210.2973156   2.70869e-17 
 7215.81576061   2.18249e-17 
 7221.33420563    2.8007e-17 
 7226.85265064   2.46793e-17 
 7232.37109566   2.42988e-17 
 7237.88954067   2.13357e-17 
 7243.40798569   2.47444e-17 
  7248.9264307   2.72263e-17 
 7254.44487572    2.4054e-17 
 7259.96332073   2.93489e-17 
 7265.48176575   2.55633e-17 
 7271.00021076    2.8382e-17 
 7276.51865578   3.39326e-17 
 7282.03710079   3.08362e-17 
 7287.55554581   2.38975e-17 
 7293.07399082    2.2827e-17 
 7298.59243584   2.70202e-17 
 7304.11088085   2.78104e-17 
 7309.62932587   2.55985e-17 
 7315.14777088   2.80213e-17 
  7320.6662159   2.10589e-17 
 7326.18466091     1.999e-17 
 7331.70310593   2.68379e-17 
 7337.22155094   3.04329e-17 
 7342.73999596   2.73695e-17 
 7348.25844097   2.59642e-17 
 7353.77688599   2.93889e-17 
   7359.295331   2.85178e-17 
 7364.81377602   3.05235e-17 
 7370.33222103   2.85935e-17 
 7375.85066605   2.48847e-17 
 7381.36911106   3.46965e-17 
 7386.88755608   2.87756e-17 
 7392.40600109   2.32101e-17 
 7397.92444611   2.90014e-17 
 7403.44289112   2.66208e-17 
 7408.96133614   2.63951e-17 
 7414.47978115   3.10921e-17 
 7419.99822617    2.5325e-17 
 7425.51667118   2.92222e-17 
  7431.0351162   2.93031e-17 
 7436.55356121    2.7742e-17 
 7442.07200623   2.85579e-17 
 7447.59045124   2.70405e-17 
 7453.10889626    2.5179e-17 
 7458.62734127   2.87679e-17 
 7464.14578629   2.51454e-17 
  7469.6642313   2.18735e-17 
 7475.18267632   3.18279e-17 
 7480.70112133    3.3952e-17 
 7486.21956635   3.33745e-17 
 7491.73801136   2.93592e-17 
 7497.25645638   2.74735e-17 
 7502.77490139    2.2721e-17 
 7508.29334641   2.90526e-17 
 7513.81179142   2.66115e-17 
 7519.33023643    2.1553e-17 
 7524.84868145    2.9083e-17 
 7530.36712646   3.08349e-17 
 7535.88557148   2.97428e-17 
 7541.40401649   2.02777e-17 
 7546.92246151  -3.02384e-18 
 7552.44090652   2.22066e-17 
 7557.95935154    3.2919e-17 
 7563.47779655   2.47213e-17 
 7568.99624157   2.03452e-17 
 7574.51468658   2.56465e-17 
  7580.0331316   2.15064e-17 
 7585.55157661   2.01451e-17 
 7591.07002163   2.42137e-17 
 7596.58846664   1.76771e-17 
 7602.10691166   1.46234e-17 
 7607.62535667   1.57188e-17 
 7613.14380169   1.08773e-17 
  7618.6622467   1.07659e-17 
 7624.18069172    9.3062e-18 
 7629.69913673   1.37429e-17 
 7635.21758175     1.534e-17 
 7640.73602676   1.56875e-17 
 7646.25447178   3.07167e-18 
 7651.77291679  -1.38104e-16 
 7657.29136181  -5.08103e-17 
 7662.80980682   6.57591e-18 
 7668.32825184   1.66233e-17 
 7673.84669685   2.91348e-17 
 7679.36514187   2.35982e-17 
 7684.88358688    2.6171e-17 
  7690.4020319   3.29221e-17 
 7695.92047691   2.40109e-17 
 7701.43892193   2.80845e-17 
 7706.95736694   3.36169e-17 
 7712.47581196   3.55608e-17 
 7717.99425697   2.81236e-17 
 7723.51270199   2.84658e-17 
   7729.031147   3.31125e-17 
 7734.54959202   2.51354e-17 
 7740.06803703   2.88617e-17 
 7745.58648205   3.48352e-17 
 7751.10492706   2.65209e-17 
 7756.62337208   2.18653e-17 
 7762.14181709   2.69588e-17 
 7767.66026211   2.97726e-17 
 7773.17870712   1.88603e-17 
 7778.69715214   2.36441e-17 
 7784.21559715    2.8035e-17 
 7789.73404217   2.41086e-17 
 7795.25248718   3.03568e-17 
  7800.7709322   3.24617e-17 
 7806.28937721   3.15666e-17 
 7811.80782223   2.53272e-17 
 7817.32626724   2.82206e-17 
 7822.84471226   2.55212e-17 
 7828.36315727   2.59388e-17 
 7833.88160229    2.6357e-17 
  7839.4000473   2.91948e-17 
 7844.91849232   3.66093e-17 
 7850.43693733   3.85543e-17 
 7855.95538235   3.89534e-17 
 7861.47382736   4.81478e-17 
 7866.99227238   4.56626e-17 
 7872.51071739   3.91998e-17 
 7878.02916241   3.52402e-17 
 7883.54760742   2.61084e-17 
 7889.06605244   2.52792e-17 
 7894.58449745   2.76783e-17 
 7900.10294247   2.64687e-17 
 7905.62138748   1.45446e-17 
  7911.1398325   2.33111e-17 
 7916.65827751   1.86317e-17 
 7922.17672253   1.83733e-17 
 7927.69516754   2.38583e-17 
 7933.21361256   2.34424e-17 
 7938.73205757   3.10763e-17 
 7944.25050259    3.1677e-17 
  7949.7689476   2.76373e-17 
 7955.28739262   2.75604e-17 
 7960.80583763   2.65788e-17 
 7966.32428265   2.82906e-17 
 7971.84272766   2.45065e-17 
 7977.36117268   2.08162e-17 
 7982.87961769   1.88711e-17 
 7988.39806271   3.05266e-17 
 7993.91650772   2.91699e-17 
 7999.43495274   2.90164e-17 
 8004.95339775   3.09148e-17 
 8010.47184277   2.66295e-17 
 8015.99028778   2.50225e-17 
  8021.5087328   1.96946e-17 
 8027.02717781   2.14666e-17 
 8032.54562283   2.59655e-17 
 8038.06406784   2.50836e-17 
 8043.58251286   2.92443e-17 
 8049.10095787   2.86883e-17 
 8054.61940289   3.03441e-17 
  8060.1378479   3.38022e-17 
 8065.65629292   2.29717e-17 
 8071.17473793   2.76492e-17 
 8076.69318295   2.53691e-17 
 8082.21162796   1.99016e-17 
 8087.73007298   2.40798e-17 
 8093.24851799   2.23348e-17 
 8098.76696301   2.37527e-17 
 8104.28540802   2.16011e-17 
 8109.80385303   3.04205e-17 
 8115.32229805   2.85156e-17 
 8120.84074306   2.33985e-17 
 8126.35918808   2.71209e-17 
 8131.87763309   2.55512e-17 
 8137.39607811   2.61885e-17 
 8142.91452312   2.13461e-17 
 8148.43296814   1.89819e-17 
 8153.95141315   1.95106e-17 
 8159.46985817   2.15378e-17 
 8164.98830318   2.03788e-17 
  8170.5067482   1.58442e-17 
 8176.02519321   1.73121e-17 
 8181.54363823   2.05417e-17 
 8187.06208324   2.09313e-17 
 8192.58052826    2.4888e-17 
 8198.09897327   2.83053e-17 
 8203.61741829   1.83279e-17 
  8209.1358633   1.81024e-17 
 8214.65430832   1.95639e-17 
 8220.17275333   2.26522e-17 
 8225.69119835    2.4155e-17 
 8231.20964336   1.10692e-17 
 8236.72808838   1.64144e-17 
 8242.24653339   1.78445e-17 
 8247.76497841   2.91302e-17 
 8253.28342342   1.71302e-17 
 8258.80186844   1.56805e-17 
 8264.32031345    1.9942e-17 
 8269.83875847   2.54667e-17 
 8275.35720348   2.62742e-17 
  8280.8756485   2.17206e-17 
 8286.39409351   2.81339e-17 
 8291.91253853   3.11751e-17 
 8297.43098354   3.43615e-17 
 8302.94942856   2.65443e-17 
 8308.46787357   1.57573e-17 
 8313.98631859   2.41143e-17 
  8319.5047636   2.28812e-17 
 8325.02320862   1.61168e-17 
 8330.54165363   2.21642e-17 
 8336.06009865   1.92307e-17 
 8341.57854366   1.92745e-17 
 8347.09698868   1.46314e-17 
 8352.61543369   4.97204e-19 
 8358.13387871   1.75428e-17 
 8363.65232372   1.95115e-17 
 8369.17076874    2.0341e-17 
 8374.68921375   1.62565e-17 
 8380.20765877   1.76388e-17 
 8385.72610378   1.99454e-17 
  8391.2445488   3.66102e-18 
 8396.76299381   1.47915e-17 
 8402.28143883   9.74925e-18 
 8407.79988384   4.23549e-17 
 8413.31832886   9.49751e-17 
 8418.83677387   1.15749e-15 
 8424.35521889   6.89768e-16 
  8429.8736639  -4.71366e-17 
 8435.39210892   3.86143e-17 
 8440.91055393   9.12503e-18 
 8446.42899895   2.75133e-17 
 8451.94744396   1.25906e-17 
 8457.46588898   1.28407e-17 
 8462.98433399   1.27703e-17 
 8468.50277901   1.09466e-17 
 8474.02122402   4.70204e-18 
 8479.53966904   1.53606e-17 
 8485.05811405   1.94703e-17 
 8490.57655907    2.1969e-17 
 8496.09500408   1.48988e-17 
  8501.6134491   1.59324e-17 
 8507.13189411   1.76004e-17 
 8512.65033913    1.3841e-17 
 8518.16878414   2.28675e-17 
 8523.68722916   2.67443e-17 
 8529.20567417   2.55545e-17 
 8534.72411919    2.6628e-17 
  8540.2425642   2.52273e-17 
 8545.76100922   2.52791e-17 
 8551.27945423   2.83089e-17 
 8556.79789925   2.36666e-17 
 8562.31634426   2.96822e-17 
 8567.83478928   2.40427e-17 
 8573.35323429   2.22605e-17 
 8578.87167931   2.25073e-17 
 8584.39012432   2.33277e-17 
 8589.90856934   1.82107e-17 
 8595.42701435   1.90149e-17 
 8600.94545937    3.1735e-17 
 8606.46390438   2.37118e-17 
  8611.9823494   1.35542e-17 
 8617.50079441    2.4261e-17 
 8623.01923943    2.2358e-17 
 8628.53768444    1.5595e-17 
 8634.05612946   2.68467e-17 
 8639.57457447   2.31295e-17 
 8645.09301949   2.54493e-17 
  8650.6114645   1.42099e-17 
 8656.12990952   1.31848e-17 
 8661.64835453   2.51682e-17 
 8667.16679955    7.6556e-18 
 8672.68524456   2.09608e-17 
 8678.20368958   2.85778e-17 
 8683.72213459   2.74812e-17 
 8689.24057961    3.3429e-17 
 8694.75902462   3.32236e-17 
 8700.27746964   2.91705e-17 
 8705.79591465   3.36013e-17 
 8711.31435966   2.77417e-17 
 8716.83280468   3.14698e-17 
 8722.35124969   4.12335e-17 
 8727.86969471    2.8001e-17 
 8733.38813972    3.1251e-17 
 8738.90658474   2.77063e-17 
 8744.42502975   1.37673e-17 
 8749.94347477   2.87194e-17 
 8755.46191978   2.07707e-17 
  8760.9803648   1.72428e-17 
 8766.49880981   1.53982e-17 
 8772.01725483   6.50373e-18 
 8777.53569984    2.3559e-17 
 8783.05414486   2.12769e-17 
 8788.57258987   2.16656e-17 
 8794.09103489   3.09268e-17 
  8799.6094799   2.00484e-17 
 8805.12792492   2.17889e-17 
 8810.64636993     3.935e-17 
 8816.16481495   2.34425e-17 
 8821.68325996   4.89717e-17 
 8827.20170498   4.03103e-17 
 8832.72014999   2.89088e-17 
 8838.23859501   4.89871e-17 
 8843.75704002   3.31701e-17 
 8849.27548504    2.6416e-17 
 8854.79393005   2.28702e-17 
 8860.31237507   2.24537e-17 
 8865.83082008    1.2388e-17 
  8871.3492651   5.15308e-18 
 8876.86771011   1.48593e-17 
 8882.38615513   2.59769e-17 
 8887.90460014   1.88029e-17 
 8893.42304516   3.19032e-17 
 8898.94149017    3.1701e-17 
 8904.45993519   1.33964e-17 
  8909.9783802   2.59058e-17 
 8915.49682522   2.63341e-17 
 8921.01527023   1.39631e-17 
 8926.53371525   2.07951e-17 
 8932.05216026   3.01804e-17 
 8937.57060528   2.89172e-17 
 8943.08905029   1.50761e-17 
 8948.60749531   1.96028e-17 
 8954.12594032   2.42317e-17 
 8959.64438534   1.99862e-17 
 8965.16283035   2.42664e-17 
 8970.68127537   1.53113e-17 
 8976.19972038   1.44224e-17 
  8981.7181654    1.8161e-17 
 8987.23661041   1.88143e-17 
 8992.75505543   2.18664e-17 
 8998.27350044   1.88198e-17 
 9003.79194546   2.13472e-17 
 9009.31039047   2.39951e-17 
 9014.82883549   1.71546e-17 
  9020.3472805   2.20812e-17 
 9025.86572552   6.20296e-18 
 9031.38417053   2.74548e-17 
 9036.90261555   1.87358e-17 
 9042.42106056   3.26761e-17 
 9047.93950558    2.2849e-17 
 9053.45795059   1.92058e-17 
 9058.97639561   2.01875e-17 
 9064.49484062   2.50766e-17 
 9070.01328564   2.03643e-17 
 9075.53173065   2.23723e-17 
 9081.05017567    1.4296e-17 
 9086.56862068    6.5506e-18 
  9092.0870657   1.94044e-17 
 9097.60551071   2.02345e-17 
 9103.12395573   3.00032e-17 
 9108.64240074  -1.21917e-18 
 9114.16084576   4.30258e-18 
 9119.67929077    2.1172e-17 
 9125.19773579   1.73546e-17 
  9130.7161808   2.04054e-17 
 9136.23462582    2.0086e-17 
 9141.75307083   1.93541e-17 
 9147.27151585   7.22595e-18 
 9152.78996086    1.1146e-17 
 9158.30840588   1.71291e-17 
 9163.82685089    1.4213e-17 
 9169.34529591   1.35771e-17 
 9174.86374092   1.10925e-17 
 9180.38218594   1.69265e-17 
 9185.90063095   3.13609e-17 
 9191.41907597   2.73088e-17 
 9196.93752098   1.68355e-17 
   9202.455966   8.83014e-18 
 9207.97441101   1.29158e-17 
 9213.49285603   2.84312e-17 
 9219.01130104   2.39542e-17 
 9224.52974606   1.65048e-17 
 9230.04819107   6.78434e-18 
 9235.56663609   2.40677e-17 
  9241.0850811   1.94051e-17 
