# STATUS =
# OBJECT = OGLE15xl
# TELESCOPE = ESO-NTT
# INSTRUMENT = EFOSC2-NTT
# DATE-OBS = 2016-04-12 23:33:46.00
# MJD = 57490.98178240005
# EXPTIME = 2700
# AIRMASS = --
# SLIT = --
# DISPERSER = --
# SOURCE = --
# FILTER =
# RESOLUTION =
# FLUX_STANDARD =
# EXTINCTION_CORRECTED = --
# PHOTOMETRY_CALIBRATED =
# TELLURIC_CORRECTED =
# FLUX_UNITS = erg cm(-2) sec(-1) Ang(-1)
# WAVE_UNITS = Angstrom
# QUALITY = --
# MIN_WAVE = 3648.5242
# MAX_WAVE = 9244.427
# COMMENT = Released as part of DR3
 Wavelength             Flux           Error 
  3648.5242     8.102775e-18    5.804745e-18 
  3654.0427    3.4379938e-18   5.9331184e-18 
  3659.5615    1.9305282e-17    6.129807e-18 
    3665.08    1.0049632e-17   6.1213652e-18 
  3670.5986    2.5081192e-17   6.1496747e-18 
  3676.1174     1.358786e-17   5.9473537e-18 
   3681.636   -2.1058913e-17    5.892064e-18 
  3687.1545    2.3122972e-17   5.9052345e-18 
  3692.6733     7.447728e-18   5.7251796e-18 
   3698.192    1.0425769e-17    5.757709e-18 
  3703.7107   -2.5492505e-18    5.570391e-18 
  3709.2292    1.5665192e-18   5.4589735e-18 
  3714.7478    -5.937004e-19   5.3306612e-18 
  3720.2666   -5.6273997e-19    5.231903e-18 
  3725.7852     9.036625e-18     5.20357e-18 
  3731.3037    -4.252918e-19   5.0760588e-18 
  3736.8225   1.12952025e-17   5.0917735e-18 
   3742.341    1.0052324e-17   5.0101565e-18 
  3747.8596   -3.3325362e-18   4.8411486e-18 
  3753.3784    1.2696788e-17    4.912657e-18 
   3758.897   -2.6693726e-18    4.808103e-18 
  3764.4155    2.0029288e-17   4.9563533e-18 
  3769.9343   -4.8855516e-18   4.8274455e-18 
   3775.453    1.2205092e-17    4.900521e-18 
  3780.9714     8.744771e-18   4.8473574e-18 
  3786.4902    3.0942577e-18    4.775098e-18 
  3792.0088    1.4043212e-17    4.783208e-18 
  3797.5276     8.565302e-18      4.7017e-18 
  3803.0461    1.9146483e-18    4.598719e-18 
  3808.5647    1.3887365e-17    4.651311e-18 
  3814.0835    1.3407668e-17   4.5947865e-18 
   3819.602    4.1235934e-18    4.458376e-18 
  3825.1206     9.170006e-18    4.399514e-18 
  3830.6394     3.181281e-18   4.3470637e-18 
   3836.158     4.702201e-18   4.3518522e-18 
  3841.6765   -6.1146957e-18   4.3399743e-18 
  3847.1953    1.6067342e-17     4.34719e-18 
  3852.7139     9.789755e-18   4.2371624e-18 
  3858.2324     7.394861e-18    4.194475e-18 
  3863.7512     8.611341e-18    4.185189e-18 
  3869.2698    1.4315204e-17   4.1263156e-18 
  3874.7883     7.206792e-18   4.0485263e-18 
  3880.3071    3.7443476e-18    4.070323e-18 
  3885.8257    1.3468528e-17    4.122017e-18 
  3891.3445    7.9468424e-18    4.160298e-18 
   3896.863     7.767182e-18    4.206463e-18 
  3902.3816    1.0550842e-17     4.32098e-18 
  3907.9004    -4.883014e-19    4.270751e-18 
   3913.419      8.63913e-18    4.216717e-18 
  3918.9375   -3.5139085e-19   4.0260444e-18 
  3924.4563     5.303627e-18    3.845722e-18 
  3929.9749    -2.488758e-18    3.687848e-18 
  3935.4934    5.1006355e-18   3.6146296e-18 
  3941.0122    3.3582668e-18     3.63691e-18 
  3946.5308    4.3104415e-18    3.687791e-18 
  3952.0493    6.0856873e-18    3.757833e-18 
   3957.568    2.3113356e-18   3.6871017e-18 
  3963.0867    -5.227408e-18    3.604933e-18 
  3968.6055    1.5844176e-17   3.6789213e-18 
   3974.124     9.247513e-18   3.6824915e-18 
  3979.6426    6.9202108e-18    3.748304e-18 
  3985.1614     6.127686e-18   3.8746108e-18 
    3990.68    1.3096814e-17     4.04925e-18 
  3996.1985    1.0106164e-17    4.098106e-18 
  4001.7173      6.25405e-18    4.151786e-18 
  4007.2358    1.1803545e-17    4.180104e-18 
  4012.7544    1.7270299e-17   4.2211825e-18 
  4018.2732    3.1047523e-17   4.3483388e-18 
  4023.7917    1.4387834e-17   4.3009322e-18 
  4029.3103    1.1437359e-17    4.643968e-18 
   4034.829    5.5562706e-18   4.1151458e-18 
  4040.3477     8.963625e-18   4.0965255e-18 
  4045.8662    1.2882596e-17    4.126125e-18 
   4051.385     9.635004e-18   4.0947864e-18 
  4056.9036    4.4126996e-18    4.057231e-18 
  4062.4224    1.2005335e-17   4.0525725e-18 
   4067.941     1.121448e-17   4.0443036e-18 
  4073.4595    1.5961641e-17   4.0316676e-18 
  4078.9783    1.6096407e-17    4.057631e-18 
  4084.4968    1.2024301e-17   4.0234388e-18 
  4090.0154    4.3093618e-19    3.895869e-18 
  4095.5342    6.2340835e-18    3.904471e-18 
  4101.0527    1.2823312e-17    3.917653e-18 
  4106.5713    3.2710764e-18   3.8036225e-18 
    4112.09     6.562572e-18   3.8409826e-18 
   4117.609    1.2727283e-17    3.887512e-18 
  4123.1274    1.0301612e-17   3.8701217e-18 
   4128.646    1.4498835e-17   3.8830964e-18 
  4134.1646    2.3813781e-18     4.03587e-18 
   4139.683     7.762896e-18   3.8541178e-18 
  4145.2017    1.7612214e-17   3.8583273e-18 
  4150.7207    1.3113098e-17    3.866433e-18 
  4156.2393   1.07494776e-17    3.870648e-18 
   4161.758    1.1967068e-17   3.8613643e-18 
  4167.2764    5.2937946e-18   3.8369947e-18 
   4172.795    9.3280835e-18   3.8360244e-18 
  4178.3135    6.2429467e-18    3.789071e-18 
  4183.8325      4.76931e-18   3.7245987e-18 
   4189.351     7.926476e-18   3.6928316e-18 
  4194.8696    1.2543295e-17   3.6703278e-18 
   4200.388    1.2621943e-17   3.6369308e-18 
  4205.9067     6.099217e-18   3.6100035e-18 
   4211.426    6.0491604e-19   3.5748997e-18 
  4216.9443    -3.311613e-19   3.5189318e-18 
   4222.463     5.280446e-18    3.513971e-18 
  4227.9814      9.60383e-18    3.504866e-18 
     4233.5    1.1253169e-17   3.4856324e-18 
  4239.0186    5.6457476e-18    3.445901e-18 
  4244.5376    1.1922271e-17   3.4525162e-18 
   4250.056    1.2170277e-17    3.428874e-18 
  4255.5747    8.7354566e-18    3.405695e-18 
  4261.0933     4.146351e-18   3.3750462e-18 
   4266.612    3.5626896e-18    3.361312e-18 
  4272.1304    2.5778798e-18   3.3484205e-18 
  4277.6494    6.5741606e-18    3.313399e-18 
   4283.168      7.40678e-18    3.283377e-18 
  4288.6865      7.38074e-18   3.2146364e-18 
   4294.205    6.0920735e-18   3.1331881e-18 
  4299.7236   1.08821565e-17   3.1029766e-18 
  4305.2427    3.1539332e-18   3.0579476e-18 
   4310.761     4.729609e-18   3.0663103e-18 
    4316.28    3.1282145e-18   3.0804127e-18 
  4321.7983    1.7577315e-17   3.1855013e-18 
   4327.317    7.5502805e-18   3.1884417e-18 
  4332.8354     7.879665e-18   3.1894587e-18 
  4338.3545     5.889343e-18   3.1606631e-18 
   4343.873    1.8179795e-17   3.2398224e-18 
  4349.3916   1.12396375e-17    3.205961e-18 
    4354.91    1.3486108e-17   3.2216272e-18 
  4360.4287     8.509959e-18   3.2298214e-18 
  4365.9478     9.440541e-18    3.249153e-18 
  4371.4663     4.335656e-18    3.226129e-18 
   4376.985    2.8781474e-18   3.1796713e-18 
  4382.5034    4.9118386e-18   3.1593502e-18 
   4388.022    6.5585893e-18    3.119933e-18 
  4393.5405    9.4854265e-18   3.1445809e-18 
  4399.0596    1.0715023e-17   3.1726039e-18 
   4404.578     7.258319e-18   3.1760175e-18 
  4410.0967    1.1706939e-17    3.258088e-18 
   4415.615     9.101122e-18   3.2442305e-18 
   4421.134    1.6070149e-17    3.305072e-18 
  4426.6523    5.9215854e-18    3.285241e-18 
  4432.1714    5.0984543e-18   3.2828484e-18 
    4437.69     7.845219e-18   3.2758937e-18 
  4443.2085    1.1754042e-17   3.2301291e-18 
   4448.727     9.340341e-18   3.2263247e-18 
  4454.2456    1.0131662e-17    3.225127e-18 
  4459.7646   1.19372874e-17   3.2069242e-18 
   4465.283     1.789645e-17   3.2423373e-18 
   4470.802    1.5787232e-17    3.237244e-18 
  4476.3203    2.1375867e-17   3.2812102e-18 
   4481.839    1.2760964e-17   3.2320728e-18 
  4487.3574     8.907529e-18   3.2268568e-18 
  4492.8765    1.0455353e-17   3.2401413e-18 
   4498.395     7.137861e-18    3.246079e-18 
  4503.9136    5.6874945e-18    3.251012e-18 
   4509.432     3.513346e-18   3.2460484e-18 
  4514.9507     1.032943e-17   3.2582539e-18 
   4520.469     6.529644e-18   3.2434844e-18 
  4525.9883     5.404711e-18    3.219328e-18 
   4531.507    6.5527925e-18   3.2350765e-18 
  4537.0254    1.1848932e-17   3.2267435e-18 
   4542.544    1.2769227e-17   3.2278579e-18 
  4548.0625      7.33484e-18   3.2090904e-18 
  4553.5815   1.16686175e-17   3.2222544e-18 
     4559.1     8.495832e-18    3.221475e-18 
  4564.6187    2.1275067e-18   3.1666492e-18 
   4570.137    1.1999516e-17    3.188225e-18 
   4575.656     8.934355e-18   3.1986584e-18 
  4581.1743    2.1355919e-17   3.2082804e-18 
  4586.6934    1.7898575e-17   3.1698837e-18 
   4592.212    7.9863444e-18   3.1483253e-18 
  4597.7305     1.122121e-17   3.1342196e-18 
   4603.249    1.2015358e-18    3.099327e-18 
  4608.7676    1.7016619e-17   3.1333335e-18 
   4614.286    9.3825476e-18     3.12229e-18 
   4619.805    1.5635277e-17   3.1553725e-18 
  4625.3237    1.0201043e-17    3.132092e-18 
  4630.8423    4.7390236e-18   3.1097824e-18 
   4636.361    1.6297541e-17   3.1193535e-18 
  4641.8794    1.6474495e-17   3.1118042e-18 
  4647.3984    1.3634212e-17   3.0552057e-18 
   4652.917    1.7447023e-17   3.0835734e-18 
  4658.4355    1.4055102e-17   3.0418291e-18 
   4663.954    1.0463642e-17   3.0364506e-18 
  4669.4727    8.7265594e-18   3.0482776e-18 
   4674.991   1.16222565e-17   3.0318246e-18 
  4680.5103    6.8422966e-18   2.9849466e-18 
   4686.029     5.270418e-18   2.9961764e-18 
  4691.5474    1.9337698e-17   3.0238485e-18 
   4697.066     9.180357e-18   2.9619539e-18 
  4702.5845     7.934998e-18   2.9474714e-18 
   4708.103    1.4284685e-17   2.9715998e-18 
   4713.622   1.15726844e-17   2.9486406e-18 
  4719.1406    1.2290284e-17    2.927808e-18 
   4724.659    1.1308839e-17   2.9359643e-18 
  4730.1777    1.5880061e-17   2.9557802e-18 
  4735.6963    2.2186155e-17    2.968304e-18 
  4741.2153    2.2570774e-17   2.9568409e-18 
   4746.734     2.794769e-17   2.9726888e-18 
  4752.2524    4.2649825e-18   2.8578548e-18 
   4757.771    6.3867637e-18   2.8522432e-18 
  4763.2896    6.2355286e-18   2.8466306e-18 
   4768.808    9.6088054e-18   2.8602222e-18 
   4774.327     9.614785e-18    2.855678e-18 
  4779.8457    1.1501802e-17    2.870258e-18 
  4785.3643     7.110267e-18   2.8541381e-18 
   4790.883    1.9481124e-17   2.9020683e-18 
  4796.4014     9.591056e-18   2.8685133e-18 
  4801.9204    1.4375363e-17    2.907925e-18 
   4807.439    1.6430388e-17   2.9052765e-18 
  4812.9575    1.1414946e-17   2.8944754e-18 
   4818.476    1.3665788e-17   2.9152432e-18 
  4823.9946    1.3591222e-17   2.9245231e-18 
   4829.513     1.250044e-17    2.913083e-18 
   4835.032    1.5886816e-17   2.8957124e-18 
   4840.551    1.6478882e-17    2.904084e-18 
  4846.0693    9.4640555e-18   2.8568897e-18 
   4851.588   1.06868335e-17   2.8237134e-18 
  4857.1064    1.3214606e-17   2.7943567e-18 
   4862.625    1.4026386e-17    2.792252e-18 
   4868.144     1.082536e-17    2.756599e-18 
  4873.6626    1.1574778e-17    2.776849e-18 
   4879.181     1.302248e-17   2.7667742e-18 
  4884.6997   1.28593515e-17   2.7882838e-18 
  4890.2183   1.24122066e-17   2.8178658e-18 
  4895.7373   1.25191106e-17   2.8211892e-18 
   4901.256    1.2362785e-17   2.8006369e-18 
  4906.7744    1.0859575e-17   2.7911795e-18 
   4912.293     9.642143e-18    2.787943e-18 
  4917.8115   1.18968904e-17   2.7863037e-18 
    4923.33    1.5528966e-17   2.7778142e-18 
   4928.849    1.3485513e-17   2.7361009e-18 
  4934.3677    1.2599916e-17   2.7295233e-18 
   4939.886    1.5063732e-17   2.7494818e-18 
   4945.405    1.3840922e-17     2.73274e-18 
  4950.9233    1.6315302e-17   2.7710979e-18 
   4956.442    1.5090795e-17   2.7848865e-18 
   4961.961    2.0009026e-17    2.797009e-18 
  4967.4795     1.347433e-17   2.7654437e-18 
   4972.998    1.2659724e-17   2.7420318e-18 
  4978.5166    1.6465076e-17   2.7741336e-18 
   4984.035    1.7591286e-17   2.7832996e-18 
   4989.554    1.5857355e-17   2.7484604e-18 
  4995.0728     1.462089e-17   2.7228761e-18 
  5000.5913    1.9457899e-17   2.7456738e-18 
    5006.11    1.5362486e-17   2.7089485e-18 
  5011.6284     1.581406e-17   2.6860831e-18 
   5017.147    1.5680805e-17   2.6917512e-18 
   5022.666    1.5114247e-17   2.6786319e-18 
  5028.1846    2.1297404e-17    2.689551e-18 
   5033.703    1.4597523e-17   2.6432472e-18 
  5039.2217     9.199961e-18   2.6225842e-18 
    5044.74    1.4923543e-17   2.6494973e-18 
   5050.259    1.0808003e-17   2.6424014e-18 
   5055.778    1.3949567e-17   2.6741742e-18 
  5061.2964    1.3863871e-17   2.6655517e-18 
   5066.815    1.2470037e-17   2.6738218e-18 
  5072.3335    1.0935633e-17   2.6407648e-18 
   5077.852    1.8201995e-17   2.6583993e-18 
   5083.371     1.711396e-17    2.669604e-18 
  5088.8896    1.9538464e-17   2.6585876e-18 
   5094.408    1.1480954e-17   2.6459634e-18 
   5099.927    1.7279113e-17   2.6500714e-18 
  5105.4453     9.903708e-18   2.6400305e-18 
   5110.964    1.5646265e-17   2.6541471e-18 
   5116.483    5.0244853e-18    2.595039e-18 
  5122.0015    1.3331171e-17   2.6168032e-18 
    5127.52      9.18834e-18   2.6167503e-18 
  5133.0386    1.5762302e-17   2.6244743e-18 
   5138.557    1.3478917e-17   2.6238231e-18 
  5144.0757    1.5377367e-17   2.6272549e-18 
  5149.5947    1.6521386e-17   2.6490364e-18 
  5155.1133    1.5311947e-17   2.6168506e-18 
   5160.632    1.3722045e-17    2.574662e-18 
  5166.1504    1.4955856e-17   2.5726638e-18 
   5171.669   1.34849415e-17   2.5557013e-18 
   5177.188     1.791006e-17   2.5763537e-18 
  5182.7065    1.3771369e-17    2.607592e-18 
   5188.225    1.0369082e-17   2.6796177e-18 
  5193.7437     1.772799e-17    2.719523e-18 
   5199.262    1.2435138e-17   2.7192148e-18 
   5204.781     9.246453e-18   2.7386995e-18 
     5210.3    1.6996547e-17   2.7604814e-18 
  5215.8184    1.2094926e-17    2.701466e-18 
   5221.337   1.09203996e-17   2.6222643e-18 
  5226.8555    1.1231757e-17   2.6315814e-18 
   5232.374     9.527003e-18    2.620768e-18 
  5237.8926     9.220334e-18    2.628329e-18 
  5243.4116    1.3548165e-17   2.6628212e-18 
    5248.93    1.2498385e-17    2.663886e-18 
  5254.4487    1.1981449e-17    2.620391e-18 
  5259.9673    1.7975328e-17    2.620893e-18 
   5265.486    2.5894305e-17   2.6651559e-18 
   5271.005    1.4783165e-17   2.6097687e-18 
  5276.5234   1.13037564e-17   2.5809572e-18 
   5282.042     9.462553e-18    2.596102e-18 
  5287.5605    1.7488643e-17   2.6357645e-18 
   5293.079    1.1434201e-17    2.617854e-18 
  5298.5977    9.1967065e-18    2.604445e-18 
  5304.1167    1.6071357e-17   2.6459744e-18 
  5309.6353    1.3967446e-17    2.644115e-18 
   5315.154    1.2388875e-17   2.6624024e-18 
  5320.6724    1.1815061e-17   2.6561849e-18 
   5326.191     9.721853e-18   2.6262128e-18 
    5331.71    7.9026784e-18     2.61632e-18 
  5337.2285    1.6980901e-17    2.668888e-18 
   5342.747    1.5738349e-17   2.6717272e-18 
  5348.2656    1.2171889e-17   2.6731942e-18 
   5353.784    1.7930445e-17   2.6885177e-18 
  5359.3027    1.6506493e-17   2.6729293e-18 
   5364.822    1.7694055e-17   2.6759578e-18 
  5370.3403    1.7706537e-17   2.6546252e-18 
   5375.859    1.2665022e-17   2.6302257e-18 
  5381.3774    1.5594141e-17   2.6425217e-18 
   5386.896    1.6241901e-17   2.6167091e-18 
  5392.4146     7.942621e-18   2.5876832e-18 
  5397.9336    1.1944214e-17   2.6002873e-18 
   5403.452    1.5330032e-17   2.6084245e-18 
  5408.9707    1.1116014e-17   2.5966597e-18 
  5414.4893    1.6046162e-17   2.6376745e-18 
   5420.008    1.9130714e-17   2.6357062e-18 
   5425.527    1.5662898e-17   2.6490329e-18 
  5431.0454    1.0319145e-17   2.6353623e-18 
   5436.564    1.5422883e-17   2.6418126e-18 
  5442.0825     1.739838e-17   2.6671037e-18 
   5447.601   1.25557456e-17   2.6626987e-18 
  5453.1196    1.6327781e-17   2.7048825e-18 
  5458.6387    1.3164608e-17    2.693474e-18 
   5464.157    1.5095054e-17   2.6879054e-18 
   5469.676    1.4997468e-17   2.6910853e-18 
  5475.1943     1.132859e-17    2.673783e-18 
   5480.713   1.33797324e-17   2.6692366e-18 
  5486.2314    1.4401934e-17   2.6873043e-18 
  5491.7505    1.4916287e-17    2.665878e-18 
   5497.269    1.5764938e-17   2.6770129e-18 
  5502.7876    1.2223274e-17   2.6727705e-18 
   5508.306    1.3027791e-17   2.6650303e-18 
  5513.8247   1.30487295e-17   2.6652638e-18 
  5519.3438    1.1190906e-17   2.6876577e-18 
  5524.8623    1.8227208e-17   2.7213655e-18 
   5530.381    1.6348427e-17   2.7262396e-18 
  5535.8994     1.596471e-17    2.738265e-18 
   5541.418    1.7372412e-17   2.7315779e-18 
  5546.9365    2.0047111e-17   2.7680638e-18 
  5552.4556     1.766072e-17   2.7797694e-18 
   5557.974    2.0691657e-17   3.2164982e-18 
  5563.4927    1.2768242e-17   4.4534246e-18 
   5569.011    1.8950678e-17   4.8344377e-18 
    5574.53    1.4412631e-17   4.8058093e-18 
  5580.0483    2.3314592e-17    4.825866e-18 
  5585.5674    1.8191662e-17   4.8240458e-18 
   5591.086    2.1641487e-17   4.2687483e-18 
  5596.6045    1.8604652e-17   3.1021041e-18 
   5602.123    2.1102347e-17    2.757535e-18 
  5607.6416    1.6906068e-17   2.7837407e-18 
  5613.1606     1.725221e-17   2.7948133e-18 
   5618.679    2.2394908e-17   2.7962888e-18 
  5624.1978     9.198642e-18   2.7260275e-18 
  5629.7163     9.477582e-18    2.754752e-18 
   5635.235    1.4384026e-17   2.7596116e-18 
  5640.7534    1.7587953e-17   2.7728955e-18 
  5646.2725    1.9482147e-17   2.7798618e-18 
   5651.791    1.5454953e-17   2.7671692e-18 
  5657.3096    1.6099355e-17   2.7818737e-18 
   5662.828    1.4104869e-17   2.7833565e-18 
  5668.3467    1.0062992e-17   2.7813127e-18 
   5673.865     7.908456e-18   2.8066648e-18 
  5679.3843    6.7388167e-18    2.826822e-18 
   5684.903    1.8095292e-17   2.8711152e-18 
  5690.4214    1.9068194e-17   2.8994844e-18 
    5695.94    1.5975314e-17   2.9029393e-18 
  5701.4585    1.3166766e-17   2.8574954e-18 
  5706.9775    1.4783724e-17   2.8381748e-18 
   5712.496    1.6533904e-17   2.8464803e-18 
  5718.0146    1.0657949e-17   2.8154374e-18 
   5723.533    1.6709457e-17   2.8322186e-18 
   5729.052    1.6562541e-17   2.8290938e-18 
  5734.5703    1.4133243e-17    2.841182e-18 
  5740.0894    1.4720438e-17   2.8385793e-18 
   5745.608    1.0990289e-17   2.8008687e-18 
  5751.1265     9.011895e-18   2.8039783e-18 
   5756.645    1.7166683e-17    2.834893e-18 
  5762.1636    1.6458777e-17    2.837683e-18 
  5767.6826    1.1351638e-17   2.8017581e-18 
   5773.201    1.8180346e-17   2.8206232e-18 
  5778.7197    2.1431576e-17   2.8561442e-18 
  5784.2383    1.4323597e-17   2.8163814e-18 
   5789.757    1.1597836e-17   2.7965794e-18 
  5795.2754    1.5167607e-17   2.8391829e-18 
  5800.7944    1.3891387e-17   2.8505736e-18 
   5806.313    1.3037375e-17   2.8356796e-18 
  5811.8315    1.3925778e-17   2.8501951e-18 
    5817.35    1.7374755e-17   2.8569422e-18 
  5822.8687    1.3958924e-17   2.8582082e-18 
   5828.387    1.1038836e-17   2.8710453e-18 
  5833.9062    1.3586827e-17   2.8701687e-18 
   5839.425     1.794431e-17   2.8744123e-18 
  5844.9434    1.6951722e-17   2.9035702e-18 
   5850.462    1.3013027e-17   2.9421683e-18 
  5855.9805    1.7040649e-17   3.0092266e-18 
  5861.4995    1.7767494e-17    3.020911e-18 
   5867.018    1.7469457e-17   3.0789348e-18 
  5872.5366    1.7052585e-17   3.4111758e-18 
   5878.055    1.0867087e-17   3.8627254e-18 
  5883.5737   1.22916235e-17   3.9897216e-18 
  5889.0923    1.0643734e-17    3.969727e-18 
  5894.6113    2.3888877e-17    4.043251e-18 
    5900.13     7.133881e-18   3.9679986e-18 
  5905.6484    1.3139407e-17   3.6807283e-18 
   5911.167     1.108848e-17   3.2596622e-18 
  5916.6855    1.5795371e-17   3.1552722e-18 
   5922.204    1.3598723e-17   3.1599412e-18 
   5927.723    1.2959681e-17   3.1407192e-18 
  5933.2417    1.2523598e-17   3.1331259e-18 
  5938.7603    1.9572465e-17   3.1752895e-18 
   5944.279    2.1467216e-17   3.1704542e-18 
  5949.7974    1.4802129e-17   3.0926372e-18 
  5955.3164    1.3016772e-17   3.0545007e-18 
   5960.835    1.6961562e-17    3.105897e-18 
  5966.3535    2.4042694e-17   3.1076586e-18 
   5971.872    1.4814735e-17   3.0263135e-18 
  5977.3906    1.5254643e-17   3.0094744e-18 
   5982.909   1.21465195e-17    3.023647e-18 
   5988.428    1.4990041e-17    3.000845e-18 
   5993.947    1.7412159e-17   2.9698698e-18 
  5999.4653    2.0084973e-17   2.9512475e-18 
   6004.984    2.0548013e-17      2.9527e-18 
  6010.5024    1.7688546e-17   2.9062517e-18 
   6016.021     8.119624e-18   2.8487312e-18 
    6021.54    1.5001352e-17   2.8527646e-18 
  6027.0586    1.7749154e-17    2.858013e-18 
   6032.577     8.906401e-18    2.789139e-18 
  6038.0957    2.4291039e-17   2.8475637e-18 
  6043.6143    2.2509027e-17   2.8306786e-18 
  6049.1333    1.9366515e-17   2.7961794e-18 
   6054.652    1.6053944e-17   2.7726672e-18 
  6060.1704    1.7893913e-17   2.7586107e-18 
   6065.689    1.4231237e-17   2.7392795e-18 
  6071.2075    1.8607693e-17    2.756506e-18 
   6076.726    1.6730055e-17   2.7673414e-18 
   6082.245    1.0328602e-17   2.7036779e-18 
  6087.7637    1.3440121e-17   2.7089673e-18 
   6093.282    2.0105558e-17   2.7481295e-18 
   6098.801     9.011988e-18   2.7074236e-18 
  6104.3193    1.7511859e-17   2.7512412e-18 
   6109.838    1.5008883e-17   2.7482995e-18 
   6115.357    1.5180912e-17   2.7274498e-18 
  6120.8755    1.3062318e-17    2.706824e-18 
   6126.394     2.053326e-17   2.7491211e-18 
  6131.9126    1.4686603e-17     2.74265e-18 
   6137.431    1.3847991e-17   2.7349126e-18 
    6142.95    1.4720658e-17   2.7354321e-18 
  6148.4688    1.4353142e-17   2.7399533e-18 
  6153.9873    9.3805756e-18   2.7260248e-18 
   6159.506    1.8623237e-17    2.776459e-18 
  6165.0244    1.8747786e-17    2.776957e-18 
   6170.543    1.3786237e-17   2.7522222e-18 
   6176.062     1.786906e-17   2.7607153e-18 
  6181.5806    1.1159039e-17   2.7353651e-18 
   6187.099     1.125258e-17   2.7467397e-18 
  6192.6177    1.1690577e-17   2.7373621e-18 
   6198.136    4.2883855e-18   2.6959818e-18 
   6203.655    1.2956616e-17   2.7213525e-18 
   6209.174    2.0898533e-17   2.7737583e-18 
  6214.6924    1.6439462e-17   2.7684813e-18 
   6220.211    1.5521055e-17   2.8645788e-18 
  6225.7295     2.056761e-17   2.9901822e-18 
   6231.248    1.6741113e-17    2.998365e-18 
   6236.767    1.4756113e-17   3.0089113e-18 
  6242.2856    1.0184829e-17   3.0555206e-18 
   6247.804    1.1543323e-17    3.096941e-18 
  6253.3228   1.28850975e-17   3.0054458e-18 
  6258.8413    1.7923196e-17   2.9523429e-18 
    6264.36    1.6223761e-17   2.9627666e-18 
   6269.879    1.2059279e-17   2.9599207e-18 
  6275.3975     8.628561e-18   2.9146232e-18 
   6280.916    7.3016995e-18   3.2445446e-18 
  6286.4346    1.6319339e-17   4.1691268e-18 
   6291.953    1.9021175e-17    4.331901e-18 
   6297.472     4.421305e-19   4.2942627e-18 
  6302.9907     1.078509e-17   4.2831867e-18 
  6308.5093     7.952099e-18    4.251538e-18 
   6314.028     7.931489e-18    3.874765e-18 
  6319.5464    1.2898732e-17   3.1047277e-18 
   6325.065    1.0487838e-17    2.839636e-18 
   6330.584    1.0782129e-17   2.8122656e-18 
  6336.1025   1.23847285e-17   2.8497631e-18 
   6341.621    1.7345579e-17   2.9031337e-18 
  6347.1396    2.2056665e-17   3.1481803e-18 
   6352.658    1.2092762e-17   3.2639858e-18 
   6358.177    1.8957244e-17   3.3059768e-18 
   6363.696    1.7763363e-17   3.2856973e-18 
  6369.2144    1.6938383e-17   3.2852735e-18 
   6374.733    1.3891833e-17   3.1721008e-18 
  6380.2515    1.2763654e-17   2.8186496e-18 
    6385.77   1.11775436e-17    2.633594e-18 
   6391.289    1.2955224e-17     2.63904e-18 
  6396.8076    1.5661224e-17   2.6258195e-18 
   6402.326     1.543444e-17   2.6002472e-18 
  6407.8447     1.608933e-17   2.5794744e-18 
  6413.3633    1.4887456e-17   2.5715856e-18 
   6418.882    1.6542421e-17   2.5780052e-18 
   6424.401    1.6483746e-17   2.5663977e-18 
  6429.9194    1.6046187e-17   2.5441993e-18 
   6435.438    1.6186348e-17   2.5291066e-18 
  6440.9565    1.3565135e-17   2.5254029e-18 
   6446.475    1.7589362e-17   2.5839935e-18 
  6451.9937     1.358026e-17   2.6662329e-18 
  6457.5127    1.4591492e-17   2.7484463e-18 
  6463.0312    2.0235837e-17   2.7869022e-18 
    6468.55    1.3477973e-17   2.7527214e-18 
  6474.0684    1.1183155e-17   2.7425322e-18 
   6479.587    1.1078261e-17   2.7188347e-18 
   6485.106      8.94995e-18    2.714581e-18 
  6490.6245    1.3785475e-17   2.7360333e-18 
   6496.143     1.413202e-17   2.7471768e-18 
  6501.6616    1.3123617e-17   2.7341245e-18 
    6507.18     1.706005e-17   2.7868226e-18 
  6512.6987   1.09352185e-17   2.7237689e-18 
   6518.218    1.4737662e-17   2.7117381e-18 
  6523.7363    1.4786166e-17   2.6938464e-18 
   6529.255     1.891927e-17   2.7257588e-18 
  6534.7734    1.4686138e-17   2.8106873e-18 
   6540.292    1.7612206e-17   2.8544121e-18 
  6545.8105     9.646393e-18   2.8665247e-18 
  6551.3296    1.4092244e-17   2.8632998e-18 
   6556.848    2.1555576e-17   2.9027087e-18 
  6562.3667    1.3273116e-17    2.895124e-18 
  6567.8853     1.735961e-17   2.8920387e-18 
   6573.404     1.512105e-17   2.7697663e-18 
   6578.923    1.9791444e-17   2.7057797e-18 
  6584.4414    1.4308147e-17   2.6421745e-18 
    6589.96    1.5898744e-17   2.6367906e-18 
  6595.4785    1.6567468e-17   2.6010744e-18 
   6600.997    1.4074409e-17   2.5574185e-18 
  6606.5156    1.6668417e-17   2.5561167e-18 
  6612.0347    1.4408198e-17   2.5368662e-18 
   6617.553    1.4780594e-17   2.5277922e-18 
   6623.072    1.4722503e-17   2.5061168e-18 
  6628.5903    1.6075163e-17    2.493704e-18 
   6634.109    1.5251224e-17   2.4702667e-18 
  6639.6274      1.24146e-17   2.4679219e-18 
  6645.1465    1.8536128e-17   2.4868776e-18 
   6650.665    1.1534751e-17    2.441264e-18 
  6656.1836     8.800582e-18    2.447539e-18 
   6661.702    1.8079432e-17   2.4838077e-18 
  6667.2207    1.4500906e-17   2.4480141e-18 
  6672.7397    1.0652016e-17   2.4374043e-18 
  6678.2583    7.5959566e-18   2.4070271e-18 
   6683.777    1.8052294e-17   2.4449104e-18 
  6689.2954   1.12340474e-17   2.4219402e-18 
   6694.814     9.112569e-18   2.4287193e-18 
  6700.3325    1.8211696e-17     2.47225e-18 
  6705.8516    1.1335154e-17   2.4256492e-18 
    6711.37   1.15277826e-17   2.4349803e-18 
  6716.8887    1.4962468e-17   2.4395393e-18 
   6722.407    1.5913564e-17    2.467131e-18 
   6727.926     1.426941e-17   2.4464632e-18 
   6733.445    1.5471404e-17   2.4366501e-18 
  6738.9634    1.5530303e-17   2.4371491e-18 
   6744.482    2.0031886e-17   2.4816827e-18 
  6750.0005    1.4607699e-17   2.4410516e-18 
   6755.519    1.5095482e-17    2.441187e-18 
  6761.0376    1.5000973e-17   2.4291656e-18 
  6766.5566     1.836544e-17   2.4477507e-18 
   6772.075    1.5503517e-17   2.4458436e-18 
  6777.5938    1.5841814e-17   2.4570498e-18 
  6783.1123    1.2092773e-17   2.4278551e-18 
   6788.631    1.0834284e-17   2.4158742e-18 
  6794.1494     1.761301e-17   2.4749273e-18 
  6799.6685    1.4637548e-17   2.4441212e-18 
   6805.187    1.3026667e-17   2.4154497e-18 
  6810.7056    1.4986901e-17   2.5428971e-18 
   6816.224    1.2004384e-17   2.8257774e-18 
  6821.7427    7.8795695e-18   3.0086596e-18 
  6827.2617    1.2388537e-17   3.0686393e-18 
  6832.7803    1.6552496e-17    3.131193e-18 
   6838.299    1.6004822e-17   3.1191103e-18 
  6843.8174     9.657233e-18   3.0426129e-18 
   6849.336     6.542346e-18   3.0467453e-18 
  6854.8545    1.8401447e-17   3.0176084e-18 
  6860.3735    1.1461189e-17   2.9304848e-18 
   6865.892    1.2794575e-17   2.9408554e-18 
  6871.4106    1.0232583e-17   2.9501194e-18 
   6876.929    1.4735031e-17   2.9454704e-18 
  6882.4478    1.4800008e-17   2.6507764e-18 
  6887.9663    1.1209172e-17   2.5604478e-18 
  6893.4854    1.7265675e-17   2.6523335e-18 
   6899.004    1.5176708e-17   2.7112578e-18 
  6904.5225    1.3121475e-17   2.6930894e-18 
   6910.041    1.5305455e-17    2.841701e-18 
  6915.5596    1.5118603e-17   2.8572169e-18 
  6921.0786    1.2517345e-17   2.8344975e-18 
   6926.597    1.2273742e-17    2.858454e-18 
  6932.1157    1.5587975e-17   2.9584861e-18 
  6937.6343     1.797112e-17   3.0159551e-18 
   6943.153    1.5223043e-17   2.9104007e-18 
  6948.6714    1.6740183e-17   2.8723326e-18 
  6954.1904    1.4411018e-17   2.8812889e-18 
   6959.709    1.2333336e-17   2.8873717e-18 
  6965.2275    1.2051188e-17    2.871238e-18 
   6970.746    1.8719484e-17   2.7707358e-18 
  6976.2646    1.7981765e-17   2.7684472e-18 
   6981.783     7.985369e-18   2.6996255e-18 
  6987.3022     1.442857e-17   2.6991536e-18 
   6992.821    1.7417745e-17   2.6765548e-18 
  6998.3394    1.8014204e-17    2.614847e-18 
   7003.858    1.1772192e-17    2.542815e-18 
  7009.3765   1.26366405e-17    2.539167e-18 
  7014.8955    1.7578281e-17   2.5625038e-18 
   7020.414    1.2837014e-17   2.4988394e-18 
  7025.9326     1.571358e-17   2.4840217e-18 
   7031.451    1.3613415e-17   2.4627708e-18 
  7036.9697    1.1151063e-17    2.489993e-18 
  7042.4883    1.0296148e-17    2.520308e-18 
  7048.0073    1.5380937e-17   2.5554111e-18 
   7053.526    1.4073342e-17    2.577252e-18 
  7059.0444   1.21222144e-17   2.5554663e-18 
   7064.563     7.754653e-18   2.5069117e-18 
  7070.0815    1.0603138e-17   2.4888796e-18 
     7075.6    1.4927839e-17    2.507344e-18 
   7081.119   1.35185135e-17   2.4947955e-18 
  7086.6377     1.131123e-17   2.4899346e-18 
  7092.1562    1.0531223e-17    2.460766e-18 
   7097.675   1.13958125e-17   2.4508774e-18 
  7103.1934    1.8934255e-17   2.4673526e-18 
  7108.7124    1.1658706e-17    2.414477e-18 
   7114.231    1.3373115e-17   2.4158112e-18 
  7119.7495    1.7304271e-17   2.4443402e-18 
   7125.268   1.37029284e-17   2.4441001e-18 
  7130.7866     2.054265e-17    2.505782e-18 
   7136.305    1.6758552e-17   2.4936743e-18 
   7141.824    1.1831284e-17    2.502304e-18 
   7147.343    1.2980746e-17   2.4928947e-18 
  7152.8613   1.05861715e-17   2.4642054e-18 
    7158.38    1.3960302e-17   2.4954395e-18 
  7163.8984    1.5993269e-17   2.4712552e-18 
   7169.417    1.0714939e-17   2.4268677e-18 
   7174.936     1.315499e-17   2.4306915e-18 
  7180.4546    1.6064843e-17   2.3876403e-18 
   7185.973     1.679501e-17   2.3919913e-18 
  7191.4917    1.0200876e-17   2.3405969e-18 
  7197.0103    1.0417313e-17   2.3142305e-18 
  7202.5293   1.27560374e-17   2.3435613e-18 
   7208.048     9.365802e-18   2.3592976e-18 
  7213.5664    1.3524657e-17   2.3912474e-18 
   7219.085   1.31721754e-17   2.4029522e-18 
  7224.6035     1.252409e-17   2.7476289e-18 
   7230.122     9.028068e-18   3.3591302e-18 
   7235.641    1.0413396e-17    3.708194e-18 
  7241.1597     8.978087e-18   3.7657013e-18 
   7246.678      5.59938e-18   3.7751473e-18 
   7252.197    1.0859173e-17    3.796992e-18 
  7257.7153     1.747952e-17   3.7102715e-18 
  7263.2344    2.4044501e-17    3.594781e-18 
   7268.753     1.627085e-17    3.669385e-18 
  7274.2715    1.3992834e-17    3.763373e-18 
    7279.79    2.4562617e-17    3.769881e-18 
  7285.3086    1.4379968e-17    3.834841e-18 
   7290.827   1.13640356e-17   3.8353995e-18 
   7296.346    1.1478657e-17   3.4415404e-18 
  7301.8647    1.3114158e-17    3.391364e-18 
  7307.3833    6.2072345e-18   3.5181654e-18 
   7312.902    2.2642815e-17   3.5706004e-18 
  7318.4204    1.2379341e-17   3.6774357e-18 
   7323.939    1.4210536e-17    3.715406e-18 
   7329.458     9.804313e-18   4.1101653e-18 
  7334.9766     1.546463e-17   3.9383773e-18 
   7340.495    1.3004581e-17    3.747791e-18 
  7346.0137    1.0538596e-17   3.7812477e-18 
   7351.532    1.0018137e-17   3.7974394e-18 
  7357.0513    1.0328859e-17    3.865735e-18 
    7362.57     1.505582e-17   3.6419886e-18 
  7368.0884     1.646475e-17   3.4845765e-18 
   7373.607    1.0676806e-17   3.4529743e-18 
  7379.1255     9.411258e-18   3.4165692e-18 
   7384.644    1.1555641e-17    3.375432e-18 
   7390.163     9.895305e-18   3.2442625e-18 
  7395.6816    6.9786184e-18   3.1725565e-18 
     7401.2     5.633168e-18    3.170341e-18 
  7406.7188     1.163191e-17   3.1659875e-18 
  7412.2373    1.6824463e-17    3.128734e-18 
   7417.756    6.2303546e-18   2.9808233e-18 
   7423.275   1.04110325e-17   2.8372775e-18 
  7428.7935    9.3168405e-18   2.8761481e-18 
   7434.312    1.6339945e-17   2.9195724e-18 
  7439.8306     8.238797e-18   2.8895766e-18 
   7445.349    1.1580538e-17    2.889989e-18 
   7450.868     8.484372e-18   2.8612986e-18 
  7456.3867     9.415978e-18   2.8903862e-18 
  7461.9053    1.4504154e-17   2.9744077e-18 
   7467.424    9.0601986e-18   3.1532969e-18 
  7472.9424    1.6337537e-17   3.3711047e-18 
   7478.461    1.5371343e-17   3.3915059e-18 
    7483.98    1.7828574e-17    3.360768e-18 
  7489.4985     1.014977e-17   3.2485362e-18 
   7495.017     9.674837e-18   3.0992028e-18 
  7500.5356    1.5975379e-17    2.866586e-18 
   7506.054    1.9657805e-17   2.7976671e-18 
  7511.5728    1.6701634e-17   3.1020991e-18 
   7517.092    1.6799438e-17   3.3932649e-18 
  7522.6104    1.5518246e-17   3.4839445e-18 
   7528.129    1.8137128e-17   3.5233386e-18 
  7533.6475     1.363094e-17    3.532806e-18 
   7539.166    9.2551105e-18   3.4399176e-18 
   7544.685    2.0846899e-17   3.1899428e-18 
  7550.2036   1.38088365e-17   2.8902501e-18 
   7555.722    1.6163462e-17   2.9445614e-18 
  7561.2407    1.3594687e-17   3.2130598e-18 
  7566.7593    1.1228518e-17   3.2498543e-18 
   7572.278    4.2678607e-18   3.2788927e-18 
   7577.797    1.0864306e-17   3.3278533e-18 
  7583.3154     9.470861e-18   3.2420703e-18 
   7588.834    2.9021438e-20   3.1558963e-18 
  7594.3525     1.719872e-17    2.821965e-18 
   7599.871    2.0658397e-17   2.6373146e-18 
  7605.3896    2.2224634e-17   2.5940835e-18 
  7610.9087    1.9455477e-17   2.5127172e-18 
  7616.4272    6.2175635e-18   2.5106493e-18 
   7621.946    3.6980172e-18   2.4988613e-18 
  7627.4644    7.1063235e-18   2.5195136e-18 
   7632.983    1.5376755e-17   2.5838616e-18 
   7638.502     9.522427e-18    2.514109e-18 
  7644.0205     6.203426e-18   2.4774078e-18 
   7649.539    1.2691933e-17   2.5547825e-18 
  7655.0576    1.2015197e-17   2.6390126e-18 
   7660.576    1.2959886e-17   2.7072455e-18 
  7666.0947   1.22121744e-17   2.7374796e-18 
   7671.614     8.951431e-18   2.7523827e-18 
  7677.1323    1.2533478e-17   2.7833527e-18 
   7682.651    1.0372023e-17   2.7833747e-18 
  7688.1694    9.6993304e-18   2.7781173e-18 
   7693.688    1.0458713e-17   2.8354552e-18 
   7699.207    1.7998117e-17   3.2635582e-18 
  7704.7256     7.958814e-18   4.0235955e-18 
   7710.244    1.0882604e-17    4.432761e-18 
  7715.7627    1.6712076e-17   4.5545578e-18 
  7721.2812    1.4002004e-17    4.536084e-18 
     7726.8    2.5086373e-17   4.5941347e-18 
   7732.319   1.16229555e-17    4.321298e-18 
  7737.8374    1.6832012e-17   4.1096814e-18 
   7743.356    1.2933853e-17   4.2180045e-18 
  7748.8745    1.8188535e-17    4.360997e-18 
   7754.393    2.7838992e-17   4.4654092e-18 
  7759.9116    1.5928716e-17   4.4404168e-18 
  7765.4307    1.5786757e-17   4.5945664e-18 
   7770.949    1.6505539e-17   4.1830395e-18 
   7776.468    1.5865946e-17    3.749308e-18 
  7781.9863    2.0081485e-17   4.0056072e-18 
   7787.505    1.5275316e-17   4.2031185e-18 
   7793.024    2.5631386e-17    4.272989e-18 
  7798.5425    2.4632042e-17    4.192518e-18 
   7804.061      9.17056e-18    4.191521e-18 
  7809.5796    1.7452042e-17   4.5100087e-18 
   7815.098    1.6523047e-17   4.5849914e-18 
  7820.6167    1.2002217e-17   4.2524073e-18 
  7826.1357    1.2241422e-17   4.2831524e-18 
  7831.6543   1.26164755e-17    4.247586e-18 
   7837.173    2.1818257e-17   4.3724275e-18 
  7842.6914    8.1388487e-19    4.493341e-18 
    7848.21    1.5852493e-17   4.7223398e-18 
  7853.7285    1.1853292e-17   4.9849266e-18 
  7859.2476    2.4603215e-17   5.3365938e-18 
   7864.766    1.9919614e-17    5.376343e-18 
  7870.2847    2.6602014e-17    5.521855e-18 
   7875.803    3.2627312e-17    5.109568e-18 
   7881.322      7.81323e-18    4.814624e-18 
   7886.841    1.7856844e-17   4.7137036e-18 
  7892.3594    1.6918044e-17   4.2657336e-18 
   7897.878    1.6762175e-17   4.1887314e-18 
  7903.3965     1.786817e-17    4.799487e-18 
   7908.915    1.8346787e-18   5.1241333e-18 
  7914.4336   -1.7232405e-18    5.115871e-18 
  7919.9526     3.425485e-18   5.2667624e-18 
   7925.471     9.427639e-18   5.4925475e-18 
  7930.9897    1.3777202e-17     5.28904e-18 
  7936.5083    2.1321773e-17    4.741417e-18 
   7942.027    1.0519214e-17    4.179595e-18 
  7947.5454    2.2376332e-18   3.8914265e-18 
  7953.0645    1.5438438e-17   4.2480187e-18 
   7958.583    2.3161689e-17   4.6490293e-18 
  7964.1016    2.2391318e-17    4.721828e-18 
    7969.62    1.8025637e-17    4.843652e-18 
  7975.1387    6.1475807e-18    4.836806e-18 
  7980.6577     9.531662e-18    5.106961e-18 
  7986.1763     8.301639e-18    5.245668e-18 
   7991.695    1.1857108e-17    4.910042e-18 
  7997.2134     7.184385e-18    4.805921e-18 
   8002.732    1.1700578e-17   4.6548344e-18 
  8008.2505     9.163254e-18   4.7259765e-18 
  8013.7695     1.968107e-17   4.6719595e-18 
   8019.288    1.3485088e-17    4.466712e-18 
  8024.8066    9.3392935e-18    4.398294e-18 
   8030.325    1.3183773e-17   4.4809346e-18 
  8035.8438    1.3387332e-17   4.2932882e-18 
  8041.3623      6.67994e-18   4.2874715e-18 
  8046.8813    2.0907615e-17    3.996007e-18 
     8052.4      1.68772e-17   3.7588808e-18 
  8057.9185     9.890887e-18     3.83428e-18 
   8063.437    1.4157214e-17    3.839823e-18 
  8068.9556     9.364631e-18    3.817794e-18 
  8074.4746    1.8645321e-17    3.756194e-18 
   8079.993    1.5446921e-17    3.590452e-18 
  8085.5117     7.910871e-18   3.3426784e-18 
  8091.0303    1.1687991e-17    3.290171e-18 
   8096.549     9.896407e-18   3.4219947e-18 
  8102.0674    7.1258185e-18   3.3968792e-18 
  8107.5864    1.0522499e-17   3.4005029e-18 
   8113.105    1.8097574e-17    3.434525e-18 
  8118.6235    1.3798138e-17    3.332973e-18 
   8124.142    4.8471233e-18   3.1160431e-18 
  8129.6606    8.7831725e-18   3.0482358e-18 
   8135.179    1.6035565e-17    3.131204e-18 
   8140.698     7.898529e-18   3.1430353e-18 
   8146.217    1.5633886e-17   3.1648906e-18 
  8151.7354     5.496605e-18   3.1374433e-18 
   8157.254    1.3577027e-17   3.1261813e-18 
  8162.7725    1.4133579e-17   3.0716736e-18 
  8168.2915      8.99228e-18   2.9800158e-18 
    8173.81    9.6996555e-18   2.9592928e-18 
  8179.3286    1.2577208e-17   3.0108185e-18 
   8184.847    2.2429229e-17    3.117246e-18 
  8190.3657    1.5001824e-17   3.1374899e-18 
   8195.885      9.40307e-18   3.1332485e-18 
   8201.403    1.5076227e-17   3.1931668e-18 
   8206.922    1.1038831e-17   3.1660375e-18 
    8212.44    1.0292924e-17    3.144547e-18 
   8217.959    1.7017906e-17   3.1778439e-18 
   8223.478    1.9247044e-17   3.1758133e-18 
   8228.996    2.2850279e-17   3.1814272e-18 
   8234.515   1.20503514e-17   3.0912068e-18 
   8240.033    1.2030492e-17    3.129608e-18 
   8245.553    1.1871962e-17   3.1755937e-18 
   8251.071    1.2655793e-17   3.1604177e-18 
    8256.59   1.16199545e-17   3.2078323e-18 
   8262.108    1.3823978e-17   3.2461388e-18 
   8267.627    1.7736438e-17   3.6094675e-18 
  8273.1455    4.2311806e-18   4.1845094e-18 
   8278.664     7.606258e-18    4.994903e-18 
   8284.183    1.4834244e-17    5.574096e-18 
   8289.701     2.680482e-17   6.3224032e-18 
    8295.22    2.3690357e-17    6.613919e-18 
   8300.738    1.9071822e-17   6.4934046e-18 
   8306.257    1.6374553e-17    6.141998e-18 
   8311.776    9.8752684e-18   5.5441106e-18 
   8317.295    1.8358207e-17    4.951719e-18 
   8322.813    2.2519208e-17   4.1834866e-18 
   8328.332    6.6797275e-18   3.9228375e-18 
   8333.851    -4.043072e-18   5.1100625e-18 
   8339.369   -6.9102326e-20   6.1568182e-18 
   8344.888  -1.20534956e-17   6.5345395e-18 
   8350.406   -1.3205373e-17     6.70176e-18 
   8355.925     4.876752e-18   6.8907474e-18 
   8361.443   -4.4986476e-19    6.728436e-18 
   8366.962    -4.782441e-18   5.9198843e-18 
   8372.481     9.043625e-18    5.017363e-18 
     8378.0     6.684954e-18    4.651782e-18 
   8383.519    1.4490861e-17   4.6900007e-18 
   8389.037    4.4328138e-18    5.369026e-18 
   8394.556    5.6411112e-18   5.9740378e-18 
   8400.074    2.2540154e-17    6.132445e-18 
   8405.593    1.9194225e-17   6.2204094e-18 
   8411.111   -2.7563775e-19   6.2030125e-18 
    8416.63      3.50653e-18   6.5108002e-18 
   8422.148     -6.20377e-19   6.4921167e-18 
   8427.667     7.996564e-18    6.426077e-18 
   8433.187    1.2200082e-17    6.362342e-18 
   8438.705    1.8745474e-17    6.240491e-18 
   8444.224   1.20182295e-17   6.4679535e-18 
   8449.742   1.27785855e-17   6.1137428e-18 
   8455.261    1.5021147e-17   5.7152043e-18 
   8460.779    4.6996564e-18   5.8300306e-18 
   8466.298    -2.937477e-19    5.935478e-18 
   8471.816    3.3872324e-18   5.7711883e-18 
   8477.335    1.3407926e-17   5.6020526e-18 
   8482.854    5.7976444e-18   5.4354497e-18 
   8488.372    1.3208078e-17    4.897256e-18 
   8493.892    1.7764863e-17   4.7261146e-18 
    8499.41     8.466577e-18   5.0561593e-18 
   8504.929    6.7457086e-19    5.103724e-18 
   8510.447     1.186849e-17    5.138816e-18 
   8515.966    1.5142645e-17   4.9630924e-18 
   8521.484    1.2579921e-17    4.683971e-18 
   8527.003    1.9938294e-17    4.272242e-18 
   8532.521    1.3803679e-17    3.912945e-18 
    8538.04     7.373123e-18   4.1069034e-18 
   8543.559     9.304144e-18    4.319328e-18 
   8549.077    1.1022001e-17   4.4072307e-18 
   8554.596    1.1762164e-17   4.4489864e-18 
   8560.115     2.176623e-17    4.353599e-18 
   8565.634    1.5040567e-17      4.1902e-18 
   8571.152    1.3826349e-17   3.8679602e-18 
   8576.671   1.20403814e-17    3.732748e-18 
   8582.189     9.175682e-18    3.847413e-18 
   8587.708    2.3439415e-17   4.0358105e-18 
   8593.227    1.8038758e-17   4.1136283e-18 
   8598.745    1.3860407e-17   4.1139993e-18 
   8604.264    1.0904411e-17   4.1446716e-18 
   8609.782    1.9130218e-17   4.2930343e-18 
   8615.301    1.5990288e-17   4.5589133e-18 
    8620.82     7.475054e-18   4.8905523e-18 
   8626.339     8.244606e-18   5.2815404e-18 
   8631.857     1.507793e-17    5.499172e-18 
   8637.376     1.512264e-17   5.6438504e-18 
   8642.895     8.358218e-18   5.7326785e-18 
   8648.413     -1.12761e-18    5.638127e-18 
   8653.932     8.136313e-18   5.6354595e-18 
    8659.45     7.026464e-18   5.7196876e-18 
   8664.969     9.896086e-18   5.7330598e-18 
   8670.487     9.011789e-18    5.720194e-18 
   8676.006    1.4431698e-17    5.459881e-18 
   8681.525    1.9463303e-17   5.1392272e-18 
   8687.044    4.9597795e-18   4.7316088e-18 
  8692.5625   1.25730725e-17   4.4645026e-18 
   8698.081    5.6594415e-18    4.236815e-18 
     8703.6     9.705696e-18     4.10267e-18 
   8709.118    1.8924698e-17   4.1066606e-18 
   8714.637    1.3511133e-17   4.0060858e-18 
   8720.155    1.9356705e-17    3.947724e-18 
   8725.674    1.7964141e-17   3.9254518e-18 
   8731.192    5.0994006e-18    3.811831e-18 
   8736.711     6.365271e-18   3.8076422e-18 
  8742.2295     2.006469e-17   4.0345404e-18 
   8747.749    2.0006407e-17   4.9048965e-18 
   8753.268    2.4659793e-17   6.1869177e-18 
   8758.786    1.5800956e-17    7.015375e-18 
   8764.305    1.0808729e-17    7.861209e-18 
   8769.823    5.8652954e-18     8.62717e-18 
   8775.342    -4.820148e-18    9.089477e-18 
    8780.86   -1.9088872e-18    8.966267e-18 
   8786.379    5.7277294e-19    8.251711e-18 
   8791.897       6.3437e-19    7.381736e-18 
   8797.416      8.15448e-18   6.3362903e-18 
   8802.935    2.0685549e-17   5.3130894e-18 
   8808.454    2.1877218e-17   5.0942584e-18 
   8813.973    1.9162536e-17   6.4835045e-18 
   8819.491    2.6907171e-17   8.3700926e-18 
    8825.01    5.0740132e-17    9.268173e-18 
   8830.528    6.4886085e-17    9.562301e-18 
   8836.047    5.8432747e-17   9.7068164e-18 
   8841.565    3.8139716e-17  1.00519145e-17 
   8847.084    1.2590456e-17    8.852249e-18 
   8852.603    1.2297724e-17   7.3194714e-18 
   8858.121    2.6689449e-17   6.8230245e-18 
    8863.64    2.2051699e-17   6.3959685e-18 
   8869.159     1.006315e-17    6.391386e-18 
   8874.678    1.4834444e-18   7.3963695e-18 
   8880.196   -1.2482706e-17    8.249668e-18 
   8885.715    -8.413608e-18    8.459576e-18 
   8891.233     2.872609e-17    8.636257e-18 
   8896.752    1.0641024e-18    8.737072e-18 
  8902.2705    1.7909627e-17    8.736496e-18 
   8907.789   1.15889575e-17    8.471186e-18 
   8913.308   -3.0184187e-18     8.72622e-18 
   8918.826   -1.2049935e-18     8.85724e-18 
   8924.345    4.9620373e-19    8.506082e-18 
   8929.864    -2.370007e-18   8.5737295e-18 
   8935.383     1.301532e-17    8.434591e-18 
   8940.901     7.473492e-18    7.462332e-18 
    8946.42     4.919491e-19    7.259849e-18 
   8951.938     5.293627e-18    7.850679e-18 
   8957.457    1.5794345e-17   8.1240105e-18 
   8962.976    9.7626925e-18    7.812007e-18 
   8968.494    6.9787996e-18    7.557081e-18 
   8974.013    4.8473727e-18    7.176437e-18 
   8979.531    1.6300936e-17   6.2005694e-18 
    8985.05    2.2929136e-17    5.905412e-18 
   8990.568    -7.513384e-18   6.5691677e-18 
   8996.088      9.35595e-18     7.01377e-18 
   9001.606     3.611306e-17    7.090102e-18 
   9007.125    1.3224843e-17   6.7207453e-18 
   9012.644    4.8104697e-18    6.344256e-18 
   9018.162     8.950578e-18   5.9590646e-18 
   9023.681    1.6675308e-17   5.2629826e-18 
   9029.199     1.516871e-17    5.185634e-18 
   9034.718     9.799934e-18    5.555689e-18 
   9040.236    1.3359732e-17    5.884003e-18 
   9045.755    1.9732182e-17    6.107569e-18 
   9051.273    5.6958776e-18   6.0229535e-18 
   9056.793    -6.295749e-19    5.900882e-18 
   9062.312     7.863708e-18    5.757431e-18 
    9067.83    1.4250514e-17    5.362373e-18 
   9073.349     8.633002e-18   4.8756734e-18 
   9078.867    6.7075972e-18    4.852738e-18 
   9084.386    2.3401638e-18   4.8517704e-18 
   9089.904   1.04128134e-17   5.1798596e-18 
   9095.423    1.4229495e-17   5.3368564e-18 
   9100.941    1.5102467e-17     5.31604e-18 
    9106.46    1.4394369e-17    5.302162e-18 
   9111.979    4.3017784e-18   5.1234248e-18 
   9117.498    1.5595096e-17    5.041361e-18 
   9123.017    1.3320458e-17   4.7612433e-18 
   9128.535    1.0770321e-17    4.595902e-18 
   9134.054     5.041626e-18   4.5938935e-18 
   9139.572     9.506371e-18   4.6557943e-18 
   9145.091    1.4785782e-17    4.878745e-18 
   9150.609    1.9773504e-18   5.0063762e-18 
   9156.128     9.474755e-18   5.1262616e-18 
   9161.646    1.9575411e-17   5.2401726e-18 
   9167.165     6.097505e-18   5.1385882e-18 
   9172.684    1.0286193e-17    5.127388e-18 
   9178.202      1.53268e-17    5.078286e-18 
   9183.722     6.971144e-18    4.888456e-18 
    9189.24    1.4909725e-17   5.0066715e-18 
   9194.759   1.20065274e-17   5.0443955e-18 
   9200.277    1.4098655e-17   5.0907987e-18 
   9205.796    1.3568465e-17    5.100784e-18 
   9211.314    5.9504098e-18   5.1989985e-18 
   9216.833    1.0089528e-17    5.295495e-18 
   9222.352    1.6825446e-17   5.1974202e-18 
    9227.87     2.562271e-17   4.9489513e-18 
   9233.389    1.2411776e-17   4.6783073e-18 
   9238.907     4.183181e-18   4.2737126e-18 
   9244.427              0.0     3.91534e-18 
