# STATUS =
# OBJECT = 2018bsz
# TELESCOPE = ESO-NTT
# INSTRUMENT = EFOSC2-NTT
# DATE-OBS = 2018-08-04 01:40:16.00
# MJD = 58334.069629599806
# EXPTIME = 2700
# AIRMASS = --
# SLIT = --
# DISPERSER = --
# SOURCE = --
# FILTER =
# RESOLUTION =
# FLUX_STANDARD =
# EXTINCTION_CORRECTED = --
# PHOTOMETRY_CALIBRATED =
# TELLURIC_CORRECTED =
# FLUX_UNITS = erg cm(-2) sec(-1) Ang(-1)
# WAVE_UNITS = Angstrom
# QUALITY = --
# MIN_WAVE = 5996.962
# MAX_WAVE = 9997.021
# COMMENT = Released as part of DR4
 Wavelength            Flux           Error 
   5996.962    2.178144e-16   5.7064812e-18 
  6001.1772   2.2040046e-16   5.5734404e-18 
   6005.392   2.2257755e-16    5.552978e-18 
   6009.607   2.1745529e-16   5.5291755e-18 
  6013.8223   2.2394633e-16    5.515202e-18 
   6018.037    2.150934e-16    5.518667e-18 
  6022.2524   2.4010777e-16    5.651228e-18 
  6026.4673    2.244429e-16   5.5925843e-18 
   6030.682   2.3518423e-16   5.6056214e-18 
  6034.8975    2.209917e-16    5.478586e-18 
  6039.1123   2.2379312e-16   5.4432223e-18 
   6043.327   2.0959922e-16   5.3928722e-18 
  6047.5425   2.1325835e-16   5.4155043e-18 
  6051.7573   2.2449854e-16    5.461281e-18 
  6055.9727   2.2566345e-16   5.4449553e-18 
  6060.1875   2.2608815e-16   5.4314722e-18 
  6064.4023    2.288654e-16    5.456542e-18 
  6068.6177   2.1662608e-16   5.3989313e-18 
  6072.8325   2.2284214e-16    5.361752e-18 
  6077.0474   2.1120445e-16   5.3458388e-18 
  6081.2627    2.268755e-16   5.4282317e-18 
  6085.4775   2.1572104e-16   5.3915004e-18 
   6089.693   2.1487041e-16    5.403105e-18 
  6093.9077   2.0786411e-16   5.3888604e-18 
  6098.1226   2.2837933e-16   5.4174755e-18 
   6102.338   2.2494167e-16   5.3660497e-18 
  6106.5527   2.2251627e-16   5.3699933e-18 
  6110.7676   2.1772361e-16    5.344727e-18 
   6114.983   2.1382505e-16    5.308683e-18 
  6119.1978   2.2072817e-16    5.292483e-18 
   6123.413   2.2669132e-16     5.35766e-18 
   6127.628   2.1707641e-16   5.3228857e-18 
   6131.843   2.3218052e-16    5.457922e-18 
   6136.058   2.2241682e-16    5.364579e-18 
   6140.273   2.2252678e-16   5.3626516e-18 
   6144.488   2.4410404e-16   5.3766525e-18 
   6148.703   2.2704824e-16   5.3069307e-18 
   6152.918   2.2662475e-16    5.297453e-18 
   6157.133    2.261828e-16    5.324672e-18 
   6161.348    2.246676e-16   5.3565627e-18 
   6165.563   2.1831072e-16   5.3375033e-18 
  6169.7783   2.1660098e-16   5.3360172e-18 
   6173.993   2.2669995e-16    5.322301e-18 
   6178.208   2.2400694e-16    5.244532e-18 
  6182.4233   2.1499843e-16    5.256447e-18 
   6186.638   2.1313137e-16   5.2524075e-18 
   6190.853   2.2183144e-16   5.3445314e-18 
  6195.0684   2.1259214e-16     5.29197e-18 
   6199.283   2.2011375e-16   5.2918015e-18 
  6203.4985   2.2566107e-16    5.285376e-18 
  6207.7134   2.1800385e-16   5.2852577e-18 
   6211.928   2.2837075e-16    5.352973e-18 
  6216.1436   2.3125683e-16   5.3212496e-18 
  6220.3584   2.1223329e-16    5.384964e-18 
   6224.573   2.1614093e-16   5.6009164e-18 
  6228.7886   2.1058376e-16   5.6305556e-18 
  6233.0034   2.0658312e-16   5.6177276e-18 
  6237.2188   2.1820204e-16     5.49103e-18 
  6241.4336   2.1978219e-16   5.3553385e-18 
  6245.6484   2.1789741e-16   5.4291028e-18 
   6249.864    2.156585e-16   5.5493872e-18 
  6254.0786   2.1578483e-16    5.559272e-18 
  6258.2935   2.0506024e-16   5.4529868e-18 
   6262.509   2.0969678e-16   5.3090565e-18 
  6266.7236   2.1406264e-16   5.2449165e-18 
   6270.939    2.102705e-16   5.2111717e-18 
   6275.154   2.1538712e-16     5.35181e-18 
  6279.3687   2.0499574e-16   5.3195443e-18 
   6283.584   2.1176783e-16   5.5360953e-18 
   6287.799   2.0515077e-16     6.00532e-18 
  6292.0137    2.066848e-16    6.164991e-18 
   6296.229   2.1730248e-16   6.3125163e-18 
   6300.444   2.1448227e-16   5.9580484e-18 
   6304.659   2.0811307e-16   5.4166194e-18 
   6308.874    2.106298e-16    5.220926e-18 
   6313.089   2.0771269e-16    5.160029e-18 
   6317.304    2.068429e-16   5.3123793e-18 
   6321.519   2.1174805e-16    5.355309e-18 
   6325.734   2.0944474e-16   5.2851808e-18 
   6329.949   1.9975631e-16   5.1453364e-18 
   6334.164   2.0589412e-16    5.090621e-18 
   6338.379   2.1356614e-16   5.1005983e-18 
   6342.594   2.1636964e-16   5.2179947e-18 
   6346.809   2.0402485e-16    5.239776e-18 
  6351.0244   2.1617701e-16    5.429718e-18 
  6355.2393    2.116019e-16    5.461128e-18 
   6359.454   2.0731653e-16    5.380706e-18 
  6363.6694   2.1322386e-16   5.2574078e-18 
  6367.8843   2.0015103e-16   5.0398324e-18 
   6372.099   2.0862862e-16    5.054904e-18 
  6376.3145   1.9601815e-16    5.031438e-18 
  6380.5293   1.9591243e-16   4.9996827e-18 
  6384.7446   2.0643531e-16    4.974652e-18 
  6388.9595    2.071605e-16    4.935742e-18 
  6393.1743   2.1452973e-16    4.935343e-18 
  6397.3896   2.0452704e-16   4.9061038e-18 
  6401.6045      2.1073e-16    4.905918e-18 
  6405.8193   1.9860032e-16    4.882315e-18 
  6410.0347   2.1187318e-16    4.936395e-18 
  6414.2495   2.0286709e-16    4.890572e-18 
   6418.465   2.0981856e-16     4.88741e-18 
  6422.6797   1.9623596e-16    4.816521e-18 
  6426.8945   1.9291598e-16    4.776984e-18 
    6431.11   1.9854495e-16   4.8219873e-18 
  6435.3247   2.0196332e-16   4.8286027e-18 
  6439.5396   2.0597475e-16    4.831534e-18 
   6443.755   2.0238079e-16   4.8484054e-18 
  6447.9697   2.0280644e-16    4.856783e-18 
   6452.185   2.0032864e-16   4.9705692e-18 
     6456.4   2.0971959e-16   5.1773644e-18 
  6460.6147   2.0977159e-16     5.29563e-18 
    6464.83   2.1897762e-16   5.2949183e-18 
   6469.045   2.1626807e-16    5.149985e-18 
    6473.26   2.0781707e-16   4.9261236e-18 
   6477.475   2.1466327e-16   4.8419096e-18 
    6481.69   2.0173752e-16    4.787458e-18 
   6485.905   2.0710333e-16   5.0009355e-18 
    6490.12    2.143998e-16    5.180413e-18 
   6494.335    2.132987e-16    5.241819e-18 
  6498.5503   2.0189185e-16   5.1634074e-18 
   6502.765   1.9748687e-16    4.886038e-18 
    6506.98   2.0699066e-16    4.834356e-18 
  6511.1953     2.13182e-16    4.910855e-18 
    6515.41   2.0886374e-16   4.8640218e-18 
   6519.625   2.0812652e-16   4.9792534e-18 
  6523.8403   2.2429742e-16   5.1087216e-18 
   6528.055    2.197848e-16   5.0831676e-18 
  6532.2705   2.2018655e-16   5.1097627e-18 
  6536.4854   2.1149613e-16   4.9923477e-18 
     6540.7   2.1674153e-16    5.095741e-18 
  6544.9155   2.2227738e-16    5.194525e-18 
  6549.1304   2.2796004e-16    5.200262e-18 
   6553.345   2.3344636e-16     5.22489e-18 
  6557.5605   2.1607353e-16   5.0452934e-18 
  6561.7754   2.2405575e-16   5.0591032e-18 
  6565.9907   2.2187217e-16   5.1035356e-18 
  6570.2056    2.302651e-16    5.125755e-18 
  6574.4204    2.356999e-16   5.0910146e-18 
  6578.6357   2.2602637e-16   4.9890592e-18 
  6582.8506   2.2414763e-16   4.8626375e-18 
  6587.0654     2.31365e-16    4.824436e-18 
   6591.281     2.26714e-16   4.9161896e-18 
  6595.4956   2.4036034e-16    4.998535e-18 
   6599.711   2.2479347e-16   4.9039543e-18 
   6603.926    2.282207e-16   4.8663366e-18 
  6608.1406    2.443498e-16    4.865137e-18 
   6612.356    2.169806e-16    4.737026e-18 
   6616.571   2.1583383e-16   4.7599877e-18 
  6620.7856   2.4190835e-16   4.8612615e-18 
   6625.001   2.2571543e-16    4.817428e-18 
   6629.216   2.1835108e-16   4.7913597e-18 
   6633.431   2.2966475e-16    4.780182e-18 
   6637.646    2.306185e-16   4.7579177e-18 
   6641.861   2.3049913e-16    4.740939e-18 
   6646.076    2.243854e-16    4.705845e-18 
   6650.291   2.2063165e-16   4.6946623e-18 
   6654.506   2.2955564e-16   4.7409873e-18 
   6658.721   2.2365717e-16   4.7259566e-18 
   6662.936   2.1629166e-16   4.7007963e-18 
   6667.151   2.2149214e-16   4.6910637e-18 
   6671.366   2.2335248e-16   4.6951293e-18 
   6675.581   2.2945673e-16   4.7177307e-18 
  6679.7964   2.3281492e-16   4.6961947e-18 
   6684.011    2.305909e-16   4.7004497e-18 
   6688.226   2.4899592e-16    4.778873e-18 
  6692.4414    2.337244e-16   4.7287004e-18 
  6696.6562    2.301982e-16    4.723391e-18 
   6700.871     2.32688e-16    4.734349e-18 
  6705.0864   2.3854346e-16   4.8025503e-18 
  6709.3013   2.4480864e-16   4.7836136e-18 
  6713.5166   2.5661342e-16   4.8688963e-18 
  6717.7314   2.5496732e-16   4.8691834e-18 
  6721.9463    2.756525e-16     5.04664e-18 
  6726.1616   3.5787227e-16    7.162206e-18 
  6730.3765   4.1668436e-16   9.1062006e-18 
  6734.5913   4.7727765e-16    9.996147e-18 
  6738.8066    6.012953e-16    8.813804e-18 
  6743.0215   2.8623247e-16    5.191122e-18 
   6747.237   2.7279173e-16   4.9263763e-18 
  6751.4517   2.9702883e-16    5.079172e-18 
  6755.6665   3.0039044e-16    5.118064e-18 
   6759.882   2.9537204e-16   5.0521135e-18 
  6764.0967   2.6069218e-16    4.789583e-18 
  6768.3115   2.5068033e-16    4.708622e-18 
   6772.527   2.4911011e-16   4.7096885e-18 
  6776.7417    2.418142e-16    4.667499e-18 
   6780.957   2.3680384e-16   4.6436273e-18 
   6785.172   2.4355763e-16   4.6748187e-18 
  6789.3867   2.4346173e-16    4.687398e-18 
   6793.602   2.5176056e-16    4.701112e-18 
   6797.817   2.4200475e-16   4.6334104e-18 
  6802.0317   2.4526517e-16    4.671538e-18 
   6806.247    2.444285e-16   4.6726105e-18 
   6810.462    2.311987e-16   4.6064857e-18 
   6814.677   2.3657302e-16   4.8073396e-18 
   6818.892   2.3349318e-16    5.148262e-18 
   6823.107   2.3090378e-16    5.396707e-18 
  6827.3223   2.2908964e-16     5.49529e-18 
   6831.537   2.3762241e-16   5.3173184e-18 
   6835.752    2.395354e-16   5.0132567e-18 
  6839.9673   2.4847508e-16    4.795005e-18 
   6844.182   2.3045146e-16   4.6585216e-18 
   6848.397   2.4297577e-16   4.7648043e-18 
  6852.6123    2.469879e-16    5.226625e-18 
   6856.827   2.3986705e-16   5.2827385e-18 
  6861.0425    2.288258e-16   5.1974273e-18 
  6865.2573    2.262711e-16   4.9061844e-18 
   6869.472   2.1764353e-16   4.4181354e-18 
  6873.6875   2.1925169e-16    4.453462e-18 
  6877.9023     2.44643e-16   4.6071036e-18 
   6882.117    2.609071e-16   4.7870737e-18 
  6886.3325   2.8356098e-16    4.969988e-18 
  6890.5474   2.8369582e-16   5.0889016e-18 
  6894.7627   3.0096507e-16   5.0918434e-18 
  6898.9775   2.8270881e-16    5.088712e-18 
  6903.1924   2.7023353e-16   5.0722674e-18 
  6907.4077   2.8578913e-16    5.169745e-18 
  6911.6226   2.7320068e-16   5.2672674e-18 
  6915.8374   2.2889175e-16   5.0309646e-18 
  6920.0527   2.1362021e-16   4.8591617e-18 
  6924.2676   2.0908664e-16   4.7467292e-18 
   6928.483   2.2091372e-16    4.671429e-18 
  6932.6978   2.2035303e-16    4.723948e-18 
  6936.9126   2.1587118e-16    4.972566e-18 
   6941.128   2.1562297e-16    5.088904e-18 
   6945.343   2.1411288e-16    4.977712e-18 
  6949.5576   2.0036343e-16   4.7958315e-18 
   6953.773   2.0143617e-16    4.558332e-18 
   6957.988    2.046893e-16    4.545127e-18 
   6962.203   2.1624497e-16   4.6463864e-18 
   6966.418    2.138526e-16    4.795073e-18 
   6970.633    2.172056e-16   4.8599454e-18 
   6974.848   2.0315843e-16    4.754504e-18 
   6979.063   2.0669617e-16   4.6609076e-18 
   6983.278   2.0632324e-16   4.4891605e-18 
   6987.493   2.1514244e-16    4.463165e-18 
   6991.708   2.0936038e-16    4.515795e-18 
   6995.923   2.1413133e-16   4.5611256e-18 
   7000.138   2.1562374e-16   4.6286186e-18 
   7004.353   2.0297121e-16    4.602999e-18 
  7008.5684   2.0745162e-16   4.5585365e-18 
   7012.783   1.9777486e-16   4.4608403e-18 
   7016.998   2.0247912e-16   4.4142163e-18 
  7021.2134   2.0419823e-16   4.3988204e-18 
   7025.428   2.0091676e-16     4.40205e-18 
   7029.643    1.932302e-16    4.417419e-18 
  7033.8584   2.1080461e-16   4.4991003e-18 
   7038.073   2.0209102e-16   4.5571117e-18 
  7042.2886   1.9586942e-16   4.5608923e-18 
  7046.5034   1.9713932e-16   4.5322533e-18 
  7050.7183   2.0812535e-16   4.5085512e-18 
  7054.9336   2.0707531e-16    4.479162e-18 
  7059.1484   1.9535678e-16    4.451186e-18 
  7063.3633   2.0105145e-16    4.467357e-18 
  7067.5786   2.0766733e-16    4.512854e-18 
  7071.7935   2.0427919e-16   4.5072067e-18 
   7076.009   1.9251191e-16    4.482024e-18 
  7080.2236   1.9760478e-16   4.4941504e-18 
  7084.4385   2.0059485e-16   4.4937327e-18 
   7088.654   2.0297936e-16    4.469699e-18 
  7092.8687   1.9429105e-16    4.421427e-18 
  7097.0835   2.0067289e-16    4.434579e-18 
   7101.299   1.9906864e-16   4.4292846e-18 
  7105.5137   1.9910335e-16   4.4524643e-18 
   7109.729   2.0242972e-16   4.4435133e-18 
   7113.944   1.9564713e-16   4.4455337e-18 
  7118.1587   1.9672359e-16   4.4720424e-18 
   7122.374   2.1086859e-16   4.5194642e-18 
   7126.589   2.0532363e-16   4.4906916e-18 
  7130.8037   1.9963186e-16    4.493521e-18 
   7135.019   1.9538226e-16   4.4923344e-18 
   7139.234   1.9089983e-16     4.47175e-18 
   7143.449   1.9884964e-16    4.513578e-18 
   7147.664   2.0579723e-16   4.5178095e-18 
   7151.879   2.0521025e-16   4.4956724e-18 
   7156.094   1.9422958e-16   4.4764835e-18 
   7160.309     1.95654e-16    4.443866e-18 
   7164.524   1.9430691e-16   4.4329515e-18 
  7168.7393   1.9087726e-16    4.418571e-18 
   7172.954   1.9851228e-16   4.4226444e-18 
   7177.169   1.9537068e-16   4.3838728e-18 
  7181.3843   1.9464795e-16    4.359555e-18 
   7185.599   2.0028985e-16    4.358697e-18 
  7189.8145   1.9378892e-16    4.333578e-18 
  7194.0293   2.1078668e-16   4.3994167e-18 
   7198.244   2.0597345e-16   4.4157982e-18 
  7202.4595   1.8922434e-16   4.3644225e-18 
  7206.6743   2.0908658e-16   4.4557035e-18 
   7210.889   2.1117483e-16     4.47568e-18 
  7215.1045   1.9728522e-16   4.4498222e-18 
  7219.3193   1.9325045e-16    4.467838e-18 
  7223.5347   2.0145759e-16    4.576349e-18 
  7227.7495    2.178782e-16   5.2694097e-18 
  7231.9644   2.1114426e-16    6.022964e-18 
  7236.1797   2.0835428e-16   6.4095355e-18 
  7240.3945   2.0677923e-16   6.3590238e-18 
  7244.6094    1.994862e-16    5.858018e-18 
  7248.8247   2.0882128e-16   5.1488097e-18 
  7253.0396    1.989308e-16   4.8123664e-18 
   7257.255   1.9386578e-16   4.6250662e-18 
  7261.4697   2.0328889e-16   4.9178803e-18 
  7265.6846   2.1279167e-16    5.818971e-18 
     7269.9   1.8798982e-16   6.0867167e-18 
  7274.1147    1.853538e-16   6.3304525e-18 
  7278.3296   1.9023164e-16   5.9034536e-18 
   7282.545   1.9931111e-16   5.2824507e-18 
    7286.76   1.9733913e-16    5.025587e-18 
   7290.975   1.9287655e-16   4.9210095e-18 
    7295.19   1.9743742e-16   5.0410186e-18 
   7299.405   2.0701525e-16   5.0085484e-18 
    7303.62   1.8720423e-16    5.412449e-18 
   7307.835    1.920399e-16   5.6924924e-18 
    7312.05   1.9758891e-16   5.6781933e-18 
   7316.265   1.9620829e-16    5.752831e-18 
    7320.48   1.9600375e-16   5.3465042e-18 
   7324.695   1.9947704e-16   5.1786916e-18 
    7328.91   2.0577865e-16   5.8526986e-18 
   7333.125   2.0168948e-16    5.987926e-18 
  7337.3403   2.1393636e-16    6.474917e-18 
   7341.555   2.0533585e-16   5.7225567e-18 
    7345.77   2.0143542e-16   5.0826377e-18 
  7349.9854   1.8080166e-16   4.9444076e-18 
     7354.2   1.7831616e-16    5.083742e-18 
   7358.415   2.1034184e-16   5.7239736e-18 
  7362.6304   1.9038402e-16   5.6453414e-18 
   7366.845   1.9941012e-16   5.5708894e-18 
  7371.0605   1.9313908e-16   5.2456548e-18 
  7375.2754   1.9708958e-16   4.6127586e-18 
    7379.49   1.8393612e-16   4.6009188e-18 
  7383.7056   1.6929007e-16   4.7417955e-18 
  7387.9204   1.7836939e-16    4.957176e-18 
  7392.1353   1.8334437e-16    5.325653e-18 
  7396.3506   1.8851082e-16    5.324189e-18 
  7400.5654   1.9823915e-16    5.131825e-18 
   7404.781   1.8872862e-16   4.8313845e-18 
  7408.9956   1.8674808e-16   4.4706424e-18 
  7413.2104   1.8688353e-16   4.4618048e-18 
   7417.426   1.9485379e-16    4.563009e-18 
  7421.6406    1.896457e-16    4.638295e-18 
  7425.8555   1.8796352e-16    4.781882e-18 
   7430.071   1.7678758e-16    4.880682e-18 
  7434.2856   1.8851486e-16   4.8272226e-18 
   7438.501   1.7701097e-16   4.6925774e-18 
   7442.716   1.7796717e-16   4.4915014e-18 
  7446.9307   1.8799812e-16   4.4289715e-18 
   7451.146    1.832696e-16   4.4874317e-18 
   7455.361   1.8897644e-16    4.634143e-18 
  7459.5757   1.8243369e-16   4.7935745e-18 
   7463.791   1.8786001e-16   5.0332873e-18 
   7468.006   1.7751681e-16    5.119737e-18 
   7472.221   1.7690173e-16   5.2204493e-18 
   7476.436   1.8712316e-16   5.1514757e-18 
   7480.651   1.8176745e-16   4.9784887e-18 
   7484.866   1.7566522e-16   4.7939596e-18 
   7489.081   1.8594704e-16   4.6063794e-18 
   7493.296   1.7385208e-16   4.4861003e-18 
   7497.511   1.7781395e-16   4.4278097e-18 
   7501.726   1.7660846e-16   4.3595524e-18 
   7505.941   1.7706946e-16    4.422298e-18 
  7510.1562   1.7651701e-16    4.774558e-18 
   7514.371    1.672199e-16   5.3318586e-18 
  7518.5864   1.7851104e-16    5.558669e-18 
  7522.8013   1.6495985e-16    5.537723e-18 
   7527.016   1.6894236e-16   5.1675503e-18 
  7531.2314    1.590757e-16   4.6946863e-18 
  7535.4463   1.7568641e-16    4.552481e-18 
   7539.661    1.703693e-16    4.445672e-18 
  7543.8765    1.821163e-16     4.53295e-18 
  7548.0913   1.7717051e-16   4.5852698e-18 
  7552.3066   1.7814379e-16    4.613874e-18 
  7556.5215   1.7955641e-16    4.714838e-18 
  7560.7363   1.7476336e-16     4.99685e-18 
  7564.9517   1.7970229e-16    5.132622e-18 
  7569.1665   1.6227792e-16    5.061504e-18 
  7573.3813   1.6977461e-16   4.9473453e-18 
  7577.5967    1.758785e-16    4.727955e-18 
  7581.8115   1.7811096e-16    4.612391e-18 
   7586.027   1.6189325e-16   4.5084466e-18 
  7590.2417   1.5792798e-16    4.296473e-18 
  7594.4565   1.3225492e-16     3.80854e-18 
   7598.672    1.249031e-16   3.5352537e-18 
  7602.8867   1.3373917e-16   3.3530136e-18 
  7607.1016   1.8162566e-16   3.6027525e-18 
   7611.317   2.1625233e-16    3.930393e-18 
  7615.5317   2.0646478e-16   4.1652812e-18 
   7619.747   1.9411463e-16   4.2599214e-18 
   7623.962   1.5574723e-16   4.0111498e-18 
   7628.177   1.6192863e-16   3.9264365e-18 
   7632.392   1.7111713e-16   3.8358193e-18 
   7636.607   1.7946975e-16   3.8133837e-18 
   7640.822   1.8509397e-16    3.962515e-18 
   7645.037   1.9958506e-16    4.132734e-18 
   7649.252   1.7360524e-16     4.25305e-18 
   7653.467   1.6747248e-16   4.4322856e-18 
   7657.682   1.8230162e-16   4.4880367e-18 
   7661.897   1.7715234e-16    4.505246e-18 
  7666.1123   1.7344766e-16    4.406108e-18 
   7670.327   1.6731835e-16   4.3167955e-18 
   7674.542     1.63407e-16   4.3572256e-18 
  7678.7573   1.7727427e-16   4.4859688e-18 
   7682.972   1.7665224e-16    4.550814e-18 
   7687.187   1.6684467e-16   4.5840203e-18 
  7691.4023   1.6287333e-16   4.6445497e-18 
   7695.617   1.6931352e-16   4.7004046e-18 
  7699.8325   1.6707537e-16   5.2160827e-18 
  7704.0474   1.5460179e-16   6.2038066e-18 
   7708.262   1.6341463e-16   6.8280955e-18 
  7712.4775    1.447967e-16   6.8489914e-18 
  7716.6924    1.338862e-16    6.386833e-18 
   7720.907   1.5997416e-16   5.5215878e-18 
  7725.1226   1.6840968e-16    5.045617e-18 
  7729.3374   1.7442149e-16   4.8405352e-18 
  7733.5527   1.7365642e-16   4.8093443e-18 
  7737.7676   1.6370088e-16     5.51168e-18 
  7741.9824   1.6697629e-16   6.3864427e-18 
  7746.1978   1.7047209e-16   6.5766157e-18 
  7750.4126   1.5497732e-16   6.6668305e-18 
  7754.6274   1.5998827e-16    5.902405e-18 
   7758.843   1.6653969e-16   5.3489295e-18 
  7763.0576   1.7396758e-16   5.2088945e-18 
   7767.273   1.8233099e-16   5.0953325e-18 
   7771.488   1.6507264e-16   5.2321283e-18 
  7775.7026   1.5913995e-16    5.197712e-18 
   7779.918   1.7020792e-16   5.4230925e-18 
   7784.133   1.8527459e-16    6.047772e-18 
  7788.3477   1.8491403e-16   6.0769837e-18 
   7792.563    1.777131e-16    6.042899e-18 
   7796.778   1.6279274e-16    5.790288e-18 
   7800.993   1.6308522e-16   5.3089908e-18 
   7805.208   1.6956806e-16    5.394927e-18 
   7809.423   1.9269232e-16   6.1316264e-18 
   7813.638   1.7816568e-16   6.4244045e-18 
   7817.853   1.6039945e-16   6.3094037e-18 
   7822.068   1.4731328e-16    6.041107e-18 
   7826.283   1.6745059e-16   5.2415123e-18 
   7830.498   1.5979671e-16   5.1298412e-18 
   7834.713   1.7674798e-16    5.332335e-18 
   7838.928    1.665354e-16   5.7801987e-18 
   7843.143   1.7820309e-16    6.790316e-18 
  7847.3584   1.7733082e-16    7.073818e-18 
   7851.573   1.6050639e-16    7.270499e-18 
   7855.788   1.5550986e-16   6.8979203e-18 
  7860.0034   1.7602541e-16    6.606596e-18 
  7864.2183   1.6336188e-16   6.2821617e-18 
   7868.433   1.7812805e-16    6.321891e-18 
  7872.6484    1.693095e-16   6.1866286e-18 
  7876.8633   1.8169247e-16   6.0753517e-18 
  7881.0786   1.8069929e-16   6.2591595e-18 
  7885.2935   1.7278559e-16   5.9557385e-18 
  7889.5083   1.8213208e-16     5.80362e-18 
  7893.7236   1.9037927e-16    5.337438e-18 
  7897.9385   1.7435468e-16   5.1416794e-18 
  7902.1533    1.805261e-16   6.5668297e-18 
  7906.3687   1.6409606e-16     7.29089e-18 
  7910.5835   1.6092656e-16     7.83856e-18 
   7914.799   1.5429474e-16    7.584246e-18 
  7919.0137   1.5992638e-16    6.731922e-18 
  7923.2285   1.8228954e-16   6.2653356e-18 
   7927.444   1.7537788e-16   5.7890475e-18 
  7931.6587   1.6986319e-16   5.5098327e-18 
  7935.8735   1.7516607e-16    5.373991e-18 
   7940.089   1.9138983e-16    5.546572e-18 
  7944.3037   1.8314294e-16   5.5715557e-18 
   7948.519   1.7987077e-16   5.5834514e-18 
   7952.734    1.510183e-16    6.175994e-18 
  7956.9487   1.7163926e-16    6.702948e-18 
   7961.164   1.7084754e-16   6.7674942e-18 
   7965.379   1.7075128e-16   6.7570875e-18 
  7969.5938   1.7423396e-16   6.2989034e-18 
   7973.809   1.6840917e-16    5.913635e-18 
   7978.024   1.8522976e-16    6.183313e-18 
  7982.2393   1.7702499e-16   6.8051553e-18 
   7986.454   2.0022431e-16    7.062484e-18 
   7990.669    1.846065e-16   7.0401805e-18 
  7994.8843   1.6599499e-16   6.4786456e-18 
   7999.099   1.8145808e-16   5.5677105e-18 
   8003.314   1.7650285e-16   5.4741866e-18 
  8007.5293    1.672295e-16   5.6401087e-18 
   8011.744   1.7498171e-16   6.0927713e-18 
   8015.959   1.8183189e-16    6.689488e-18 
  8020.1743   1.8735642e-16    6.753325e-18 
   8024.389   1.7915567e-16   6.6079137e-18 
  8028.6045   1.9164703e-16    6.106271e-18 
  8032.8193   1.8816973e-16   5.2938744e-18 
   8037.034   1.7888204e-16   5.0982586e-18 
  8041.2495   1.9249327e-16    5.382538e-18 
  8045.4644   1.7311224e-16   5.4751552e-18 
   8049.679   1.8069438e-16   5.8414266e-18 
  8053.8945   1.8800948e-16   6.1201456e-18 
  8058.1094   1.8266802e-16   5.9701872e-18 
  8062.3247   1.8179936e-16   5.8172035e-18 
  8066.5396   1.7085222e-16   5.3904887e-18 
  8070.7544   1.7266352e-16    5.106859e-18 
  8074.9697   1.8101665e-16   5.1474635e-18 
  8079.1846   1.8184162e-16   5.1868695e-18 
  8083.3994   1.7851425e-16   5.2310422e-18 
  8087.6147   1.7978184e-16    5.339947e-18 
  8091.8296   1.8047641e-16   5.5006965e-18 
   8096.045   1.7942473e-16   5.5676187e-18 
    8100.26   1.6533398e-16    5.419238e-18 
  8104.4746   1.8355806e-16    5.365264e-18 
    8108.69   1.7890998e-16    5.154651e-18 
   8112.905   1.8489193e-16    5.069573e-18 
  8117.1196   1.7596665e-16   5.0344508e-18 
   8121.335   1.6845753e-16    5.027448e-18 
    8125.55    1.715489e-16   5.1031733e-18 
   8129.765    1.689673e-16   5.1603385e-18 
    8133.98   1.7680416e-16   5.2441005e-18 
   8138.195   1.7733248e-16    5.300192e-18 
    8142.41   1.6985084e-16    5.193275e-18 
   8146.625   1.6708585e-16   5.1209565e-18 
    8150.84   1.7004875e-16   5.0374894e-18 
   8155.055   1.7437419e-16    4.975153e-18 
    8159.27   1.7978707e-16   4.9981983e-18 
   8163.485   1.7128707e-16   4.9862576e-18 
     8167.7   1.7768193e-16   5.0102503e-18 
   8171.915   1.6185906e-16   4.9663026e-18 
  8176.1304   1.8012483e-16   5.1101258e-18 
   8180.345   1.6580444e-16    5.072595e-18 
    8184.56   1.8272622e-16    5.174868e-18 
  8188.7754   1.8510494e-16   5.2224726e-18 
    8192.99   1.8124841e-16   5.1693316e-18 
   8197.205   1.7258815e-16    5.126043e-18 
    8201.42   1.8026743e-16   5.1425794e-18 
   8205.636   1.7640168e-16   5.1583963e-18 
   8209.851   1.7713442e-16   5.1927955e-18 
   8214.065   1.6917327e-16   5.0804478e-18 
    8218.28   1.5739585e-16   5.0418495e-18 
   8222.495   1.6568328e-16   5.0256032e-18 
   8226.711   1.7015459e-16     5.04948e-18 
   8230.926   1.6823187e-16    5.076859e-18 
   8235.141   1.7415409e-16    5.139107e-18 
   8239.355   1.7314125e-16    5.177252e-18 
    8243.57   1.7860416e-16    5.275026e-18 
   8247.785   1.7705331e-16   5.2935266e-18 
   8252.001   1.6774842e-16    5.235106e-18 
   8256.216   1.7075435e-16   5.1812377e-18 
   8260.431   1.5651606e-16    5.124552e-18 
  8264.6455   1.5997309e-16   5.3251005e-18 
    8268.86   1.5541703e-16   6.1581984e-18 
   8273.076   1.5981875e-16    6.992199e-18 
   8277.291   1.6779638e-16   7.9039415e-18 
   8281.506   1.6883145e-16    8.244671e-18 
   8285.721   1.5870717e-16    8.433614e-18 
   8289.936   1.5674108e-16    8.502281e-18 
   8294.151   1.5099857e-16    7.926529e-18 
   8298.366    1.551371e-16    7.578863e-18 
   8302.581    1.691214e-16    6.937769e-18 
   8306.796   1.6287045e-16    6.057878e-18 
   8311.011   1.6255159e-16    5.885852e-18 
   8315.226   1.7131617e-16   5.5557027e-18 
   8319.441   1.6278434e-16   5.2625086e-18 
   8323.656   1.6122737e-16     5.21887e-18 
   8327.871   1.7019085e-16   5.4528565e-18 
   8332.086   1.7768058e-16   7.3684786e-18 
   8336.301   1.6921222e-16   9.5451556e-18 
   8340.517   1.7300697e-16    9.911443e-18 
   8344.731   1.6010876e-16   1.0060601e-17 
   8348.946   1.6465626e-16    8.541185e-18 
   8353.161   1.7312296e-16     7.23494e-18 
   8357.376   1.6984574e-16   6.7044263e-18 
   8361.591   1.5023093e-16   6.0416064e-18 
   8365.807   1.6698454e-16    6.013951e-18 
   8370.021   1.6041598e-16   6.0433216e-18 
   8374.236   1.5453244e-16   6.4589976e-18 
   8378.451    1.603895e-16    6.570475e-18 
   8382.666   1.5999383e-16   6.6071655e-18 
   8386.882    1.726507e-16   7.5111275e-18 
   8391.097   1.6692477e-16   8.6337986e-18 
   8395.312   1.7291284e-16    8.563574e-18 
   8399.526   1.6241935e-16    8.314221e-18 
   8403.741   1.7032119e-16    7.380045e-18 
   8407.957    1.495525e-16    6.795273e-18 
   8412.172   1.6086437e-16   6.9302573e-18 
   8416.387   1.7098629e-16    7.556416e-18 
   8420.602   1.6188269e-16    8.715063e-18 
   8424.816   1.6743001e-16    8.992819e-18 
   8429.031   1.3467486e-16    8.915747e-18 
   8433.247   1.4018767e-16    7.692226e-18 
   8437.462    1.666701e-16    6.048182e-18 
   8441.677   1.6104236e-16   6.3932483e-18 
   8445.892   1.6941217e-16   6.7875207e-18 
   8450.106   1.6751581e-16     6.97186e-18 
   8454.322   1.5878788e-16    8.011698e-18 
   8458.537   1.6756566e-16    8.238636e-18 
   8462.752    1.439678e-16    8.222659e-18 
   8466.967   1.4919974e-16     7.85949e-18 
   8471.182   1.6344239e-16   6.4043628e-18 
   8475.397   1.6199201e-16   5.5390264e-18 
   8479.612   1.5760075e-16    5.732739e-18 
   8483.827   1.4573694e-16   6.1804007e-18 
   8488.042   1.4632321e-16    6.341244e-18 
   8492.257    1.438638e-16    6.980509e-18 
   8496.472   1.4786464e-16    7.471852e-18 
  8500.6875   1.7054145e-16    7.318957e-18 
   8504.902   1.5799875e-16    7.159409e-18 
   8509.117    1.664639e-16    6.462584e-18 
   8513.332   1.7342133e-16    5.649004e-18 
   8517.547   1.5429902e-16    5.492644e-18 
   8521.763   1.5869199e-16    5.500767e-18 
   8525.978   1.6764897e-16   5.6953714e-18 
   8530.192   1.6439606e-16   5.9080573e-18 
   8534.407   1.5371724e-16    6.065165e-18 
   8538.622    1.492609e-16   6.4033706e-18 
   8542.837   1.6213169e-16    6.537997e-18 
   8547.053   1.6520843e-16     6.41968e-18 
   8551.268   1.7278697e-16    6.218629e-18 
   8555.482   1.5306386e-16   5.6397873e-18 
   8559.697   1.6132759e-16    5.536894e-18 
   8563.912   1.5451316e-16   5.5596066e-18 
   8568.128   1.7333669e-16   5.6589816e-18 
   8572.343   1.6408342e-16    5.610709e-18 
   8576.558   1.6317842e-16   5.7035514e-18 
   8580.772   1.6438241e-16   5.8121974e-18 
   8584.987   1.6539701e-16    6.003761e-18 
   8589.203    1.759397e-16    6.154449e-18 
   8593.418   1.7765436e-16   6.0649296e-18 
   8597.633   1.7060755e-16   5.9721878e-18 
   8601.848   1.5876791e-16   5.7840112e-18 
  8606.0625   1.7707372e-16     5.91294e-18 
   8610.277   1.5715808e-16    6.017012e-18 
   8614.493   1.6843881e-16   6.3730474e-18 
   8618.708   1.7354976e-16   6.7458845e-18 
   8622.923   1.7844732e-16    6.978569e-18 
   8627.138   1.6195948e-16    6.974268e-18 
   8631.353   1.6059443e-16    6.822375e-18 
   8635.568   1.6421215e-16   6.6116683e-18 
   8639.783   1.6552334e-16    6.623671e-18 
   8643.998   1.7176522e-16   6.7647513e-18 
   8648.213   1.6290469e-16   6.9083598e-18 
   8652.428   1.4879693e-16    7.046709e-18 
   8656.644   1.5532577e-16    7.026477e-18 
   8660.858   1.5870921e-16    6.898792e-18 
   8665.073   1.5320699e-16    6.777144e-18 
   8669.288   1.5393331e-16    6.603526e-18 
   8673.503   1.5052379e-16   6.3811206e-18 
   8677.718   1.6394382e-16   6.2335318e-18 
   8681.934   1.7349219e-16    6.163145e-18 
   8686.148   1.6986547e-16   6.0741647e-18 
   8690.363   1.5425645e-16    5.963345e-18 
   8694.578   1.5693204e-16   5.9865046e-18 
   8698.793   1.6743951e-16    6.067329e-18 
   8703.009   1.6352123e-16   6.0279517e-18 
   8707.224   1.5750784e-16   5.8908747e-18 
   8711.438   1.5921014e-16    5.804019e-18 
   8715.653   1.7375445e-16    5.856931e-18 
   8719.868   1.5507805e-16   5.7901853e-18 
   8724.083   1.5874008e-16   5.8108247e-18 
   8728.299   1.5828097e-16    5.860008e-18 
   8732.514   1.6365262e-16   5.9414162e-18 
   8736.729   1.7150575e-16    6.009053e-18 
   8740.943   1.7314013e-16   5.9816602e-18 
   8745.158   1.7138233e-16   6.2110035e-18 
   8749.374   1.6963669e-16   7.6841985e-18 
   8753.589   1.7414342e-16    9.209429e-18 
   8757.804   1.3877318e-16   1.0823037e-17 
   8762.019   1.8042895e-16   1.1281564e-17 
   8766.233   1.4953348e-16   1.1355492e-17 
   8770.449   1.4855477e-16   1.1303614e-17 
   8774.664   1.3807701e-16    1.001484e-17 
   8778.879   1.3339035e-16    9.783003e-18 
   8783.094   1.5711143e-16    8.444958e-18 
   8787.309   1.5021809e-16    7.406699e-18 
   8791.523   1.4812342e-16    7.238105e-18 
   8795.739   1.5311756e-16   6.5861225e-18 
   8799.954   1.7083052e-16   6.2303885e-18 
   8804.169   1.6954618e-16   6.2425385e-18 
   8808.384   1.7350996e-16    6.252345e-18 
   8812.599   1.9507337e-16   7.3421966e-18 
   8816.814   1.5028816e-16   1.0676492e-17 
   8821.029   1.3729139e-16  1.23893714e-17 
   8825.244   1.2678663e-16   1.3273283e-17 
   8829.459   8.2304815e-17   1.2698676e-17 
   8833.674   1.4323507e-16   1.0185608e-17 
   8837.889   1.7296632e-16   8.9479824e-18 
  8842.1045   1.5799416e-16   8.1197215e-18 
   8846.319   1.5973216e-16   7.3005174e-18 
   8850.534   1.6839106e-16    7.280821e-18 
   8854.749   1.4703597e-16     7.32352e-18 
   8858.964   1.4820641e-16    8.002551e-18 
    8863.18   1.6984713e-16   8.3266226e-18 
   8867.395   1.4811525e-16    8.067682e-18 
   8871.609   1.7415221e-16    8.280405e-18 
   8875.824     2.28433e-16   1.0243736e-17 
   8880.039   2.2180505e-16   1.1260228e-17 
   8884.255   1.5930734e-16  1.10101925e-17 
    8888.47   1.2513509e-16  1.02228315e-17 
   8892.685   1.3279888e-16    8.485221e-18 
   8896.899   1.3594241e-16    8.642202e-18 
   8901.114   1.7235224e-16    8.755753e-18 
   8905.329   2.0459338e-16   9.0598834e-18 
   8909.545   1.7548978e-16    1.083497e-17 
    8913.76    1.659465e-16   1.1638234e-17 
   8917.975   1.1801558e-16  1.16881746e-17 
   8922.189   1.5699056e-16   1.0971847e-17 
   8926.404   1.4924902e-16    7.801053e-18 
    8930.62   1.7724444e-16    7.308303e-18 
   8934.835   1.8623675e-16    8.477934e-18 
    8939.05   1.7343375e-16     8.62176e-18 
   8943.265   1.7039852e-16     8.71838e-18 
  8947.4795    1.565057e-16   1.0146856e-17 
   8951.695    1.620875e-16  1.07431935e-17 
    8955.91   1.7747065e-16   1.0805982e-17 
   8960.125   2.1637506e-16   1.0444669e-17 
    8964.34   2.0019475e-16    8.171234e-18 
   8968.555   1.6531531e-16   6.5375657e-18 
    8972.77   1.7786923e-16    6.761175e-18 
   8976.985   1.7941667e-16   7.3626296e-18 
     8981.2   1.8365941e-16    8.026781e-18 
   8985.415   1.6469347e-16    7.976492e-18 
    8989.63    1.714423e-16    8.933433e-18 
   8993.845   1.9274836e-16    9.721729e-18 
   8998.061   1.7186555e-16    9.295598e-18 
   9002.275   1.8139068e-16   9.1261315e-18 
    9006.49   1.7998869e-16    7.912541e-18 
   9010.705   1.6525627e-16   6.5613302e-18 
    9014.92   1.6807213e-16   6.6088443e-18 
   9019.135   1.6460648e-16    6.590185e-18 
   9023.351   1.7886725e-16   6.8000045e-18 
   9027.565   1.7499406e-16    7.206002e-18 
    9031.78   1.4963587e-16    7.364583e-18 
   9035.995   1.5605466e-16    7.691275e-18 
    9040.21   1.8853225e-16    8.626121e-18 
   9044.426    1.793569e-16    8.384301e-18 
   9048.641   1.7196194e-16    8.220334e-18 
   9052.855    1.598861e-16   7.7971335e-18 
    9057.07    1.644807e-16    7.045083e-18 
   9061.285   1.6246714e-16    6.766838e-18 
   9065.501    1.614781e-16   6.7932543e-18 
   9069.716   1.7158102e-16    6.840107e-18 
   9073.931   1.7014524e-16    6.775194e-18 
  9078.1455   1.7564807e-16    6.776905e-18 
    9082.36    1.826731e-16   7.1321655e-18 
   9086.575   1.7563568e-16    7.205599e-18 
   9090.791   1.5942404e-16    7.401502e-18 
   9095.006   1.5490229e-16    7.613679e-18 
   9099.221   1.5538683e-16    7.545364e-18 
   9103.436   1.4682444e-16    7.383875e-18 
    9107.65   1.4407375e-16    7.040392e-18 
   9111.866   1.6244242e-16   6.8789506e-18 
   9116.081    1.668822e-16    6.884519e-18 
   9120.296    1.685399e-16    6.927035e-18 
   9124.511   1.8031735e-16    6.986016e-18 
   9128.726   1.5836483e-16    6.880954e-18 
   9132.941   1.5725614e-16    6.924895e-18 
   9137.156   1.7204704e-16    6.989569e-18 
   9141.371   1.6518739e-16   7.1339125e-18 
   9145.586   1.4650742e-16    7.262872e-18 
   9149.801   1.4440918e-16    7.410611e-18 
   9154.016   1.5029648e-16    7.606901e-18 
   9158.231   1.8210691e-16    7.626347e-18 
   9162.446   1.6778412e-16    7.459728e-18 
   9166.661   1.4505681e-16    7.185676e-18 
   9170.876   1.5478233e-16    7.069327e-18 
   9175.091   1.5896597e-16    7.123429e-18 
   9179.307   1.6626046e-16    7.136046e-18 
   9183.521   1.5783703e-16   7.1595195e-18 
   9187.736   1.6050691e-16    7.180025e-18 
   9191.951    1.511382e-16   7.1994045e-18 
   9196.166   1.5254815e-16    7.238122e-18 
   9200.381   1.5977801e-16    7.281117e-18 
   9204.597   1.4566644e-16    7.276495e-18 
   9208.812   1.5182907e-16    7.464218e-18 
   9213.026   1.3660885e-16    7.541232e-18 
   9217.241   1.4795764e-16    7.794625e-18 
   9221.456   1.6873857e-16    7.898665e-18 
   9225.672   1.6109738e-16    7.746841e-18 
   9229.887   1.4961752e-16    7.634712e-18 
   9234.102   1.5889315e-16    7.632258e-18 
   9238.316   1.6967183e-16    7.610727e-18 
   9242.531   1.5528373e-16    7.625416e-18 
   9246.747   1.6664676e-16    7.691024e-18 
   9250.962   1.3816764e-16    7.639691e-18 
   9255.177   1.3438281e-16     7.65107e-18 
   9259.392   1.5406783e-16     7.74303e-18 
   9263.606   1.4335865e-16    7.702704e-18 
   9267.821   1.4704278e-16   7.7780306e-18 
   9272.037    1.531949e-16    7.779989e-18 
   9276.252   1.5726188e-16    7.865349e-18 
   9280.467   1.3831378e-16    7.951832e-18 
   9284.682   1.4995923e-16    8.255102e-18 
   9288.896   1.6394389e-16    8.320308e-18 
   9293.112   1.6225792e-16     8.90993e-18 
   9297.327   1.9687597e-16   1.1831963e-17 
   9301.542   1.8984458e-16    1.469587e-17 
   9305.757   2.2478796e-16   1.7180781e-17 
   9309.972   1.4601453e-16   1.7225108e-17 
  9314.1875    2.136821e-16   1.7591806e-17 
   9318.402   1.6704465e-16   1.5682901e-17 
   9322.617   1.6142202e-16   1.5210457e-17 
   9326.832   1.6381761e-16   1.4184705e-17 
   9331.047   1.9082093e-16    1.192031e-17 
   9335.262   1.7993987e-16   1.0066766e-17 
   9339.478   1.3008743e-16   1.0058509e-17 
   9343.692   1.4869249e-16   9.1340005e-18 
   9347.907    1.436113e-16    8.545165e-18 
   9352.122   1.2882218e-16    8.569935e-18 
   9356.337   1.6653805e-16    8.719867e-18 
   9360.553   1.5821247e-16   8.7739875e-18 
   9364.768   1.5765155e-16   1.4894538e-17 
   9368.982   1.8773143e-16   1.8961767e-17 
   9373.197    1.745686e-16   1.9568863e-17 
   9377.412   1.5351397e-16   1.9157326e-17 
   9381.627   1.8502283e-16   1.5100915e-17 
   9385.843    1.648285e-16   1.0123437e-17 
   9390.058   1.6851918e-16   1.0580236e-17 
   9394.272   1.6221235e-16   1.0966879e-17 
   9398.487   1.6805381e-16  1.11079644e-17 
   9402.702   1.5023085e-16   1.0756318e-17 
   9406.918   1.3698557e-16   1.0672899e-17 
   9411.133   1.6706174e-16   1.1953729e-17 
   9415.348     1.56714e-16   1.2514046e-17 
  9419.5625   1.8735609e-16  1.25711915e-17 
   9423.777   1.5793117e-16   1.1955753e-17 
   9427.993   1.3804572e-16   1.2541519e-17 
   9432.208   1.8082449e-16   1.6473272e-17 
   9436.423   1.8435345e-16   1.7154361e-17 
   9440.638   1.6631536e-16   1.7453693e-17 
   9444.853    1.638948e-16   1.4414406e-17 
   9449.067   1.5115625e-16   1.3540989e-17 
   9453.283   1.4838257e-16  1.38506794e-17 
   9457.498   1.5238579e-16   1.3800305e-17 
   9461.713    9.863009e-17   1.2723126e-17 
   9465.928   2.0077623e-16   1.5274175e-17 
   9470.143   1.5155338e-16   1.7544539e-17 
   9474.358   1.3115683e-16   1.8099746e-17 
   9478.573   1.8194253e-16    1.804592e-17 
   9482.788   1.9967264e-16     1.41282e-17 
   9487.003   1.6059068e-16    1.030133e-17 
   9491.218    1.534611e-16   1.1759183e-17 
   9495.434   1.6573649e-16   1.3339185e-17 
   9499.648   1.6117612e-16   1.3730037e-17 
   9503.863   1.6314747e-16  1.36663646e-17 
   9508.078    1.854219e-16   1.4499894e-17 
   9512.293    2.086894e-16   1.5623686e-17 
   9516.508   1.7646153e-16    1.570369e-17 
   9520.724   1.4748843e-16   1.5186796e-17 
   9524.938    1.540876e-16   1.3154104e-17 
   9529.153   1.7925865e-16  1.10432425e-17 
   9533.368   1.6811551e-16   1.0800501e-17 
   9537.583   1.7207412e-16   1.0766509e-17 
   9541.799   1.7155362e-16   1.1936767e-17 
   9546.014   1.2274738e-16   1.2919022e-17 
   9550.229    1.449914e-16   1.3156755e-17 
   9554.443   1.8108181e-16   1.3965797e-17 
   9558.658   1.8962868e-16   1.5832298e-17 
   9562.873   1.7272732e-16   1.5952625e-17 
   9567.089   1.9545643e-16   1.5889304e-17 
   9571.304   1.5371753e-16    1.432988e-17 
   9575.519   1.4729989e-16   1.1532229e-17 
   9579.733   1.6826654e-16   1.0760231e-17 
   9583.948   1.3687538e-16   1.0543441e-17 
   9588.164   1.5413343e-16    1.064418e-17 
   9592.379   1.4399955e-16   1.0515959e-17 
   9596.594    1.476748e-16    1.141558e-17 
   9600.809   1.5926868e-16      1.2147e-17 
   9605.023   1.4149308e-16   1.2208214e-17 
   9609.239   1.5418531e-16   1.3067737e-17 
   9613.454   1.5346834e-16   1.3385011e-17 
   9617.669   1.4011222e-16   1.3115154e-17 
   9621.884    1.204609e-16   1.3019477e-17 
   9626.099   1.3527823e-16   1.2241388e-17 
   9630.313   1.4568646e-16  1.12835195e-17 
   9634.529   1.2305362e-16   1.1116281e-17 
   9638.744   1.4654882e-16    1.103328e-17 
   9642.959   1.2506017e-16   1.0973534e-17 
   9647.174    1.326465e-16    1.138371e-17 
   9651.389   1.4120974e-16   1.1548126e-17 
  9655.6045   1.2508461e-16  1.20521655e-17 
   9659.819   1.5132016e-16    1.312035e-17 
   9664.034   1.4436585e-16   1.3575393e-17 
   9668.249   1.3397978e-16   1.4124493e-17 
   9672.464   1.5867259e-16   1.5407104e-17 
   9676.679   1.2049832e-16   1.5249632e-17 
   9680.895   1.2607111e-16   1.5501917e-17 
   9685.109   1.1769634e-16   1.5252191e-17 
   9689.324   1.0668187e-16    1.543447e-17 
   9693.539     1.43676e-16   1.6167324e-17 
   9697.754    1.327268e-16   1.5866381e-17 
    9701.97   1.5427089e-16   1.6248438e-17 
   9706.185   1.4835652e-16   1.5283111e-17 
   9710.399   1.3030969e-16    1.687479e-17 
   9714.614   1.3153064e-16   1.7733938e-17 
   9718.829   1.4877616e-16    1.745528e-17 
   9723.045   1.3385949e-16   1.6371795e-17 
    9727.26   1.3782859e-16    1.498379e-17 
   9731.475    1.387199e-16     1.47611e-17 
   9735.689   1.5006385e-16    1.518596e-17 
   9739.904   1.4059674e-16    1.499932e-17 
   9744.119   1.7127054e-16    1.421809e-17 
   9748.335   1.4162825e-16   1.3300111e-17 
    9752.55   1.2087629e-16   1.2854188e-17 
   9756.765   1.4480642e-16  1.27499055e-17 
  9760.9795    1.205466e-16   1.2682908e-17 
   9765.194   1.2345859e-16   1.2817356e-17 
    9769.41   1.3885333e-16   1.3134966e-17 
   9773.625    1.541418e-16   1.3490493e-17 
    9777.84   1.7527021e-16   1.6205568e-17 
   9782.055   2.2815592e-16   2.1611425e-17 
    9786.27   2.2675887e-16   2.4236936e-17 
   9790.485   1.6419403e-16   2.5284488e-17 
     9794.7   1.9645005e-16   2.3937058e-17 
   9798.915   1.7761823e-16   1.9637061e-17 
    9803.13     1.59393e-16    1.856327e-17 
   9807.345   1.3493237e-16   1.6857972e-17 
    9811.56   1.1535166e-16   1.6380788e-17 
   9815.775    1.594128e-16     1.62377e-17 
    9819.99   1.1850846e-16   1.5434275e-17 
   9824.205   1.2834471e-16   1.5223308e-17 
    9828.42    1.508853e-16   1.5297197e-17 
   9832.635   1.4065654e-16   1.5153902e-17 
   9836.851   1.0008008e-16    1.614747e-17 
   9841.065   9.7557946e-17   1.7564757e-17 
    9845.28   1.1745389e-16   1.8152945e-17 
   9849.495   1.2679781e-16    1.829313e-17 
    9853.71   1.4558346e-16     1.70602e-17 
   9857.925   1.2147928e-16   1.7229985e-17 
   9862.141   1.4704194e-16   2.1651113e-17 
   9866.355   1.1840463e-16   2.4468314e-17 
    9870.57   1.1725665e-16    2.535102e-17 
   9874.785    1.823555e-16   2.4174382e-17 
     9879.0   1.3481215e-16   2.0062131e-17 
   9883.216   1.2422098e-16   1.8979581e-17 
   9887.431   1.0269272e-16   2.0530355e-17 
  9891.6455  1.06911976e-16   2.1060318e-17 
    9895.86   1.2637209e-16   2.0817471e-17 
   9900.075   1.2219336e-16    2.055283e-17 
   9904.291   1.1848014e-16   2.3393584e-17 
   9908.506     1.05851e-16   2.6145646e-17 
   9912.721   1.1207718e-16   2.6792256e-17 
   9916.936    9.631668e-17   2.6167354e-17 
    9921.15    7.529876e-17     2.12317e-17 
   9925.365  1.00033896e-16   1.9163679e-17 
   9929.581   1.4885098e-16   2.0241053e-17 
   9933.796   1.1562897e-16   2.5387498e-17 
   9938.011   1.7269349e-16   2.9999495e-17 
   9942.226    4.721694e-17    3.173612e-17 
    9946.44    1.427261e-16   3.3257938e-17 
   9950.656   1.7708733e-16    3.284412e-17 
   9954.871    1.141583e-16    3.129341e-17 
   9959.086    1.580087e-16   3.0649315e-17 
   9963.301   1.8328029e-16   2.8347274e-17 
   9967.516    1.277045e-16    2.438141e-17 
   9971.731   1.4693679e-16    2.249567e-17 
   9975.946   1.6347242e-16   2.1352258e-17 
   9980.161   1.4371985e-16   2.0026337e-17 
   9984.376   1.0176565e-16   1.8952607e-17 
   9988.591   8.1408886e-17   1.8887134e-17 
   9992.806   1.3189612e-16   1.9841466e-17 
   9997.021   1.3097575e-16   1.9699265e-17 
