# STATUS =
# OBJECT = 2018bsz
# TELESCOPE = ESO-NTT
# INSTRUMENT = EFOSC2-NTT
# DATE-OBS = 2018-08-13 02:05:30.00
# MJD = 58343.08715280006
# EXPTIME = 2700
# AIRMASS = --
# SLIT = --
# DISPERSER = --
# SOURCE = --
# FILTER =
# RESOLUTION =
# FLUX_STANDARD =
# EXTINCTION_CORRECTED = --
# PHOTOMETRY_CALIBRATED =
# TELLURIC_CORRECTED =
# FLUX_UNITS = erg cm(-2) sec(-1) Ang(-1)
# WAVE_UNITS = Angstrom
# QUALITY = --
# MIN_WAVE = 5998.3813
# MAX_WAVE = 9997.314
# COMMENT = Released as part of DR4
 Wavelength           Flux           Error 
  5998.3813  3.7245794e-16   5.7167734e-18 
   6002.595  3.7185543e-16   5.6680024e-18 
  6006.8086  3.7454746e-16   5.6890207e-18 
  6011.0225  3.7199607e-16   5.6755745e-18 
  6015.2363   3.896691e-16    5.732109e-18 
    6019.45   3.869771e-16   5.7492274e-18 
   6023.664   3.945491e-16   5.7673386e-18 
   6027.878  3.9288977e-16    5.769918e-18 
   6032.092  3.8849232e-16   5.7310315e-18 
  6036.3057  3.7818155e-16   5.6697023e-18 
  6040.5195  3.8389804e-16   5.6493106e-18 
  6044.7334  3.7655863e-16    5.611384e-18 
  6048.9473  3.7094199e-16   5.6017763e-18 
   6053.161   3.848108e-16   5.6646044e-18 
   6057.375  3.8454113e-16    5.657981e-18 
   6061.589  3.8587991e-16   5.6641275e-18 
  6065.8027  3.9002688e-16   5.6200495e-18 
  6070.0166  4.0157589e-16      5.6959e-18 
  6074.2305  3.8880588e-16    5.632986e-18 
   6078.444  3.9251978e-16   5.6606757e-18 
  6082.6577  3.9342055e-16   5.6347858e-18 
  6086.8716  3.8844473e-16   5.6104286e-18 
  6091.0854  3.7864107e-16    5.561772e-18 
  6095.2993  3.8401083e-16   5.5818834e-18 
   6099.513   3.870929e-16    5.590885e-18 
   6103.727   3.953656e-16   5.6207737e-18 
   6107.941  3.8589074e-16    5.562978e-18 
   6112.155  3.8876014e-16    5.576738e-18 
  6116.3687  3.8460545e-16    5.558552e-18 
  6120.5825   3.917053e-16   5.5647194e-18 
  6124.7964  3.7800351e-16   5.5310846e-18 
  6129.0103  3.9563765e-16    5.596883e-18 
   6133.224    3.85017e-16    5.552781e-18 
   6137.438  3.7959422e-16   5.5126612e-18 
   6141.652  3.8023984e-16    5.527521e-18 
  6145.8657   3.840471e-16   5.5351477e-18 
  6150.0796  3.8540963e-16   5.5172364e-18 
   6154.293   3.785014e-16     5.50024e-18 
   6158.507  3.8185045e-16   5.5037475e-18 
  6162.7207  3.8312433e-16    5.508587e-18 
  6166.9346  3.8117854e-16    5.502531e-18 
  6171.1484  3.7009437e-16    5.422978e-18 
  6175.3623  3.7715855e-16   5.4389388e-18 
   6179.576  3.6635835e-16   5.3989917e-18 
    6183.79   3.738294e-16    5.415105e-18 
   6188.004   3.778695e-16    5.437509e-18 
   6192.218   3.861254e-16    5.469959e-18 
  6196.4316   3.766916e-16    5.427133e-18 
  6200.6455  3.7578108e-16    5.435327e-18 
  6204.8594   3.678212e-16   5.3923263e-18 
   6209.073   3.686057e-16   5.3867573e-18 
   6213.287  3.6628468e-16   5.3646273e-18 
   6217.501   3.674712e-16   5.3586075e-18 
   6221.715  3.5972536e-16     5.35292e-18 
   6225.928   3.697401e-16   5.4243804e-18 
   6230.142  3.6751754e-16   5.4330774e-18 
   6234.356   3.726507e-16     5.42936e-18 
    6238.57   3.638744e-16   5.3522755e-18 
  6242.7837  3.5580066e-16   5.2976766e-18 
  6246.9976  3.6230678e-16   5.3396775e-18 
  6251.2114   3.598899e-16    5.366635e-18 
  6255.4253  3.6742434e-16   5.3948695e-18 
   6259.639   3.579067e-16     5.30346e-18 
   6263.853   3.576486e-16    5.284449e-18 
   6268.067    3.40716e-16    5.178221e-18 
   6272.281   3.470618e-16   5.1824433e-18 
  6276.4946  3.3666796e-16    5.171381e-18 
  6280.7085  3.4156146e-16   5.1777404e-18 
  6284.9224  3.4876282e-16   5.4671944e-18 
   6289.136   3.583147e-16   5.9138124e-18 
    6293.35  3.4931202e-16   5.9433436e-18 
  6297.5635   3.528826e-16   5.9831872e-18 
  6301.7773  3.5298918e-16   5.5850826e-18 
   6305.991  3.4754725e-16   5.1979397e-18 
   6310.205  3.4941488e-16    5.193206e-18 
   6314.419  3.5162288e-16   5.1792574e-18 
   6318.633  3.5113396e-16   5.2392962e-18 
  6322.8467  3.4897588e-16   5.2148493e-18 
  6327.0605  3.5474253e-16   5.2300864e-18 
  6331.2744  3.4469455e-16   5.1427324e-18 
  6335.4883   3.462987e-16   5.1374935e-18 
   6339.702   3.560433e-16   5.1696514e-18 
   6343.916   3.468544e-16    5.129028e-18 
    6348.13  3.3989833e-16    5.172153e-18 
  6352.3438  3.5427362e-16   5.3770475e-18 
  6356.5576  3.3668144e-16   5.3446455e-18 
  6360.7715   3.423647e-16   5.3573068e-18 
  6364.9854   3.421969e-16   5.2241063e-18 
   6369.199  3.4501505e-16    5.076061e-18 
  6373.4126    3.45854e-16   5.1021708e-18 
  6377.6265  3.3943638e-16   5.0821654e-18 
  6381.8403  3.4078295e-16    5.061045e-18 
   6386.054  3.3992165e-16   5.0625224e-18 
   6390.268  3.5339734e-16   5.1088623e-18 
   6394.482  3.4285525e-16   5.0420145e-18 
   6398.696  3.4133263e-16    5.022072e-18 
  6402.9097  3.3986546e-16   5.0133684e-18 
  6407.1235  3.4162602e-16   5.0284247e-18 
  6411.3374  3.4300136e-16   5.0343593e-18 
  6415.5513   3.379244e-16   4.9863734e-18 
   6419.765  3.2026308e-16   4.9010894e-18 
   6423.979  3.2188681e-16    4.911863e-18 
   6428.193  3.2442945e-16   4.9302487e-18 
  6432.4067  3.3369382e-16    4.950067e-18 
  6436.6206  3.1990454e-16    4.904372e-18 
  6440.8345  3.2115318e-16   4.8932754e-18 
   6445.048  3.2903146e-16   4.9163244e-18 
  6449.2617  3.2136057e-16     4.90225e-18 
  6453.4756   3.293022e-16   4.9564443e-18 
  6457.6895  3.3387948e-16   5.0184134e-18 
  6461.9033   3.376233e-16   5.0577946e-18 
   6466.117  3.4396777e-16   5.0627134e-18 
   6470.331   3.341254e-16    4.974751e-18 
   6474.545  3.3914498e-16   4.9567905e-18 
   6478.759  3.4501055e-16   4.9488942e-18 
  6482.9727  3.4806058e-16    4.963414e-18 
  6487.1865   3.631497e-16   5.0742865e-18 
  6491.4004  3.5151023e-16   5.0772073e-18 
  6495.6143  3.4943455e-16   5.0720097e-18 
   6499.828  3.6449675e-16     5.09687e-18 
   6504.042  3.6253468e-16    5.058115e-18 
   6508.256   3.635001e-16   5.0354334e-18 
  6512.4697  3.7507972e-16    5.092598e-18 
  6516.6836  3.6934925e-16   5.0902217e-18 
   6520.897  3.7916747e-16    5.135159e-18 
   6525.111  3.9265957e-16   5.2128463e-18 
  6529.3247  3.8529904e-16    5.179171e-18 
  6533.5386  3.9114322e-16   5.2034185e-18 
  6537.7524   3.973786e-16    5.207457e-18 
  6541.9663  3.9581826e-16   5.2393575e-18 
    6546.18  4.0282245e-16    5.264402e-18 
   6550.394  4.1841898e-16   5.3655418e-18 
   6554.608  4.1586343e-16   5.3790836e-18 
   6558.822  4.1716187e-16   5.3543277e-18 
  6563.0356  4.2453328e-16    5.388295e-18 
  6567.2495  4.2703494e-16   5.3542595e-18 
  6571.4634     4.3092e-16   5.3659777e-18 
  6575.6772   4.454874e-16    5.442508e-18 
   6579.891  4.5425853e-16   5.4525004e-18 
   6584.105   4.534406e-16   5.4163923e-18 
   6588.319  4.6123093e-16   5.4374304e-18 
   6592.532   4.591228e-16   5.4048494e-18 
   6596.746   4.610339e-16    5.425517e-18 
    6600.96  4.7090675e-16    5.460053e-18 
   6605.174  4.5791385e-16    5.414924e-18 
  6609.3877   4.705947e-16   5.4437935e-18 
  6613.6016   4.663759e-16   5.4353633e-18 
  6617.8154  4.6129345e-16   5.4228013e-18 
  6622.0293  4.7663317e-16    5.456804e-18 
   6626.243  4.6462266e-16    5.408368e-18 
   6630.457  4.5857903e-16     5.37739e-18 
   6634.671   4.705315e-16     5.43013e-18 
   6638.885  4.7105106e-16   5.4070356e-18 
  6643.0986  4.7200784e-16   5.4218347e-18 
  6647.3125   4.756129e-16      5.4323e-18 
  6651.5264  4.7147257e-16   5.4042315e-18 
    6655.74   4.704965e-16    5.391513e-18 
   6659.954   4.610167e-16   5.3612404e-18 
  6664.1675   4.659118e-16     5.38165e-18 
  6668.3813   4.716643e-16    5.401097e-18 
   6672.595   4.719115e-16   5.4036798e-18 
   6676.809   4.769113e-16   5.4475088e-18 
   6681.023   4.753419e-16   5.4169114e-18 
   6685.237  4.9326185e-16    5.483361e-18 
  6689.4507   4.995405e-16   5.5166544e-18 
  6693.6646   5.056523e-16    5.546937e-18 
  6697.8784   5.050939e-16    5.541467e-18 
  6702.0923     5.1491e-16   5.5884893e-18 
   6706.306   5.363121e-16   5.6855316e-18 
    6710.52  5.3830373e-16   5.7035046e-18 
   6714.734  5.6875605e-16    5.814279e-18 
  6718.9478  5.7356105e-16   5.8366782e-18 
  6723.1616   6.194019e-16   6.0736196e-18 
  6727.3755   8.066192e-16     7.61522e-18 
  6731.5894   8.872142e-16    8.113951e-18 
   6735.803   9.094784e-16    8.759307e-18 
  6740.0166   7.958167e-16    8.169054e-18 
  6744.2305  6.2789033e-16   6.0276527e-18 
  6748.4443   6.176097e-16   5.9674584e-18 
   6752.658  6.0768674e-16    5.974902e-18 
   6756.872   6.099102e-16   5.9878562e-18 
   6761.086   6.100943e-16   5.9458793e-18 
     6765.3  5.8688123e-16    5.808192e-18 
  6769.5137  5.6774946e-16   5.7375344e-18 
  6773.7275  5.7510684e-16    5.763479e-18 
  6777.9414   5.684591e-16    5.719327e-18 
  6782.1553   5.596204e-16    5.682003e-18 
   6786.369   5.753047e-16   5.7478527e-18 
   6790.583  5.8207337e-16   6.1735103e-18 
   6794.797   5.709192e-16   5.7384232e-18 
  6799.0107  5.6553817e-16   5.6998716e-18 
  6803.2246   5.625241e-16   5.6890314e-18 
  6807.4385  5.5773345e-16   5.6660234e-18 
   6811.652   5.525867e-16    5.649696e-18 
  6815.8657   5.530959e-16   5.6776097e-18 
  6820.0796   5.512121e-16    5.740628e-18 
  6824.2935  5.4584095e-16   5.7582623e-18 
  6828.5073  5.3767497e-16    5.747652e-18 
   6832.721  5.4282297e-16    5.724851e-18 
   6836.935  5.3815545e-16   5.6216944e-18 
   6841.149   5.335913e-16   5.5655644e-18 
   6845.363  5.3017333e-16     5.54602e-18 
  6849.5767  5.3890364e-16   5.5919663e-18 
  6853.7905   5.349949e-16   5.6355923e-18 
  6858.0044  5.1409887e-16   5.4909035e-18 
  6862.2183  4.9276274e-16   5.3044892e-18 
   6866.432  4.7327516e-16   5.0670607e-18 
   6870.646   4.608412e-16   4.8856207e-18 
    6874.86  5.0372663e-16   5.0247963e-18 
  6879.0737  5.1218007e-16   5.1351666e-18 
  6883.2876  5.2232297e-16   5.2505976e-18 
   6887.501  5.3471533e-16    5.351468e-18 
   6891.715  5.1078834e-16   5.3136924e-18 
  6895.9287   5.191244e-16    5.331336e-18 
  6900.1426   5.196734e-16    5.373223e-18 
  6904.3564  5.1432873e-16    5.379791e-18 
  6908.5703   5.137866e-16    5.414381e-18 
   6912.784   4.990317e-16    5.398181e-18 
   6916.998  4.7250383e-16   5.2666912e-18 
   6921.212   4.588427e-16   5.2023734e-18 
   6925.426  4.5161584e-16     5.17968e-18 
  6929.6396  4.5375036e-16    5.154634e-18 
  6933.8535   4.438743e-16     5.13854e-18 
  6938.0674  4.4085976e-16    5.181318e-18 
  6942.2812  4.4072186e-16    5.177154e-18 
   6946.495   4.390245e-16    5.164613e-18 
   6950.709  4.3766714e-16    5.135879e-18 
   6954.923   4.329438e-16   5.0653753e-18 
   6959.136   4.275683e-16    5.055567e-18 
    6963.35   4.248979e-16    5.066078e-18 
   6967.564  4.3082388e-16   5.1126627e-18 
   6971.778  4.2520816e-16    5.099063e-18 
  6975.9917   4.143918e-16    5.052729e-18 
  6980.2056   4.084547e-16   5.0036974e-18 
  6984.4194  4.0801402e-16   4.9536815e-18 
  6988.6333  4.0692672e-16   4.9495584e-18 
   6992.847  4.0278632e-16    4.939937e-18 
   6997.061  3.9716965e-16    4.916536e-18 
   7001.275  3.9255308e-16   4.9001998e-18 
   7005.489  3.9858896e-16    4.940564e-18 
  7009.7026   3.934788e-16   4.8972467e-18 
  7013.9165  3.8867234e-16   4.8687628e-18 
  7018.1304  3.9549842e-16   4.8663197e-18 
   7022.344   3.951382e-16    4.885373e-18 
   7026.558  3.9039934e-16     4.85663e-18 
  7030.7715  3.8349133e-16    4.834825e-18 
  7034.9854  3.8545902e-16   4.8633724e-18 
   7039.199    3.77307e-16   4.8320723e-18 
   7043.413  3.7884602e-16   4.8544455e-18 
   7047.627   3.754569e-16    4.829495e-18 
   7051.841  3.8070936e-16    4.839588e-18 
  7056.0547  3.5866514e-16     4.74575e-18 
  7060.2686  3.7340317e-16    4.807777e-18 
  7064.4824  3.8372554e-16    4.844033e-18 
  7068.6963  3.7254404e-16   4.8091354e-18 
    7072.91  3.7769935e-16   4.8080576e-18 
   7077.124  3.7113376e-16    4.796488e-18 
   7081.338  3.6041125e-16    4.753752e-18 
   7085.552   3.748869e-16   4.7993735e-18 
  7089.7656   3.754431e-16   4.8040007e-18 
  7093.9795  3.6768467e-16   4.7667474e-18 
  7098.1934  3.7334187e-16   4.7816304e-18 
   7102.407  3.6987245e-16   4.7746114e-18 
  7106.6206   3.704294e-16   4.7759717e-18 
  7110.8345  3.6985207e-16     4.75668e-18 
  7115.0483   3.638054e-16   4.7551594e-18 
   7119.262  3.6069808e-16   4.7535307e-18 
   7123.476  3.6261547e-16   4.7578697e-18 
    7127.69  3.6067497e-16    4.745628e-18 
   7131.904  3.6505947e-16   4.7659905e-18 
  7136.1177   3.660257e-16    4.765508e-18 
  7140.3315   3.712057e-16    4.776789e-18 
  7144.5454   3.686932e-16   4.7757248e-18 
  7148.7593  3.5618307e-16   4.7286214e-18 
   7152.973  3.5718032e-16    4.708987e-18 
   7157.187   3.529498e-16   4.6927193e-18 
   7161.401  3.4915643e-16    4.652966e-18 
  7165.6147  3.4238424e-16    4.595805e-18 
  7169.8286  3.4785642e-16   4.6187193e-18 
  7174.0425  3.4094077e-16    4.573643e-18 
   7178.256   3.484579e-16   4.5751984e-18 
  7182.4697   3.393382e-16   4.5318157e-18 
  7186.6836   3.475211e-16    4.570535e-18 
  7190.8975  3.5310525e-16   4.5697212e-18 
  7195.1113   3.545779e-16    4.585577e-18 
   7199.325  3.4481028e-16    4.561435e-18 
   7203.539  3.4952256e-16    4.598318e-18 
   7207.753   3.584557e-16   4.6805812e-18 
   7211.967   3.507505e-16    4.670228e-18 
  7216.1807  3.5457747e-16   4.6874005e-18 
  7220.3945  3.6274803e-16   4.7243403e-18 
  7224.6084  3.5508383e-16   4.7121903e-18 
  7228.8223  3.5278554e-16    4.808265e-18 
   7233.036  3.5500302e-16    4.995357e-18 
    7237.25  3.4981603e-16     5.03558e-18 
   7241.464  3.4766422e-16   5.0069743e-18 
  7245.6777   3.592637e-16    4.916271e-18 
  7249.8916  3.6179557e-16   4.7846865e-18 
   7254.105   3.517142e-16   4.6995204e-18 
   7258.319   3.552315e-16   4.6866312e-18 
  7262.5327  3.5698685e-16   4.7842865e-18 
  7266.7466   3.515651e-16    4.954793e-18 
  7270.9604  3.5083914e-16   5.0103583e-18 
  7275.1743  3.5888077e-16    5.101618e-18 
   7279.388    3.60762e-16    4.985047e-18 
   7283.602   3.515024e-16    4.812845e-18 
   7287.816  3.4911418e-16   4.7365106e-18 
    7292.03   3.458492e-16   4.7177857e-18 
  7296.2437  3.4535693e-16   4.7567145e-18 
  7300.4575  3.5589897e-16   4.7697476e-18 
  7304.6714  3.5664158e-16   4.8960394e-18 
  7308.8853  3.5264547e-16    4.958193e-18 
   7313.099   3.602669e-16    4.992828e-18 
   7317.313  3.5181373e-16    4.960694e-18 
   7321.527    3.59122e-16   4.8765163e-18 
    7325.74  3.5353588e-16   4.8441715e-18 
   7329.954   3.663547e-16   5.0627337e-18 
   7334.168   3.452544e-16   4.9979717e-18 
   7338.382  3.4593064e-16   4.9831246e-18 
  7342.5957  3.4476057e-16    4.900199e-18 
  7346.8096  3.4128368e-16   4.7445293e-18 
  7351.0234   3.295825e-16   4.7001225e-18 
  7355.2373   3.402652e-16    4.773266e-18 
   7359.451  3.3652683e-16     4.89924e-18 
   7363.665  3.3831084e-16    4.889234e-18 
   7367.879  3.4076014e-16   4.8538483e-18 
   7372.093    3.51315e-16    4.818546e-18 
  7376.3066  3.3718198e-16   4.6488444e-18 
  7380.5205   3.376194e-16    4.670774e-18 
  7384.7344  3.3312985e-16    4.661004e-18 
   7388.948  3.3981194e-16    4.757216e-18 
   7393.162  3.2982936e-16   4.7885544e-18 
  7397.3755  3.3285208e-16   4.7545444e-18 
  7401.5894  3.3184292e-16   4.7466117e-18 
   7405.803  3.3682662e-16    4.681455e-18 
   7410.017  3.2583306e-16    4.589939e-18 
   7414.231   3.261366e-16   4.5969136e-18 
   7418.445   3.338933e-16    4.654301e-18 
  7422.6587  3.2582374e-16   4.6209634e-18 
  7426.8726  3.3030373e-16    4.667473e-18 
  7431.0864  3.2302276e-16   4.6585476e-18 
  7435.3003   3.322519e-16    4.678749e-18 
   7439.514  3.2036432e-16   4.6317925e-18 
   7443.728   3.245227e-16    4.599184e-18 
   7447.942   3.216128e-16   4.5694818e-18 
   7452.156   3.324002e-16   4.6354035e-18 
  7456.3696  3.3418925e-16    4.673786e-18 
  7460.5835  3.2540451e-16    4.668357e-18 
  7464.7974  3.2011596e-16   4.6943033e-18 
   7469.011  3.2622182e-16   4.7431033e-18 
  7473.2246  3.3563485e-16    4.823469e-18 
  7477.4385   3.193863e-16   4.7115496e-18 
  7481.6523  3.1930302e-16   4.6873633e-18 
   7485.866  3.3203035e-16   4.7004563e-18 
    7490.08  3.2290487e-16   4.6018833e-18 
   7494.294   3.232485e-16    4.602982e-18 
   7498.508   3.232718e-16    4.579828e-18 
  7502.7217  3.1971288e-16   4.5726648e-18 
  7506.9355  3.1989457e-16   4.5990795e-18 
  7511.1494   3.170613e-16   4.6715732e-18 
  7515.3633  3.1688021e-16   4.8368257e-18 
   7519.577  3.2225932e-16   4.8835106e-18 
   7523.791  3.1790084e-16   4.8528193e-18 
   7528.005   3.078743e-16   4.7222327e-18 
  7532.2188   3.137939e-16   4.6307337e-18 
  7536.4326  3.1338882e-16   4.5629975e-18 
  7540.6465  3.0933664e-16   4.5543832e-18 
    7544.86  3.1055235e-16   4.5626083e-18 
  7549.0737  3.0830003e-16   4.5591904e-18 
  7553.2876  3.1010914e-16   4.5762543e-18 
  7557.5015  3.0625024e-16   4.5983194e-18 
  7561.7153  3.0273701e-16    4.653704e-18 
   7565.929   3.066147e-16   4.7059504e-18 
   7570.143  3.0175276e-16   4.6968473e-18 
   7574.357  2.9792523e-16   4.6263827e-18 
   7578.571  3.0184038e-16   4.5420082e-18 
  7582.7847  2.9794175e-16   4.4439985e-18 
  7586.9985   2.918235e-16   4.2475174e-18 
  7591.2124   2.738759e-16   3.8871574e-18 
  7595.4263   2.367648e-16    3.401394e-18 
    7599.64  2.0510504e-16   3.0100397e-18 
   7603.854  2.3965704e-16   2.9889282e-18 
   7608.068  3.1583474e-16   3.2958296e-18 
  7612.2817  3.4339737e-16   3.5694593e-18 
  7616.4956   3.365624e-16    3.734257e-18 
   7620.709  3.1567528e-16    3.756053e-18 
   7624.923  2.7548513e-16   3.5562864e-18 
  7629.1367   2.746467e-16    3.550093e-18 
  7633.3506  2.8075598e-16    3.572674e-18 
  7637.5645  2.9042685e-16    3.650825e-18 
  7641.7783  3.0849837e-16   3.8380577e-18 
   7645.992  2.9024113e-16   3.8923203e-18 
   7650.206  2.9239977e-16    4.011014e-18 
    7654.42   2.977532e-16   4.1698543e-18 
   7658.634  2.9958544e-16    4.261218e-18 
  7662.8477  2.9635094e-16    4.299199e-18 
  7667.0615  2.8727392e-16   4.3091006e-18 
  7671.2754  2.9352333e-16   4.3795003e-18 
  7675.4893  2.8996174e-16   4.4178004e-18 
   7679.703  2.9136536e-16    4.459413e-18 
   7683.917  2.9510186e-16   4.5373706e-18 
   7688.131  2.9370957e-16    4.549669e-18 
   7692.344  2.9356537e-16   4.5391842e-18 
   7696.558  2.9407576e-16   4.5943464e-18 
   7700.772  2.8677042e-16   4.6818042e-18 
   7704.986  3.0249886e-16   4.9674247e-18 
  7709.1997   3.042031e-16    5.132353e-18 
  7713.4136  3.0181232e-16   5.1501353e-18 
  7717.6274  3.0284594e-16   5.0240316e-18 
  7721.8413   2.992259e-16   4.7793586e-18 
   7726.055   2.961752e-16   4.6804704e-18 
   7730.269  2.9930476e-16    4.665452e-18 
   7734.483  3.0168632e-16   4.6873955e-18 
   7738.697  3.0770825e-16   4.9083003e-18 
  7742.9106  3.0557116e-16   5.1032453e-18 
  7747.1245  3.0003604e-16   5.1434037e-18 
  7751.3384   3.046796e-16    5.194447e-18 
  7755.5522   2.985426e-16   4.9160754e-18 
   7759.766  2.9843562e-16    4.825948e-18 
  7763.9795  2.8988376e-16     4.73216e-18 
  7768.1934  2.9913734e-16   4.7621164e-18 
   7772.407  2.8829854e-16   4.7205163e-18 
   7776.621  2.9811468e-16   4.7852994e-18 
   7780.835  2.9731248e-16   4.8442005e-18 
   7785.049   2.957038e-16    4.982732e-18 
  7789.2627  2.9969556e-16   5.0102603e-18 
  7793.4766  2.8317632e-16   4.9324126e-18 
  7797.6904   2.790397e-16    4.839779e-18 
  7801.9043   2.810082e-16    4.739599e-18 
   7806.118  2.8293762e-16   4.7727957e-18 
   7810.332  2.9898233e-16   5.0263775e-18 
   7814.546  2.8529515e-16   5.0049374e-18 
    7818.76  2.8535293e-16   5.0324275e-18 
  7822.9736  2.8416754e-16     4.95246e-18 
  7827.1875  2.8036626e-16    4.730755e-18 
  7831.4014  2.8017793e-16    4.716204e-18 
   7835.615  2.9196138e-16    4.798607e-18 
  7839.8286  2.8886714e-16    4.910409e-18 
  7844.0425  2.8790057e-16   5.1287138e-18 
  7848.2563   2.944188e-16    5.224976e-18 
    7852.47  2.9230151e-16    5.290027e-18 
   7856.684   2.895251e-16    5.201936e-18 
   7860.898  2.9134304e-16   5.1470925e-18 
   7865.112  2.9344003e-16   5.0817494e-18 
  7869.3257  2.9821177e-16    5.117734e-18 
  7873.5396  3.0247287e-16    5.080662e-18 
  7877.7534  2.9206053e-16   5.0232793e-18 
  7881.9673  3.0248902e-16    5.094917e-18 
   7886.181   3.024304e-16   5.0466484e-18 
   7890.395  2.9200159e-16    4.939107e-18 
   7894.609   2.949732e-16    4.840646e-18 
  7898.8228    2.93493e-16   4.8750183e-18 
  7903.0366  3.0072952e-16   5.2823667e-18 
  7907.2505  3.0963496e-16   5.5298323e-18 
   7911.464  3.0271515e-16   5.6389246e-18 
  7915.6777  3.0263113e-16   5.5479608e-18 
  7919.8916  2.9799776e-16   5.2710625e-18 
  7924.1055  3.0386981e-16   5.1515328e-18 
  7928.3193  3.1023122e-16    5.059243e-18 
   7932.533   3.119658e-16    5.044935e-18 
   7936.747   3.226529e-16   5.0883672e-18 
   7940.961   3.192799e-16   5.0899082e-18 
   7945.175  3.2686808e-16   5.1395705e-18 
  7949.3887    3.22038e-16      5.1532e-18 
  7953.6025  3.2054924e-16   5.3547847e-18 
  7957.8164  3.1795992e-16    5.455371e-18 
  7962.0303  3.2442918e-16   5.5059698e-18 
   7966.244  3.2856808e-16    5.501969e-18 
   7970.458     3.2752e-16   5.3445806e-18 
   7974.672   3.366736e-16   5.2968283e-18 
  7978.8857  3.3601863e-16   5.3693336e-18 
  7983.0996  3.3295663e-16    5.556604e-18 
   7987.313  3.2644152e-16    5.585988e-18 
   7991.527  3.2167802e-16   5.5629774e-18 
  7995.7407  3.3093646e-16    5.444351e-18 
  7999.9546   3.337851e-16   5.2269903e-18 
  8004.1685  3.3534283e-16    5.241152e-18 
  8008.3823  3.3680452e-16   5.2839483e-18 
   8012.596   3.339657e-16   5.3867863e-18 
    8016.81  3.3436679e-16    5.511561e-18 
   8021.024  3.3685926e-16   5.5369018e-18 
   8025.238  3.3494827e-16   5.5128697e-18 
  8029.4517  3.3350726e-16   5.3507146e-18 
  8033.6655   3.438163e-16   5.2580286e-18 
  8037.8794   3.461326e-16   5.2635314e-18 
  8042.0933  3.3848239e-16   5.2782668e-18 
   8046.307  3.3727963e-16   5.2818365e-18 
   8050.521  3.3562376e-16   5.3422513e-18 
   8054.735  3.3869687e-16    5.439001e-18 
   8058.948   3.320334e-16   5.3825515e-18 
   8063.162  3.3945552e-16    5.389961e-18 
   8067.376  3.4463817e-16   5.3523226e-18 
    8071.59  3.4039448e-16   5.2794207e-18 
  8075.8037   3.497438e-16    5.314047e-18 
  8080.0176   3.296954e-16   5.2424176e-18 
  8084.2314  3.3641181e-16     5.28966e-18 
  8088.4453  3.4922504e-16    5.368757e-18 
   8092.659   3.367594e-16   5.3279224e-18 
   8096.873  3.3433116e-16    5.355873e-18 
   8101.087   3.357164e-16    5.342188e-18 
   8105.301   3.267525e-16   5.2724567e-18 
  8109.5146  3.3124327e-16    5.264938e-18 
  8113.7285  3.2899517e-16   5.2514872e-18 
  8117.9424  3.3163394e-16    5.265663e-18 
  8122.1562    3.35637e-16   5.2843557e-18 
    8126.37  3.2238148e-16   5.2099102e-18 
   8130.584   3.293806e-16    5.254156e-18 
  8134.7974  3.1974493e-16   5.2051833e-18 
   8139.011   3.229026e-16    5.246297e-18 
   8143.225  3.2601168e-16     5.22504e-18 
   8147.439  3.3632293e-16    5.268125e-18 
   8151.653  3.1211896e-16    5.117845e-18 
  8155.8667  3.1978162e-16    5.104815e-18 
  8160.0806  3.1024548e-16    5.100337e-18 
  8164.2944  3.1532413e-16   5.1382317e-18 
  8168.5083  3.0636128e-16     5.11486e-18 
   8172.722   3.199481e-16   5.2254803e-18 
   8176.936   3.296443e-16   5.2995696e-18 
    8181.15   3.102445e-16   5.2516953e-18 
   8185.364  3.1214466e-16   5.2917937e-18 
  8189.5776  3.1252583e-16   5.3028183e-18 
   8193.791  3.0420172e-16   5.2872285e-18 
   8198.005  3.1845217e-16   5.3201647e-18 
   8202.219  3.2777697e-16     5.34889e-18 
   8206.433   3.192738e-16   5.3441563e-18 
   8210.646    3.11837e-16    5.279774e-18 
    8214.86  3.0008302e-16   5.2291273e-18 
   8219.074  2.8532895e-16     5.10023e-18 
   8223.288  2.9686602e-16   5.1078924e-18 
   8227.502  2.7896297e-16   5.0174816e-18 
   8231.716  2.9295797e-16   5.0946554e-18 
    8235.93  3.0501416e-16    5.208449e-18 
   8240.144  3.0839421e-16    5.246127e-18 
   8244.357  3.1289754e-16   5.3063467e-18 
   8248.571  2.8987527e-16   5.1729253e-18 
   8252.785  2.9017821e-16   5.1939754e-18 
   8256.999  2.9834838e-16   5.2431356e-18 
   8261.213  2.8099715e-16    5.176053e-18 
   8265.427  2.8720547e-16    5.250961e-18 
   8269.641    2.96709e-16   5.4037865e-18 
  8273.8545   2.864347e-16    5.521296e-18 
   8278.068   2.814196e-16    5.711802e-18 
   8282.282  2.8209736e-16    5.802639e-18 
   8286.496    2.81491e-16   5.8802545e-18 
    8290.71   2.744721e-16    5.875292e-18 
   8294.924   2.784002e-16    5.763715e-18 
   8299.138  2.8512585e-16    5.734318e-18 
   8303.352   2.833119e-16    5.552787e-18 
   8307.565  2.8132834e-16   5.3511166e-18 
   8311.779  2.7584928e-16    5.309969e-18 
   8315.992  2.7604227e-16   5.2151967e-18 
   8320.206  2.7591884e-16    5.172522e-18 
    8324.42  2.7882924e-16   5.1860684e-18 
   8328.634  2.7825977e-16   5.2417836e-18 
   8332.848  2.7701884e-16   5.7432597e-18 
   8337.062  2.7802004e-16   6.3054866e-18 
   8341.275  2.7193262e-16    6.503171e-18 
   8345.489  2.6284015e-16   6.5005382e-18 
   8349.703    2.72279e-16   6.0079207e-18 
   8353.917  2.6355375e-16   5.6166655e-18 
   8358.131  2.6253085e-16   5.4580777e-18 
   8362.345  2.6779894e-16   5.3651815e-18 
   8366.559  2.5631606e-16   5.2905256e-18 
   8370.772  2.6347508e-16    5.342747e-18 
   8374.986  2.6091675e-16   5.4450864e-18 
     8379.2  2.6793182e-16   5.5195806e-18 
   8383.414  2.6904585e-16   5.5440713e-18 
   8387.628  2.6567228e-16    5.794071e-18 
   8391.842  2.6403756e-16   6.1305966e-18 
   8396.056  2.6172357e-16    6.104907e-18 
    8400.27  2.5981073e-16    6.014439e-18 
   8404.483   2.701021e-16    5.719543e-18 
   8408.697  2.7016865e-16   5.5790557e-18 
   8412.911  2.7109432e-16   5.6119945e-18 
   8417.125  2.7149992e-16    5.779563e-18 
   8421.339    2.88973e-16    6.216227e-18 
   8425.553   2.948699e-16   6.3210078e-18 
   8429.767  2.8523276e-16   6.2806848e-18 
    8433.98    2.81486e-16   5.8942847e-18 
   8438.194  2.8600777e-16      5.5334e-18 
   8442.408  2.7461917e-16   5.5594453e-18 
   8446.622  2.7595171e-16    5.630327e-18 
   8450.836  2.7621742e-16    5.692848e-18 
    8455.05  2.6947241e-16    5.932398e-18 
   8459.264  2.7145458e-16    5.993702e-18 
   8463.477   2.703437e-16   6.0043407e-18 
    8467.69  2.6294256e-16    5.865937e-18 
   8471.904   2.661545e-16    5.549884e-18 
   8476.118   2.742052e-16     5.41376e-18 
   8480.332   2.757512e-16    5.470593e-18 
   8484.546  2.6957387e-16    5.506172e-18 
    8488.76  2.6828085e-16     5.52806e-18 
   8492.974   2.707885e-16   5.7020496e-18 
  8497.1875  2.7426456e-16     5.80372e-18 
   8501.401   2.735778e-16   5.7591453e-18 
   8505.615   2.742296e-16     5.74342e-18 
   8509.829  2.8472687e-16    5.633732e-18 
   8514.043  2.7779682e-16    5.493337e-18 
   8518.257  2.7996437e-16    5.494377e-18 
   8522.471  2.8352228e-16    5.507554e-18 
   8526.685  2.8066635e-16    5.523323e-18 
   8530.898  2.8037683e-16   5.5656165e-18 
   8535.112  2.8187568e-16   5.5842053e-18 
   8539.326  2.8077258e-16   5.6717624e-18 
    8543.54  2.8820894e-16    5.720034e-18 
   8547.754   3.036148e-16   5.7662727e-18 
   8551.968  2.9214248e-16   5.6784894e-18 
   8556.182   2.894153e-16   5.5919407e-18 
  8560.3955  2.9639022e-16    5.633757e-18 
   8564.609  2.7838913e-16    5.549556e-18 
   8568.823  2.8539637e-16   5.6000673e-18 
   8573.037  2.9316994e-16      5.6507e-18 
   8577.251   2.899379e-16    5.644482e-18 
   8581.465  2.9272217e-16   5.6976043e-18 
   8585.679  2.8442498e-16   5.6705237e-18 
   8589.893  2.9880988e-16    5.780922e-18 
   8594.106  2.8788715e-16   6.1937357e-18 
    8598.32  2.9895003e-16    5.937427e-18 
   8602.534   3.054531e-16   6.7860702e-18 
   8606.748   3.295453e-16     6.48078e-18 
   8610.961  3.2107885e-16   5.9401775e-18 
   8615.175  3.1640791e-16   6.0098994e-18 
   8619.389    3.14693e-16    6.058775e-18 
   8623.603  3.0659954e-16   6.0952193e-18 
   8627.816  3.1253208e-16    6.142387e-18 
    8632.03  3.0841873e-16   6.0579478e-18 
   8636.244  3.0089927e-16   5.9671668e-18 
   8640.458  3.1045282e-16   6.0356776e-18 
   8644.672  3.1291411e-16   6.0915243e-18 
   8648.886  3.2045657e-16   6.1916892e-18 
     8653.1  3.2049948e-16   6.2247442e-18 
   8657.313  3.1762036e-16   6.2082957e-18 
   8661.527   3.176368e-16   6.1848704e-18 
   8665.741   3.153183e-16    6.151862e-18 
   8669.955   3.220691e-16   6.1531646e-18 
   8674.169  3.1368044e-16   6.0726774e-18 
   8678.383  3.1871317e-16   6.0533412e-18 
   8682.597  3.2438778e-16   6.0716087e-18 
   8686.811  3.1385707e-16   5.9831186e-18 
   8691.024   3.125042e-16    5.975087e-18 
   8695.238  3.1687198e-16   6.0332804e-18 
   8699.452  3.1781478e-16   6.0703274e-18 
   8703.666  3.1080225e-16   6.0180123e-18 
    8707.88  3.1391494e-16   6.0274335e-18 
   8712.094  3.1431926e-16   5.9927316e-18 
   8716.308  3.2149257e-16   6.0293244e-18 
   8720.521  3.2085346e-16   6.0462453e-18 
   8724.735  3.0402607e-16   5.9747764e-18 
   8728.949  3.2382639e-16   6.0906706e-18 
   8733.163  3.2051864e-16   6.0963856e-18 
   8737.377  3.0269111e-16    6.082154e-18 
   8741.591   3.066279e-16     6.03374e-18 
   8745.805  3.1742951e-16   6.1146945e-18 
   8750.019   3.255435e-16    6.445262e-18 
   8754.231  3.1775748e-16    6.737562e-18 
   8758.445  3.0986096e-16    7.148846e-18 
   8762.659  3.2173257e-16     7.30586e-18 
   8766.873  3.1420616e-16   7.3686796e-18 
   8771.087  3.1281821e-16    7.341929e-18 
   8775.301  3.2234074e-16     7.10929e-18 
   8779.515  3.3681633e-16    7.124985e-18 
   8783.729  3.3372068e-16   6.7356796e-18 
   8787.942   3.296462e-16   6.5002926e-18 
   8792.156  3.4239721e-16     6.54828e-18 
    8796.37  3.3515172e-16    6.357752e-18 
   8800.584   3.247088e-16    6.236869e-18 
   8804.798  3.3362444e-16   6.3120887e-18 
   8809.012  3.3541359e-16   6.2999316e-18 
   8813.226  3.4476385e-16   6.6098456e-18 
   8817.439  3.5475069e-16    7.523464e-18 
   8821.653   3.366324e-16    7.984909e-18 
   8825.867  3.2646167e-16    8.265926e-18 
   8830.081  3.1527813e-16    8.030133e-18 
   8834.295  3.1166376e-16     7.18859e-18 
   8838.509   3.356353e-16     6.99535e-18 
   8842.723  3.4645117e-16   6.8625356e-18 
   8846.937  3.5302952e-16   6.6940625e-18 
    8851.15  3.4571517e-16   6.6617193e-18 
   8855.364   3.420177e-16   6.6572885e-18 
   8859.578  3.3897446e-16   6.8154103e-18 
   8863.792  3.3649488e-16   6.8771445e-18 
   8868.006   3.405362e-16    6.845154e-18 
    8872.22  3.4277901e-16    6.924277e-18 
   8876.434  3.7048673e-16    7.586141e-18 
   8880.647  3.6092984e-16    7.798783e-18 
   8884.861  3.4856933e-16     7.74423e-18 
   8889.075  3.4647716e-16    7.494166e-18 
   8893.289  3.2977767e-16    6.965095e-18 
   8897.503   3.315188e-16    7.016645e-18 
   8901.716  3.2411155e-16   6.9817055e-18 
    8905.93  3.4515195e-16    7.116979e-18 
   8910.144   3.408358e-16   7.6469274e-18 
   8914.357  3.2718077e-16    7.810373e-18 
   8918.571  3.2716854e-16    7.885382e-18 
   8922.785  3.4956118e-16    7.741105e-18 
   8926.999   3.367363e-16   6.9118683e-18 
   8931.213  3.4092915e-16    7.483673e-18 
   8935.427  3.6264188e-16     7.11138e-18 
   8939.641  3.4734677e-16   7.0910124e-18 
  8943.8545  3.4386957e-16    7.113986e-18 
   8948.068  3.3997946e-16    7.418831e-18 
   8952.282  3.3840798e-16    7.570444e-18 
   8956.496  3.3195197e-16    7.544885e-18 
    8960.71   3.323552e-16    7.402875e-18 
   8964.924  3.4466954e-16   6.9190023e-18 
   8969.138   3.512413e-16   6.6778026e-18 
   8973.352   3.475191e-16    6.714567e-18 
   8977.565  3.3765158e-16    6.737331e-18 
   8981.779   3.452843e-16   6.8991425e-18 
   8985.993  3.4505187e-16    6.894499e-18 
   8990.207  3.3150477e-16   7.0031485e-18 
   8994.421  3.3107273e-16    7.182929e-18 
   8998.635  3.3949036e-16    7.135888e-18 
   9002.849  3.4198656e-16   7.1299495e-18 
  9007.0625  3.3350893e-16   6.8165527e-18 
   9011.276  3.3535382e-16      6.6473e-18 
    9015.49  3.3607946e-16    6.674109e-18 
   9019.704  3.3817626e-16   6.6666047e-18 
   9023.918   3.367903e-16    6.725702e-18 
   9028.132  3.4190286e-16    6.876868e-18 
   9032.346  3.5057992e-16    7.024504e-18 
    9036.56  3.2548525e-16    6.962342e-18 
   9040.773  3.3893007e-16    7.204491e-18 
   9044.987  3.3483207e-16    7.141315e-18 
     9049.2  3.4060868e-16    7.175486e-18 
   9053.414   3.333741e-16   7.0644144e-18 
   9057.628   3.186629e-16   6.8723807e-18 
   9061.842  3.3142425e-16    6.886506e-18 
   9066.056  3.3105412e-16   6.8925433e-18 
    9070.27  3.2712193e-16   6.8456487e-18 
   9074.483  3.1888887e-16   6.7797233e-18 
   9078.697  3.2793722e-16   6.8387997e-18 
   9082.911  3.2578227e-16   6.8823305e-18 
   9087.125  3.1894292e-16   6.8827122e-18 
   9091.339  3.2047079e-16    6.943343e-18 
   9095.553  3.3034888e-16    7.042512e-18 
   9099.767  3.2790932e-16    7.023164e-18 
    9103.98  3.2151576e-16    7.012307e-18 
   9108.194  3.1940982e-16    6.978693e-18 
   9112.408  3.1261546e-16    6.873801e-18 
   9116.622    3.06947e-16   6.8744578e-18 
   9120.836  3.0838378e-16    6.893799e-18 
    9125.05  3.0517046e-16    6.880102e-18 
   9129.264  3.1513151e-16    6.948927e-18 
   9133.478   3.134849e-16    6.950559e-18 
   9137.691  3.1032608e-16    6.933632e-18 
   9141.905   3.265095e-16   7.1030454e-18 
   9146.119   3.114354e-16    7.059748e-18 
   9150.333   3.116233e-16    7.052776e-18 
   9154.547  3.0528957e-16    7.062202e-18 
   9158.761  3.0334772e-16   7.0928645e-18 
   9162.975   3.002617e-16   7.0803385e-18 
   9167.188  3.1007528e-16   7.1035665e-18 
   9171.402  3.0513883e-16   7.0793765e-18 
   9175.616   2.923096e-16    6.966707e-18 
    9179.83  2.9411324e-16   7.0644426e-18 
   9184.044  3.1954093e-16    7.189536e-18 
   9188.258   3.044636e-16   7.1590315e-18 
   9192.472  3.0115526e-16    7.175466e-18 
   9196.685  3.1166313e-16    7.285714e-18 
   9200.898  3.0791617e-16    7.270207e-18 
   9205.112   3.141655e-16    7.288194e-18 
   9209.326   3.000168e-16     7.28489e-18 
    9213.54  3.0205613e-16    7.358557e-18 
   9217.754  2.8712863e-16    7.355084e-18 
   9221.968   2.939543e-16    7.408421e-18 
   9226.182  3.0344323e-16    7.420708e-18 
  9230.3955  3.0149675e-16   7.4211964e-18 
   9234.609  3.0359122e-16   7.4212635e-18 
   9238.823  3.0072452e-16    7.438977e-18 
   9243.037    3.04033e-16    7.523737e-18 
   9247.251  3.0437271e-16    7.531908e-18 
   9251.465  3.0325034e-16    7.552504e-18 
   9255.679   3.066931e-16    7.613176e-18 
   9259.893  3.0933876e-16   7.6399774e-18 
   9264.106   2.987707e-16   7.5952725e-18 
    9268.32   2.822344e-16   7.5327525e-18 
   9272.534  2.9949436e-16    7.676163e-18 
   9276.748   2.899855e-16    7.570191e-18 
   9280.962  2.9968325e-16     7.61991e-18 
   9285.176  3.1649103e-16    7.744282e-18 
    9289.39  2.6688746e-16      7.4881e-18 
   9293.604   2.835738e-16    7.687661e-18 
   9297.817  3.1058472e-16   8.4262995e-18 
   9302.031  3.0389583e-16    9.143956e-18 
   9306.245  3.0216127e-16    9.780681e-18 
   9310.459  3.0207244e-16     9.82598e-18 
   9314.673  2.8016986e-16   9.9040394e-18 
   9318.887   2.593724e-16    9.114953e-18 
   9323.101  2.5153125e-16    8.556158e-18 
   9327.314  2.6062164e-16    8.429762e-18 
   9331.528  2.6846868e-16    7.905826e-18 
   9335.742   2.235393e-16    7.387583e-18 
   9339.956  2.5625748e-16    7.549051e-18 
   9344.169   2.677259e-16   7.4229286e-18 
   9348.383  2.7105367e-16    7.465705e-18 
   9352.597  2.6847937e-16    7.493953e-18 
   9356.811   2.675933e-16    7.461686e-18 
   9361.024   2.770414e-16   7.6347646e-18 
   9365.238  3.0852437e-16    9.328847e-18 
   9369.452  2.9788005e-16  1.05918765e-17 
   9373.666  2.7101685e-16   1.0806726e-17 
    9377.88   2.959324e-16   1.0757582e-17 
   9382.094  2.9736222e-16    9.486591e-18 
   9386.308  2.8764564e-16      8.3185e-18 
   9390.521   2.994923e-16    8.544632e-18 
   9394.735  3.0404608e-16    8.773418e-18 
   9398.949  2.9622667e-16    8.759527e-18 
   9403.163  2.9535004e-16    8.672716e-18 
   9407.377  2.9942493e-16    8.731987e-18 
   9411.591  2.7355345e-16     8.85003e-18 
   9415.805  3.0145916e-16   9.1319276e-18 
   9420.019  2.9742593e-16    9.069461e-18 
   9424.232  2.5942083e-16   8.7701295e-18 
   9428.446  2.7283717e-16    9.046762e-18 
    9432.66  3.1011327e-16  1.02225445e-17 
   9436.874  2.9109709e-16   1.0396049e-17 
   9441.088  2.7947434e-16   1.0497314e-17 
   9445.302  2.7293426e-16   9.5371385e-18 
   9449.516  3.0799897e-16     9.55441e-18 
  9453.7295  3.1140356e-16    9.642861e-18 
   9457.943   2.653839e-16    9.404701e-18 
   9462.157  2.7858818e-16    9.282238e-18 
   9466.371  3.0870185e-16   1.0056312e-17 
   9470.585  3.0569813e-16   1.0691396e-17 
   9474.799  2.9143018e-16  1.08323354e-17 
   9479.013  2.9326734e-16    1.077864e-17 
   9483.227  2.7700556e-16   9.7619555e-18 
    9487.44  2.8871862e-16    8.996423e-18 
   9491.653   3.003519e-16    9.360664e-18 
   9495.867    2.79555e-16    9.539301e-18 
   9500.081  2.6090256e-16    9.568566e-18 
   9504.295   2.973714e-16   9.8428405e-18 
   9508.509   3.166258e-16   1.0131353e-17 
   9512.723  2.9167577e-16  1.02068736e-17 
   9516.937  2.8330645e-16  1.01702816e-17 
    9521.15  2.6693497e-16   1.0694091e-17 
   9525.364  3.1326958e-16    9.853896e-18 
   9529.578  3.2957943e-16    9.610978e-18 
   9533.792  2.7823193e-16    9.317361e-18 
   9538.006  2.7000178e-16    9.325234e-18 
    9542.22   2.774932e-16    9.518379e-18 
   9546.434   2.769236e-16    9.766624e-18 
   9550.647   3.138927e-16   1.0009493e-17 
   9554.861  2.7315283e-16   1.0047653e-17 
   9559.075  2.6588608e-16  1.04315375e-17 
   9563.289  2.9098345e-16   1.0654057e-17 
   9567.503   3.192898e-16   1.0837318e-17 
   9571.717  2.9321575e-16   1.0323853e-17 
   9575.931  2.7322424e-16    9.776643e-18 
   9580.145   2.835984e-16    9.688003e-18 
   9584.358  2.7750123e-16    9.511232e-18 
   9588.572   2.519561e-16     9.46736e-18 
   9592.786  2.6213793e-16    9.535463e-18 
     9597.0   2.783565e-16    9.872544e-18 
   9601.214  2.9211064e-16     1.00853e-17 
   9605.428  2.9570645e-16   1.0166024e-17 
   9609.642  2.8201213e-16  1.02756065e-17 
   9613.855  2.7726583e-16   1.0361415e-17 
   9618.069  2.7418576e-16  1.03056935e-17 
   9622.283  2.6289748e-16   1.0244291e-17 
   9626.497   2.639122e-16  1.01430045e-17 
   9630.711    2.75135e-16  1.00717445e-17 
   9634.924  2.7002624e-16     1.00865e-17 
   9639.138  2.6427214e-16   1.0047823e-17 
   9643.352  2.7219563e-16   1.0165947e-17 
   9647.565  2.4866735e-16   1.0068544e-17 
   9651.779   2.540993e-16   1.0193008e-17 
   9655.993  2.7100438e-16   1.0404936e-17 
   9660.207   2.673268e-16  1.05479135e-17 
   9664.421  2.5712649e-16  1.07571604e-17 
   9668.635  2.8897244e-16   1.1053957e-17 
   9672.849  2.5503384e-16  1.11518985e-17 
  9677.0625    2.53566e-16   1.1310333e-17 
   9681.276  2.4689266e-16    1.126942e-17 
    9685.49  2.3836952e-16   1.1298379e-17 
   9689.704  2.4992978e-16   1.1585369e-17 
   9693.918  2.1543301e-16   1.1615458e-17 
   9698.132  2.4140132e-16   1.1813358e-17 
   9702.346  2.5493222e-16   1.2037787e-17 
    9706.56  2.5271016e-16   1.1814904e-17 
   9710.773  2.6238886e-16   1.2325024e-17 
   9714.987  2.6522658e-16   1.2657426e-17 
   9719.201  2.7232615e-16   1.2660049e-17 
   9723.415  2.6995583e-16   1.2314234e-17 
   9727.629  2.3061838e-16  1.17331095e-17 
   9731.843   2.386359e-16   1.1660732e-17 
   9736.057  2.3722537e-16   1.1652894e-17 
  9740.2705  2.4004744e-16   1.1686709e-17 
   9744.484  2.4843074e-16   1.1579278e-17 
   9748.698  2.3206522e-16   1.1373907e-17 
   9752.912  2.3128748e-16  1.13746375e-17 
   9757.126  2.2760842e-16   1.1306637e-17 
    9761.34  2.5919184e-16   1.1559676e-17 
   9765.554  2.6550973e-16   1.1651008e-17 
   9769.768  2.7284151e-16   1.1897758e-17 
   9773.981   3.055271e-16   1.2257665e-17 
   9778.195   2.965921e-16  1.31431125e-17 
   9782.408  3.0792843e-16   1.4914265e-17 
   9786.622  3.0287598e-16   1.5895882e-17 
   9790.836  3.1163838e-16   1.6432088e-17 
    9795.05   2.630106e-16   1.5521561e-17 
   9799.264   2.582369e-16   1.4213946e-17 
   9803.478  2.4391547e-16  1.36679445e-17 
   9807.691  2.5387838e-16   1.3458924e-17 
   9811.905   2.400047e-16   1.3198232e-17 
   9816.119  2.6716475e-16   1.3271643e-17 
   9820.333   2.381462e-16   1.3074451e-17 
   9824.547   2.423208e-16   1.3153451e-17 
   9828.761   2.281242e-16   1.3032423e-17 
   9832.975  1.9982513e-16   1.2849418e-17 
   9837.188  2.5269762e-16   1.3631845e-17 
   9841.402    2.76964e-16   1.4418453e-17 
   9845.616  2.4546297e-16   1.4413597e-17 
    9849.83  2.4111656e-16   1.4420562e-17 
   9854.044  2.3073315e-16   1.4016575e-17 
   9858.258  2.4493347e-16   1.4371552e-17 
   9862.472  2.7294454e-16   1.5969223e-17 
   9866.686  2.4302214e-16   1.6912905e-17 
   9870.899  2.3314606e-16   1.7368619e-17 
   9875.113  2.0161222e-16   1.6861903e-17 
   9879.327  2.0418317e-16   1.5371823e-17 
   9883.541  2.4658503e-16    1.527067e-17 
   9887.755  2.5586997e-16   1.5791642e-17 
   9891.969  2.4479697e-16   1.5833714e-17 
   9896.183  2.2572287e-16   1.5789584e-17 
   9900.396  2.1983928e-16   1.5646312e-17 
    9904.61   2.381246e-16   1.6714538e-17 
   9908.824  2.1448153e-16   1.7825772e-17 
   9913.038   2.218572e-16   1.8280245e-17 
   9917.252   2.383733e-16   1.7994747e-17 
   9921.466  2.5902898e-16   1.6607074e-17 
    9925.68   2.183688e-16   1.5524532e-17 
   9929.893  2.2764153e-16   1.5991616e-17 
   9934.106  2.1734012e-16   1.7047612e-17 
    9938.32  2.1055423e-16    1.857807e-17 
   9942.534   2.378934e-16     1.94049e-17 
   9946.748  2.0720637e-16   1.9625403e-17 
   9950.962  2.1686334e-16   1.9682771e-17 
   9955.176   2.476215e-16    1.988581e-17 
    9959.39   2.396394e-16   1.9561167e-17 
   9963.604   1.855984e-16   1.8545919e-17 
   9967.817  2.1329903e-16   1.7459106e-17 
   9972.031  2.3911997e-16   1.6879183e-17 
   9976.245  1.9538562e-16   1.6352223e-17 
   9980.459  2.0551022e-16   1.6078902e-17 
   9984.673  2.1805521e-16   1.6034481e-17 
   9988.887  2.1987263e-16   1.5952324e-17 
   9993.101   2.130255e-16   1.6202255e-17 
   9997.314  2.1152675e-16   1.6089285e-17 
